0100000100010010001000010100100000110010101100000110100000000111011010100000000000100111001100110010000010100011101000010100010000001000100100000000100100001010110011001000000000001001001010000000000000000001000000000010000000000101000000011000000100000000
0000010010000101011000001001100000111001111110001010000100000100011100100000100010101111011100110001000110101100001010011000110001001100010101000000011100001011110100101010000000001110100111001000000001000000000010001000000000000111000001001000001000100100
0010001010000010000110000000010110000101111100111110010100000110111100000000101110101001101100111010000101000100011010010110110000000010100010010000100001000010011000101101011000101001000111001000011100100000100001000000010010000000010000100000011000000001
0000000011111011010010010011011100101001101101001011101001011100001001001100111010101110101011000111000110100101001101011100101000101000100010100000001101001011000110000101001000101100001100100010001000000111000000000000000000010000000000000000001001000010
0100000100001101111010000010111100100101110011110111000111100010011110101100101110011101101011110011100110011111101111000110001011100010110110010111010110100010000011010001110000100110000010000000001000000000000000110000000000000000010000000010001001010000
1011101000011110011011100010100110000111101111011111100100111110101111111011011101101000001011011010100110111111101101111011100101000011010011101110001011111011100011101110011011011110000000100100000010100011100000000001110000011000011010000000000000000000
0011000011011001001101110000000000110111011111111100100100011001011111111110101111111111000000111011111110111111011101111110111011011011101001101011100001011011101111011111101111000011010011000111100000100100000000000111000101000000011001000000001100001000
0001000010011111010111100011010100111010111001111011110111001110111011001010110010111011011011011111111100111111111110101111110111110101101110110110100101111101011111010111001101101000100111000011000100001100011000000001001100001000011011000010000110000100
0000010000100100000001100101110111110001001101000110010110110100111111111110111011101111100011010111010110111111111111001011000000111011111100101010101100101100111000011111111010011100111110011001000110100000110000000111011010010000000110010000000010010100
0000000000110000100011000010100001001110001111111101011111101111101101111111110101110111111111101101010011100100001111001111110111101111011111101111110111010010010111000010100110100101110000001000010001010000010010110010100001000100000000101111000001000000
0100010101000100000101110010011100101011111111111111111111101110101110001100111101001111110111111111011101111111101111111111110111101111111111101010100110111101101100110000110000101000010111010001100000110000110100010100100010001000010000001011000000000000
1011010000101100011110111000010100100001010111101111101010001010000000011111100110111111111111011101010111111110111111101110111110101111111110111100000011000010000001110110111110011111000001001000110010000001001100110000000000111101110000000000110110100000
0111101010000011111010100011000001110011100100010111100101001111010011111111001111010011111101111011111000101111100101101111101110011111100101010111111111101101011110101011111111000110010000001001100000110000100000001101010011000000010110100000010011011100
0001110000101000011100111101011010010011001100111110100101001111111100100101101011101101000111111011111101111111111111111111111111011111110011010111111101110011110101010111011011111101000011100001100100111110010000000001101101100000000100000110000100001001
0111111101101001111011000101010101111011111011101101100100111000011111111111001011111111111111101101111101111100111011111111011011111101111111111110110000011110001111011111110100001101001101100011110111101100101001001011001101110001000010000011100000000000
1101010000000001000111111111001011100011011011110111101111111010111111101011011011111111111110111111111111111011011111111111111110111111111111110111100101001111000011110111110100011000011111000010101111000000100000111010100111100000001100000000101000000000
1100110000000110110111001000110100111001100001111110001111011110100111111101111111011111111111101110000111111110111101111001111111111011111111100111111010100100111111011100110000010000111001111111011110100011111111100000011011001000000010000000000000000010
1000111001000110000011010101101000110111010011111001111110111111110111111111111111011111111111111111001111111101001111111011111111101111101010111011110001101111111011001111101111101110000110010101010001111110101111100000100100000100000000001000100000001100
1011101011110100111100000101110101011110010101111101101111011111000111111111101011110011111111111111111111101111111111111011110111110111011001111110101111111011100110010011110111111101111101011010000111110011001000100000001101000000100100010100000000110101
0110111000000001111001110111001001110111010110101101111111100110110111101110101111111011011110111100110101011111111111111111001111111010111111111101111110101111101011100101111010001101000000100011101000101011001011000111000100011000001010000101000100100011
1101010001111100010110101011010111011100110010110000010111001111011111101111011101101111111011111111111111110111111111111111111111111111101111111111111011101111111110001111011111101011000101001010010010010100100110110110000000011100000000000001011001000000
0010010110110010111000100110000001111100010111011011011111110111110110111111110111111111110011111011011111110011111111111011111101110111111111111111111101000111101111111101011110100110001110101000000101100100110001110000000100000000001000000000001010000110
1110010110111011011100110100111110111111111111011111101011011111111111101111111101110101110011010011101111101111111111111111111111111111111111111111111011111111111111111001111100101111100111011001011010110110111010001001000001100010001010000001110010000000
1000101101101111010111101111111010111100001011111111111110011111111111111111111111110110011101111111011111111111101111111111011111111101111111111101110100111111111001111101101110111011010111011001111001001011010010100101001010100001001000001001011100011001
1000100101110101111111001110110111011111111101111111101111111111111110011101111111111111111110111111110111111111111111111111111111111001110111111011111111101111110011111111011011111100111101111000001001011010011111010110001000010010000001011000001010100001
1011100011011000000011010111110101010011111111111111010011111111011111111111111111111111110111101111111111101111111110111110111111101111101111110111111111111101101111111101011111101011010011100011000011001000001011000001000101100110000110000011001000000010
1011010010100111110010111111111110110111111100111001111100111111111101110111111111111111111111111111111111111111111110111111111111111111111111111111111011111110111101111111111111010011100110110011001010110100110001000111111011000101000000011100000000001100
1101110110001111101010000100100110101110111001011111101111010111100110111111111111011111111111111111111011111111011111111010111111111111111111111101101111111111010100110111000110011111001111000101000010011110001001010000111001000000110001000000001000010001
0000101101101001101011101011100111110001101111100011001111011111111110111111111111011111111111111111101111111111111111111111111111111111111111111110111111111111110110100101101011011100001101111111001101111101111000100000000000000010000001100000000010000000
0001110101011111000110001011001011101111010110101111111111111111111101111110111111111111111111111101111101111111111101111111111111111111111110111111111011111111101111111111111111111111101110110110101011001011100011000011011000001100000011100001011110000000
1101111011101110010010111111111011111111111111111110111110101011110011111111111111101111111111111111101111111111110111011111110111011111111111111110101111111101111111111010110101101110011100000011111110100111001001000000000000101000000000100000101110000010
1101101100001111110110111110011011101110111010111111111011111011101111111111111111111111111111111111111100111111111101111011011110111111011101111111110011101111111111111101111111111100010110101011001111111101000101110111110000101111000011000000000000000001
1101010101101101011111110101011100111100101111100101111111111011111011111111111111111110111111111111011111111111111111111101011111111001111011111111111110111111101111111011010011100011010110110001110110011110011111011001000010101101000110101000000001000101
1100010100100011010011010111011111101111111111110110111111111111111111111111111111111111111111110111111111111111001110111111111111111110111111111111111111010111111101111101101001111111110111110100011010001000001100100110011000100000110001100000010000001100
0110100111001011011111111111111111111110011001111111001101111111111111111111101110011111111111111111101011111101111111111111111111110111111111101111111111111111111110111011111011110011101011101111010000000111000110000011000010110100010100100100000000000001
0011100011000011101101111111010111111101011011111111111111111111111111111111111111111101111111111111111111111111111111111011011111111111111101011011011111101111101111111111111111111101111111110011100010100011001110111111011000000001100111011000010100000000
1010101001010110110111111001111101111110111111111111111110011011011111110111111101111111111111111111111111111111111111101111111111111111111111111111111011111111111111111011111110011010101100101100011001101011010100010000011001001100001100000001001000010000
0111100011010010111111111010110111101111101111111111110111111111111111111110111111111111111111111111101111101111111111111111111111111111111111101111111111110101111111111111110100010010111111101000001100001000101100010001101001010000001111100101101011000110
0101111001111111110100111111111111011111111100111111101111101111111111111111111111111111111111111111111111011111111111111111111111111110111111011111111111111111110110111111011111111100111001111111100001111110101110000100110100000001000001000001100000110010
0010111001111111110111010111111111111111111111111011111110111111111111111101111111111111111111111111111111111111111111110111111111111111111111111111111100111111111111111011111111111100011111110101110110010000000001000010011011101000000000010011100101000000
0011110101110101111001111110111001111110011111111111111111111111010111111111111111111001111111111111111111111111111011111111111111111110111111111111111011111111111110000110111110110110101111110110111011010101011010010000110100110001101010111000001000110000
0110011100111111111111111101111101011111111111111111111111110101011111111111111111111111111111111111111111111111111111111111111111111101011111111111111111111100111111111101101111101011101110110000101000101010110111001001111010011001000110011000000011000110
1100101000101011111111110111100111111101101111111111111111111111111111111111111111111111111111111111111111111111111111111101111111011111111111111111111111111111111111101101111110101111111101111101101110000111101011111010000100010110010100110110100010000010
1011111101101010111011110101111111101111111111111111011111111111111111111111111111111111111111111111111111111111111111110111111110111111111111110111111101111111111111111011111101111011011011110111110100111011001110110010010100100100100110000000000100001000
0011111000111110110011110010000111111111101111111100111111110101111111111111111111111111111111111111101101111110111111111111111111111111111101011111111111101101111111111110110111111110111111110111011111111001001000010100111110001000000001000101000101000001
1111111111101001100111011111111111111111111111111111111111011111101101111111111111111111111111111111111011111111101111111111111111111101111111111111111110111111111111111101011010011011111110111100100111011100101111011011110000001000101110011000010010000001
1110001101001111110111111110111111011110110111111111110111111111111111111111111111111111111111111111111111111111111111101111111111111111111111111111111111111110111111001111111111111101101110111001101010000011101001111001010110010100011100000001010000000000
1100101111101111111111111111011111111111111111111111101111111111111111111111111111111111111111111111111111111111111111111111111111111111101111111111111111111111101111111110111110011101111111110111110110111101011001100010111101000100010101001011100000000001
1011011101111111111011110110111011100101111110111110111111111111111111111111111111111111111111111111111111011111111111111111111111111111111111011111111011111011111111111111110110001010010111110111110000101111100001110010010010111000111010100101010000101010
0111001110111111111111111101111111100111111111111111111111111110111011111111111111111111111111111111111111111111111111111111111111111111011111111111101111111111111110101111111110010110111110110110011111011111000101110110010001100001010000100100010000000000
1111001011011111001111111101011111101111011111011111111111011111111110111111111111111111111111111111111111111111111110111111111111111111111001111111111111111011111100011111111111110111111111101110010110111101011011000110110000110001110010101000110010000010
0111111111101111110111111111111110111111011111111111111111111111111111111111111111111111111111111111111111111111111111111111111111111110111111111011111111011011111111111110111110111011110111111111010111001111111011011001001111100111111011000110101000010011
1111011111011011110100111111110111110111111010111111111111111111111011110111111111111111111111111111111111111111111111111111111111111111111111111111111111111111111111111111111111110011111111111000110101110010001010001000011110000000001100001100001100000100
1101110110111110111111111111111111110111111111111111111111111111111011111111111111111111111111111111101111111111111111111111111111111111111111111011101111111111111111111111111111111010100100101111011101101111101110001110100111011000100000001100001010000000
1101101111111111111111110111111111100111110111111111111111111110111111111111111111111111111111111111111111111111111111111111111111111111111111111111111110111111111101101111111111111111000110111111011111111111001001001100011101000010100000001100011000000100
0111101111101111111010110111110111011111111111101111111111011111111111111111111111111111111111111111111111111111111111111111111111111111111111111111111111111110011111111111100011111111110111111110111110000001001111100100011101010000011000000001010011100011
1111101011010101101110101111111111111110111111111111111111111111111111111111111111111111111111111111111111111111111111111111111111111111111111111111111110111111111111011111111111111110110011110011101111111110101101111100001110000100000000000101001000010001
1101001111000111110111110110111110101111011011111111111111111111111111111111111111111111111111111111111111111110111111111111111111111111111111111111111111111111111111111111101110111111111111010111001110001100110111100001101001010100111000100001101000100000
1111111111110111101111111111111111111111111111111111111111111111111111111111111111111111111111111111111011111111111111111111111111111111111111101111110111111111111011111100111111111110111111101110111011111001011100000001110111110000000001110001001000001111
0111111111111111011111111111111111111111111111111111111111111111111111111111111111111111111111111111111111111111111111111111111111111111111111111111111111101111111111110110101111110111011101111111111101111111100101100010011101001101100001001100100000000010
1001110010101111111111111011111111111111111111111111111111111111111111111111111111111111111111111111111111111111111111111111111111111111110111111111111011111111111111101111111110111111110011111110011001111110010001111100101101010001100000010010000000010011
1111011111111011101110001111101111111111111111111111111011111111111111111111111111111111111111111111111111111111111111111111111111111111111111111111111111111111111101111111111111110111101111010110111110101110110111011011111110011000100000001100100001100100
1111110011110110010111111111101011111111111111111111111111111011111111111111111111111111111111111111111111111111111111111111111111111111111111111111111111111110101101111111011111111111111110010101111111111100111011100110111110011010101011111100101101110001
0011011111111101111101111111111111011111111111111111111111111111111111111111111111111111111111111111111111111111111111111111111111111111111111111111111111111111111111111111111111111111111101011111101110111001000111110100100000011101110000100010001000011001
1100111101011111111111111111111111111111111111101111111111111111111111111111111111111111111111111111111111111111111111111111111111111111111111111111111111111111111111111111111011011110111011111111111001101111110011101110101010010000011000000010101001010010
1001111101111111111111011111111111111111111011111111111111111111111111111111111111111111111111111111111111111111111111111111111111111111111111111111111111111111111111111111111111111111110100111101111110110101011101101001011100001101000111010111100000111010
0111010111101111111111111011110111111111111111111111111111111111111111111111111111111111111111111111111111111111111111111111111111111111111111111111111111111101111111111111111111111011111110111001101111110110110111101110110000000010110110000000000000110000
1110111001101110111011111111011110111111111111111111111111111111111111111111111111111111111111111111111111111111111111111111111111111111111111111111111111111111111010111111111111111111111111111111111111101111110100101111111100100101110100110100100000000100
1111111111111111111111111111101111111111111111111111111111111111111111111111111111111111111111111111111111111111111111111111111111111111111111111111111111111111111111111111111111111101010011110101010111011010000110110010000111000100010000000011000000010101
0111111011111011111111101111111110111111111111111111111111111111111111111111111111111111111111111111111111111111111111111111111111111111111111111111111111111111111111111011111111111111011111111111001100111000011111101010100011011100010000010110001011000000
1100101011011111111110110011111111111111111111111111111111111111111111111111111111111111111111111111111111111111111111111111111111111111111111111110111111111111111111111111101011101101111011011101101111111111101111011100011100001110110000111101000110010010
1111111001011111111111111111111111111111111111111111111111111111111111111111111111111111111111111111111111111111111111111111111111111111111111111111111111111011111111111111111101111110111010111000111110111101100011111111011100100110110000010110010000100001
1111111111010110111011111011111111111111111111111111111111111111111111111111111111111111111111111111111111111111111111111111111111111111111111111111111111111111111111111110111111010100011111110011011110110111100100101101111110001111000100111111000110000000
1011110111101111101111111111111111111111111111111111111111111111111111111111111111111111111111111111111111111111111111111111111111111111111111111111111111111111111111110011111111111111101110111111111111110111001100111001101110100000110000000100000100100001
1110101001110011111011111111111111111111111111111111111111111111111111111111111111111111111111111111111111111111111111111111111111111111111111111111111111111111111111111111111111111111101010110101001011111111110101111101010111001001100001010101000011110010
1110011110111111111011111111111111111111111111111111111111111111111111111111111111111111111111111111111111111111111111111111111111111111111111111111111111111111111111111111011111111111111111111110010111111111111011001100000000001000101001000100111100010010
1111111111011111111111111101111111111111111111111111111111111111111111111111111111111111111111111111111111111111111111111111111111111111111111111111111111111111111111011111111111111110111111011101111111011110001100110111101100001101110110101010100000001001
0101001111110111111111011111111111111111111111111111111111111111111111111111111111111111111111111111111111111111111111111111111111111111111111111111111111111111111111111111111111111100010110111101101111111111111000111100100001101010011111011010001110101110
1111111111111111011111111011111111111111111111111111111111111111111111111111111111111111111111111111111111111111111111111111111111111111111111111111111111111111111111111111100111110111111111110111111111101110110110011010000110011010001110011001001100100001
1111101011111111111111111111111111111111111111111111111111111111111111111111111111111111111111111111111111111111111111111111111111111111111111111111111111111111111111111111111111111011011111111101111111101010110111110100011101110000010111010101000001000000
1011001111111111111111111111111111111111111111111111111111111111111111111111111111111111111111111111111111111111111111111111111111111111111111111111111111111111111111111111111111111111011111111110011100111010100010001111110110001011011100010111000001100001
1111101111111111110111110111011111111111111111111111111111111111111111111111111111111111111111111111111111111111111111111111111111111111111111111111111111111111111111111111111111111111011111111110011111101110111001111100010100001101111010100101100000001000
1101111111111111111111111111111111111111111111111111111111111111111111111111111111111111111111111111111111111111111111111111111111111111111111111111111111111111111111111111111111011111111111011111111111101101110111101111001001010110101000001101000011000010
1110011111110100111111111111111111111111111111111111111111111111111111111111111111111111111111111111111111111111111111111111111111111111111111111111111111111111111111111111111111101110110111111111111110111101110111100010101010110001101010000100000011110001
1110110010111101111111101111111111111111111111111111111111111111111111111111111111111111111111111111111111111111111111111111111111111111111111111111111111111111111111111111101101111111111111110111010111011111100000110001101111010000000011010011000011101010
1111100111111111111111111111111111111111111111111111111111111111111111111111111111111111111111111111111111111111111111111111111111111111111111111111111111111111111111111111111111111110110110111011110101110000111110011110010011011001000011100001101100100010
1011111111111100111101111111111111111111111111111111111111111111111111111111111111111111111111111111111111111111111111111111111111111111111111111111111111111111111111111111110111111111011111111111111111101001100111101011111100000100001001111010010001001000
1101001100110111111111111111111111111111111111111111111111111111111111111111111111111111111111111111111111111111111111111111111111111111111111111111111111111111111111111111111111101111110110111111111111111101111011010011010001100100000000000001100000100010
1111001111111111111111111111111111111111111111111111111111111111111111111111111111111111111111111111111111111111111111111111111111111111111111111111111111111111111111111111111011111101111110111111111011111101110111010110001000000101011010111011110001000100
1011110111111111101111101111111111111111111111111111111111111111111111111111111111111111111111111111111111111111111111111111111111111111111111111111111111111111111111111111111111111111111101111111011101101111110100110101111000111111001100001010011000000010
1101111111011101110111101111111111111111111111111111111111111111111111111111111111111111111111111111111111111111111111111111111111111111111111111111111111111111111111111111111110111101111111001110111011111101111110110011010000100100010001010000010000100010
1101101010110111111011111111111111111111111111111111111111111111111111111111111111111111111111111111111111111111111111111111111111111111111111111111111111111111111111111111111111100100111111110101011111010100111001110100010000100111000000111100001000011010
0101111110111111011101111111111111111111111111111111111111111111111111111111111111111111111111111111111111111111111111111111111111111111111111111111111111111111111111111111011011111111111011111101110111010101011111100110111110110011110101100101000110001110
1100111111110011111110111111111111111111111111111111111111111111111111111111111111111111111111111111111111111111111111111111111111111111111111111111111111111111111111111111111111110100111111111110111001110111110001111111111000100000000111000111111000011000
1110111010111111011111111111111111111111111111111111111111111111111111111111111111111111111111111111111111111111111111111111111111111111111111111111111111111111111111111111111111111111111111111100010111010111101010110101100011001001100001101010101011100000
1110111111111101101111111111111111111111111111111111111111111111111111111111111111111111111111111111111111111111111111111111111111111111111111111111111111111111111011111111111111111111101110001110111111111111110110100110011010101000111101001100011100000000
1111111111111111111111111111111111111111111111111111111111111111111111111111111111111111111111111111111111111111111111111111111111111111111111111111111111111111111111111111111111111111101101010110111101111111010111110011011011111110101110001101000001101001
1111111110011110111111110111111111111111111111111111111111111111111111111111111111111111111111111111111111111111111111111111111111111111111111111111111111111111111111111111111111010111111111111101111110110101101111010111010101100100110010111101100000001110
0111001100111110111111111111111111111111111111111111111111111111111111111111111111111111111111111111111111111111111111111111111111111111111111111111111111111111111111111111111111011111111110101110100111110100100011000111100001000010010000111010100100010111
0111001110001101111111111111111111111111111111111111111111111111111111111111111111111111111111111111111111111111111111111111111111111111111111111111111111111111111111011111111111111111011011011111111111100111111100110111111010010001001100001010100000010000
1001010011110111111111111111111111111111111111111111111111111111111111111111111111111111111111111111111111111111111111111111111111111111111111111111111111111111111111111111111111111111110101101010110111111010011111111000011111010011100000000101001000100000
1011101001111101111111111111111111111111111111111111111111111111111111111111111111111111111111111111111111111111111111111111111111111111111111111111111111111111111111110111011111110111101111111111110111001100110110101100010101110101101000111001100000011000
1111001001111101111101111011111111111111111111111111111111111111111111111111111111111111111111111111111111111111111111111111111111111111111111111111111111111110111111111011111111111011110111110101111011111111110101001000010110011101000000101000000000010010
1011111000111101111111111111111111111111111111111111111111111111111111111111111111111111111111111111111111111111111111111111111111111111111111111111111111111111111111111111101111111101111111111111111111011000010010100000011010110100100101101110001000010000
1101111111111111111111111111111111111111111111111111111111111111111111111111111111111111111111111111111111111111111111111111111111111111111111111111111111111111111111111111111101111111101111110111101101111111111010001111000000000001111011001000001001000010
1111111111011111111111011111011111111111111111111111111111111111111111111111111111111111111111111111111111111111111111111111111111111111111111111111111111110111111111111111111011111111111100111111011111111111011010100010110111011100000110110010101000101011
1111111111111010111111110111111111111111111111111111111111111111111111111111111111111111111111111111111111111111111111111111111111111111111111111111111111111111111111110111111111111111011001111111101011001111100110111100000101111110100100010000000011010011
1110111101110101111111111011111111111111111111111111111111111111111111111111111111111111111111111111111111111111111111111111111111111111111111111111111111111111111111111111111111111111111110111111111011110111100110011000010101110111110110011000000101000011
1111010011111111111111111011111110111111110111111111111111011111111111111111111111111111111111111111111111111111111111111111111111111111111111111111111111101111111111111111110111111111111101111101111101001101111110110010000111010011110100010010111001100010
0111110011011111110111111111111111111111111111111111111111111111111111111111111111111111111111111111111111111111111111111111111111111111111110111111111111111111111110011111110111111111111101111101001101111111111100101101011110111001011000010111100000001011
1110111101100111111111111111111111111111111111111111111111111111111111111111111111111111111111111111111111111111111111111111111111111111111111111110111111111111110111110111101111010111111111111101111011000111001100111011010011000100111001111100101000011000
1110100111110011101111111111111111111111111111110111111111111111111111111111111111111111111111111111111111111111111111111111111111111111111111111111111111111111111111111111111100111111101011111111010111111100111110111111110111011000001000010101101000101101
1110111101111011110111111111111111111111111111111111111111111111111111111111111111111111111111111111111111111111111111111111111111111111111111111111111011111111111111111111101111111111001101010101111111111100011000100000111100111000110000111011111110100001
1111011111010111101111111111111011111111111111111111111111111111111111111111111111111111111111111111111111111111111111111111111111111111111111111111111111111111111111111111111111111111011110101010110111110110110000010000111111111101111010101001000110100001
1100011111011001101111111111011111011111111111111111111111111111111111111111111111111111111111111111111111111111111111101111111111111111111111111111111111111111111111101111110011011011111110111011111110110110101000111101100011110011010101101010101100010000
1110111110111111010111111111111111111001111111101111111111111111111111111111111111111111111111111111111111111111111111111111111111111111111111111111111111111111111111111111111101111111111111111111001111111100011010101001000100010000000101100111100100000001
0100011111101101101111111111011111111110111111111111111111111111111111111111111111111111111111111111111111111111111111111111111111101111111111111111111111111111011111111111111111111011111111111101011110101011010101101101011000110010010010110000101000011000
1110001101011111101110111101011101111110111111111111111111111111111111111111111111111111111111111111111111111111111111111111111111111111111111111111111111111111111111111111111111111111111110111011001100101001010110110010000010010011000010010011101101100100
1001000111111111101011111111111111111011111111111111111111111111111111111111111111111111111111111111111111111111111111111111111111111111111111111111111111111001111111111111011111111111011111110111110111111010101110101111111110100111010010000000010000001000
1100101101110111111111111101111101111111111111111111111111111111111111111111111111111111111111111111111111111111111111111111111111111111111111111111111110111111111110111111111111111101101101110001001001101001010001111111101111101111001000000100000100110101
0111111111101111110010010101111111111001111111111111110111111111111111111111111111111111111111111101111111111111111111111111111111111111111111111111111111111111111111101110111010101111111111111111101110010000111000100011101101001110001011100001001000000011
0100111101111101011111111100111111111111111111111111111111111111111110111111111111111111111111111111101111111111111111111111111111111111111111111111111111111101111101111011111111111011111111111010100011111011110101110001101110110001010011100011000110000000
1101111001101111101111111101111110111111011111111111111111111111111111111111111111111110111111111111111111111111111111111111111111111111111111111111111111111111111111011111011011111011101111111111100010100000001111000111101001011111010001001011000000000001
1110111111111111011101111111111101111111111111111111111111111111111111111111111111111111111111111111111111111111111111111111111011111111101111111111111111111111111111101111101110011001101101001110001100100011100110100010101111100010011100000000011011010000
0101101100111011111111111111111001111111111101111111111111111111111111111111111111111111111111111111111111111111111011111101111011111111111111111111111111101110111111111110111111101111011111101100011111000110100111011100110001100011110110100101010000100011
1010111011010111111111101111111111111111111011111111111111111111111111111111111111110111111111111111111111111111111111111111111111111111111111111111111111101111111111111111110100111111100110100011111101010111011111101001000110001001000010000001010110001110
1011111110011111111110101111111111111111111111111111111111111111111111111111111111111111111111111111111111111111111111111111111111111111111101111111111111111111101111111111111111111101111111001101001101010001101111101111101111101001001110000100010000011011
1110010010010111111111110111111111111111111111110111111111111110111111111111111111111111111101111111111110111111110111111111111111111111111111110111111111111111111111011111110101111101111111110010101111110111111010111010111001001110000111111011001010000001
1111111001111111111111101110111101111111111111111111111111111111111111111111111111111111111111011111111111111111111111111111101111111111111111111111011111111111111111111111111111011111111011111110111111101011011110101111101110001110110100011110011000110110
1010001101111111101111010011101010111111111111111111111111111111111111111111111111111111111111111111111111111111111111111111111111111111111111111100111111111111111011111011111111111110111111111110001111101110000100101111011100100100010110000000101000100001
1111111100101001111110101011111111111111111111111111111111111111111111111111111110111111101111111111111111111111111111111111111111111111111111111101111011101111111111101111101101110111101101011110011110101001110100110110100001011010100001000100110001010000
0111010001010111010110110111111111111101111111111111111101111111101111111111111111111111111111111111111111111111111111111111111111011111101111111111111111111101110111101111101111110101111110100100101001000101101100110001101010000001001110010000000000100001
1001110100110111111111101111111111111110111111111111111111111111111111111111111111111111111111111111111111111111111111111111111111101111111111111111111101111111111011110111111011111101011101111000110110001010001010101001011011110001111101100110111100000001
1111110111111101111111111111111011111111111111111110111111111111111111111111110111111110110111111101111111111111101111111101111111101111111111111111101111111111111101111111111101111010001010010011111110101010101011101000000000110111001011100111100001100000
1001111000111111011111111111110101111110111111111101011111111111111111111111111111111111111111111111111111111111111111111111111111110111111110101111110110111111111111111111111011111110100110110111111011000010110111010011110000000011010100100000010101110000
1111101000000111111011111111111111111111111101111111111111111111101111111111101111111111111111111111111111111111111111111110111101111111111110101111111111111111101111101111111111011111110111111111110100110011010110111011011100001001010111100000010000001000
0000110001111011011111101111111011111010110111111111111111111111111111111111111111111111111111111111111111011111111111111111111111111111111011111110111111101111111111111110110111111111011111111001110111110000111110110001000001001100100000000100000010000000
0110110111111100011111101111111111011111111111111110111110111111111111111111111111101111111111111111111111111111111111111111111111111111111111111111111011111111101111111111010110110011111110011110110111001010001001001010011111000001000001100000001001100100
0011101101111100111111011111011001111111011110111110110111011111111111111111111111111111111111111011111110011111110111110111111111111111111111111111011111101111110111111011110010001110111110111100011111011001011110000001101101100100010001101100000100000100
0011111001110111010111011111011111111101111011111111111111111111011111101111011111111111111111111111111111111111111011111111111111111111111111110111101111111111111111111001111101000111101111011010111101100010111010101001000011011010001100000110000111000000
1100111001011110011101111100111111111111001111111111111110111111111111111110011011111111111101111111111011111111111011111111111111111111001111011111111111100111101111000101101111111111110001110000111001100000101001011000101111010001000010000001000110010010
0101000011101100111110111111111111111110110011111111011111111011111011111111111110110111111101111111110111111111011111110111011111111111111110111111011010111111110011110100101111111111111011000101000110000000101011000010001001100110100011001000010000100000
1100111111011101110010111010111111011111111111111111111111111111111111111111111111111111111111110110101111111111111111111111111111111111111111111110101111111111111101111010111111110111110100110011010010111110010111100000001111000100110100100100010001000110
1110001101011111110110011110111100111111111010111111111001111111111111111011111111101111111111111111111111111101010111111110111001111110111111111111110111111110001101011000101111101011011110101011011000010000100110001010010110110011000010011000001000001100
0000011101000010001111110101110101011111111110111111111111101111111111111101111111111111111111111111111111111111111111101111110011111111111111111111110111111011111011110011111111111011000110111111110101011000100010110010111100110101011000000010001000100100
0000111110010111010110101111110111111111111111111101111111111111111111111111111101111011111111111111011111111111111111111111101111110111111111111101111111101111111110111101101111011111101110100010100011111000000111101000110101010001101010001001000000000000
1011101101100010001011111111010111111110101111111101110110111111011111110111111111111111111111011111011111111111111111011111111111111111111111111111111111101111111111111010100101101011011011100100011000100000010011000100101000100011111011011000011000000111
0010101110111011111111011011010101111100111110111110111101110111111111111111111111111111111110111111111110111111111111111111111111111111111111111111011101011111111110110011110111100111010110111111011100100011010101001110101101000001101000000001100111011000
1011110111101110010110011111001101111111101111100111111111111101111111111111111111111111111111111111011110111111111111100111101111111111111101101111110111111111111011101011100101010111110010101111011110011001010100001001110100110000010000010110000100000000
1011110000010100010111010111011111101011111111111111111111111111111111111111000111101111111111111111111111011111111111111101111110111011100111111111011011111111111111100001011011111110101010001101101111001011111111000001111000011110001000000000000000001000
0001011110100011001111110110110111010101111110111011101011111011111101110111111111101110110111111111111110101111111011111010111111001111111111111110110111110110110110100111111100000110011110110101110111101011010010101111011011011100101100000110010100001000
0001101111110000111100110001110101111101011110100111101010111111111111011111111111111110111111111111111111111111111111111111101111111110011110011111100111111101101111101001011110000001101111011110110000000000010001100010111001101011011010000000000101010000
1000110010111010101100001110101110111101110111011110111111101111111111111111101011111111101011111110111111111111111111011111111011111111111100101011110011111110111100111110010111111110101000010100011101010111101100100000011010001111000010001101111100100000
0010111110111000101101011101111101011110111111000110111111111111111111111011110100111111111111011111111111111111111111111111101100100111111111111001101111110111111111100100011011010111010101001011101111111001001100111010001010001100011010000001100000000011
0011000111011101011010111111110011111111111111111110011111110110111111111111111111111010111111111111110111111111111111011110111111101111111110111111111111111011111111011111100100111011101011111100101110111111100010001100000001101000001010000010000000000100
1011101110111000100101100010001001100111101111111011101101101011111110111111111011111111111111111111111101111111110111110111111111011111111111111001101100011100101110101010101110100011100111011001111000010000100011001011000000100011000000001000100000000010
1011100001100000101100111111000111111111101111100110110101111101111111110111111111111011111111111111111111111101111011111111111111110011011110001110111011111111111111111110001110010110111101100101100011100010000100010110011101000011000101000000001001010001
1110100101101000111111111110110111110111111100101010011111100111100011001111111011111111110111111100111111111100111111011111111010010011111111111111110111111110110010000100011101011011100001110001110000010111101010001000000001001110010010001000100100000100
0000111101010010011101100011111111011101011011111010011111111111111111111111011111111111111111111011111010111111111110111111101101111111110111011111101010111111110111100111011000111110110111011100100000001010001110100000000000000100011001011001100100100100
1011111110001011010100010011001111010110011111111011111000011111111101110111111111101110111110011111111111110111000111110111101110111111111111111010011101110100111000011110111001001110010001001100100001100010001000111000000010000000000000000001000000110101
1011110101001000010001011011111011011011101111001111111111011111111111111111111011111110111111111111111101111010111111110111101101111011110110111001110011110110111101000101000000111010011010011001001011010011011100000001111100000000001100001000100010010000
1111011011011000110100110100111011111101111101001000101110111011100111110011101111011111111110111011101111111001111101111111111111111011111100111111110001010111100101111101110101001111010000011100111010000001001000000100100000111000000101000000000000001010
1100010010111010100110011111100111111111100111101001111111011011011111101111111111011111101111011111101111101111111111110111100111111111000110101011011111111110001110111010011111110000111101101100011011010100001000111010100000000001100000011000100000000010
1010010010111111011110110101100110010111111101010111111111101011111111000111110111111101111111110111111101111110101011101111011011111011101111001011110101011110011111100110100011110101101110110011000001010011100100110010101000011000110110010011110010000100
0010101010101101110001101111100000011010111011111111011110101111111101110101111111100111111111111111011111111101111110011101011110110001111011110111001101111111111101011111000010001101011110001110000111110010011101010000001111000100100010010111000010000000
1000000110101111010111110001110110011111000101011110111011011010011111010111011110011111111111011111111111111111011011101111111100100110111110100111011001001100110111111011110111011101010001101101100010000000110010000011001110000010001110011001000001100010
0110001010010011100000000101010000011011101101111110110000000001100000111111111111101111110111111111111111101101111011010111110011111101011111111010110011101111000111111100011100110010011001010001010000101001010100000100000000100010000001000010110011000100
1110000001001101000001010100011010010111110111110010110011010111011111011111101101011111011101111000010101111111111101111111111110101111111111111011110111111000101111010010001100011010101110110100100000000100000010000100000000100000100101000001000000000101
0111011011111011111001011010100011100101111001111101100111011111111110010111011101111010111110111011111010101101111111100001101111110110111110111101000110011110111001110000111111000000010100110001000000110011010011000000000100000000010001000000000000000000
1101000001110001001000100101011101101111100010111111111010100011000111011110111111011111111001111011110111011001000111110101101110111011110100100110000101011011101011011110011101000010100000001010000010001010010100100010111001100010000000000011001011000101
0111000010110000001001010011001000100111100001010010101101001011011111111100010111011101101111010110111101111111101111110111101101110001111110111101010000101110111100100001101011111101010001000101000101001110010001010000000001010010000000101000100000010101
0110011000100000110001000010101101000100110100100111010001101111010101110101110101110010110011111111111101111011100111101100100111011111111110010111100000100110011000100001001010011000110000000110000001001001001100010001000100011000100010000110010000110000
0100011100011001110111000111100000001000001001000101111011011011101111100000110111110000001010110110011010100011101011100101110110000001100000000110101011101011111100100100110000000110001101001000010000000001100111100110010000000000000000100000000000001000
0000001011001100110011100111101111010101101111111000111001110010110011110110010011111111010100111110001001111101000101110010110110011011101110011011111110001111111001111000111101101010010001010101011100100101000111000110001100000001000010010000001000000000
1001001110000110101010100011100110110010111000000011110110101010111001101101010110111111011011110111101111111110111011110111111110011100010110111011100000110101100000011111101010000010111101111101001010001000001000000001000100110100000010010000011100101010
1001000001000011010100101010100111100001001100110101111100011011011101111110111111111111111101011111010100111101001100110011101101010111111010111111011011010110111011100010101110101011110011100000000000000010000011101000000000000000000010010000001000100000
0111111000001100101000111110111000111000001011001101101100110011100111111110001000111100011101101101100111110000100110011010010100010011111001111111011101100001100001110011111100011100111010001001101001100011000001001000000000110000001000000000000001010010
1111000011000101011000001010001001110010010111000001010011111011111111111010011010111101111011111111011110010111111000111000001110000010110000111110111100111010110000111011000111111011010001100100011000000000000110000010011010000001000000000100100000010100
0101000100100011000010110110110110101000011111101110000101100111100111011001011110011100111010111011111111110011110011011110101111011011010000000111111110000011010100111010100000000100001000000001000011000011111000011010000010100000000000000001001100000000
0001011000100010000010010110100101101100111110101011111000101111111111101010011101001111110111010010111010110100010111011011100111111001101111101010111010000001110101000010001001101101011011100000100001010111000000000000000000000101110000001100000000001000
0100100001110000000100000011000000111100000010100010011010011101001110100110010010001100110010101111001111010101010010000110010111110001000101110101011011111010011111111110101000010001001101010111100100100000100000000111000000010010100100001100000101010000
0000001010001100000100100010001010100111110000110111101011100000011101111100100100010001100010011010011111010101101010100001110001000101001001001001101100011111101111000011010100100111100001110001100000100000000000000000000100100010001000010000010010010000
0010001110101101101100101101100010000010000011000101100010101110110111001100111011110111011100110001001100100110101111110111001101011111110011100001011111100110101010011000110110001000001011100100000101011010010101011001100010000000001000000000001000001000
0000010000100000111111011011110001111011110001110111000011110101111111000001101101101111011001101111011110101010101101100110111001110100101101011011100110100101101111000111111000100111000111100011100000011000111000001111001010010000011000011111001001100000
1100001101110101001010000110100111001011000010101001111101000101011000111000011001101111111110111111011101100001101001000001110110111010010100100010101000001111101110100000000111010100000110100100100010000011000000000010000100000101100100000001000000000010
1000000100000110001011011001001011011100000100101110111100011010010011011000111011001101111011110001111101100000110110101100000000010011000101001011101110101001111111100010000010000110100000111001000001010000101100111000000011001000100010001110010000000000
0011001000100001100000110101101000011111100100101011101001011111110100111001100000011110100100100001111010111110101010011110011101101110001001100001100000010100101001100001100111100000100010000001000001011000100010000010000000001000000001000001001110011000
0000000101001110000110110100101001110111001000000001000010010110000100001010001000111000101110111011011011111101110000100111101010010100110101011000001001000000010000010010000001010001101110010100000001000010010101100001101100110100000000000000011000000100
0000000111000000000100011100000000000111000101100001000110101111000000101001101000101101011110101100110011000101011111111110000011011111100000001111100010011100001111100110001010101000111001000000110000000010100000100011000010000110000010000000010000100000
0100011010000101000010000000001010000011000100111010011001101010000100001101110000101100100000001000010100011100011101100000101011000010101010000101010100100101010001000100001110001000001001110101001010000011100000100101110100001100100100000110000010101000
0000101100100110000010001011001010000010000100010100101110011010000010111001000111100010001100100010111101100010001010100001101010111001001101100101110010000001000110111000000001000011111100110100000011100001000000000000001010010100010010001101100000000010
1111000010001101010000100100100110111100101110000101010111110101111110000001011000011110111010101111101001100101110110101011111101000001011000100000101001100010000110010100110000010000100101000000001110100010000001001110001100000111010111000000001000000000
0000000101100110100011010000001110000110001011001000110101000100100000000011000100000110011010100100111010010010111000101101101000001110110010011000100110110001001111000110010000010000100011001110100001000000000101101000010001000000000010000010000000000000
1010001011000000100101001000010000000110011011010111010100110011010110101100000001100100110010100001110101111111100010101010011000010101111101101000011000010100000000100000101010000010100001100100000001000000010011101100001001010000010010010001000000000000
0001001000001101110010100000011010100101001010010111001100011001001000000001011010111100000011000110111001111011001001100011100111011000001011001100001011001011011010110100101000100000001011000100100110100001111110000100000000100100001110000000001000000001
1100010000010101000101001100001010000011000011000100101010100000111100111010000010110100001101110010000000101000111010000000001010110010110100001000010101011000100001100000000010000010111001110011000000100010000000101001110010101110010000001010000000000101
1001000101011010000101100100011010000110100000001000000110001001010011001110110010110111110011110100000010011100001001000110001010111011001010110001110100000111001100101010011111111001111110000001010000100000000000000000100000000010100000001100110000000000
1010000110011111010001001011001010100011001101100110110101000101001011000101001111001001010001011010111111100111001110011011101110101010110000110010000010101110100010001000100000101001011100010001000010100000010010101101100000001000000000000000010000000000
0000010110000000000000111101000100000011110110101100011101101001101111100111000100010011010011010110001000110110001011011101011000100000000101001000001010000011001010010010010000000001000000101010001010100000010000001000001000000000010001000011001000000110
1010000000001010000001000000010010001100001010001001100000000010001011111011100100110011001000100010100110101011001110001101011100100011000000000101100100010010010000101111010111000001100100000000100010000000000000000001000010000000010100000000000000000010
0010010100000010010000100001001010001111100000010001000010101101010010001000110110110010100011000000000001101011001001000001100100001001000101000000010110101001100001010000010010000001001000000000100001000100000010000010000000000010000011000000000010000001
1000010111000001000001000010000011000010011001110101000100000010010000100010010110010010011000001010110001111011101100011001110010101101100001000000100011101101111000100000000100000000000001010010010010000000000001000000010000101000000000000010110000001001
0100010100100010000000110000001000001011010001000100110100011010000010111010100001001010010011100010011010100011000010100110001101110000000000000110010000000001000100110000010000000000101010000001000000010011000001000001000000110000000000100000000001000001
1100011001000000000010111001000001010101000100101000100001000001001010000010001001110000011001111010101100100111001100101000001001000000000001001000000010110000010100110110100001100101001001000000000000010110000000000110001010001000000000000000000000100000
0010011000000011101000011000101011000101100101100100001001110000111010001011100110001001011110010100011100010100101101011110100000011000001101110010110010000001010000110110100000000011001000000001001000000000001000000000000000100000000011010010001100000011
0111011000110000000010010000101000000010000010000101100100011000011011000100101000011101000011100100101111111000110010010100100110001001001001000010100000111111000011000011100001000100000000010010110100000010000000000000010000101001000000000000000000001010
0001000100000010100000011111000000100010010000110011000000001000001000100011001000001100000100100010101000000101000010010000011100000101001000110001110010010000110010110110011010000100000000111011010001101001100010001100000000000110000100000000000010100001
0100000000001001001010010000000000010000011000100001000001111010100111100111000000010100111000010001000110000011000111000000010100011011000010001010111000111100001010000001000010000000100100000010000000010010100011000010101000000011100101000000010000000101
0000100001001100110000000001000000010010100100110000101100100100010000010100101101000100110000111001010000001001000111101011010111101110110000010000100000010101000101000010010100010000001001000001011100010111100000000011001110001000100000100000000001001100
1000011000010000100000000010000000100001110000110011001100000000001100000011101010100000100000001000001100001110000010101001000000000101010001100111011000001110000001100000111010000010000000000001000000000100100010000001100000100000000110010000000000000000
0000111000000001000000000100110011101010010100001000011011010100000001100100111011001001000000111101111011000001010110000000001000000010010000000110010010100100010000001100010100010000010000000000000110000001000000000111000000001011010000101100000000000000
0001100000000010100110001000001100010000111001000000100010001101100010000111100000011001010011101011101100010100001011100010010100001000100000010001001000100000011001000101010100111000001000101011100110000010000010000001011000000100001000010000000000000010
0001000000000000000000010000100000000000100100000000011000110100100000010110000001000101000001001111010110100100011010000011110000001100001011000100011000111000000010100000000000010000000100011110000001011100000000000100000000000100000000011100010000000000
1000100000100001000000011111111010000110000100101010101001010100001000010001101101000100000101000010100011010000000101000010111001000001111000000000001000001000001000100000100100010100100000000100010000000000000000000000010000001000000000000000000001100000
0010101000010010000000010001010101000100101100001000011000000000111000000100111100001100100000001010000000000110011000010001001011110000000000000000011011000000000001000000010001110000000000000100011000000001001010101000010000000111000000001001000000000000
1100010000000000100100000000010001000010001100010100011010001000010000100000000100011010000101000000010001100101001001001010101100000000001000010000101001001000001000101000000010010100001010000000011000000000011000000010110000000001000101000000000000011000
1001000001000010000000110000010101000010000000000000110001100010100000100011010000001000100010000010000001100000001101110000111100000101000100000101000010000100000100001000100100000000100001000000001000000000010000100001011000000000001000000000000000001000
0000011100000000111000010001000000000001100100001000010100000010010100000001010001010000000001000000110100000001001101100000001000011110010000000000000000100000000000000010000010001001000000000011010010001100000010100110000000000000000000010000000000000000
1101011011000001000000101101100110000000000100000000110000011000010010100100100000101100011100000000001111110011000010010000110000010000000000000110100001000000000101010010000000000001001000101001110001001000000000000001100001001000000000000000110000000000
1001100000010000000000100001000000010000001000000000011101000010100001011100010110100001000010110100000111001101000000000000100100001000000000001000000000000100000100010010000010000101000000010000000010010011010111110110000001000100100000010100111000010000
1000000001100000001000000000100100010001000100001000100000000001010110010000001010101010000100000011111011010100000100010000100000001000001000001000010100001000110001000000000001010111000000000010110000010011000110000010000000000000000000100000100010110000
0010001100010010001000000100000100001010100000000101001001001100000111110100100010010010001001000000000010001100000001010100000000000001000100101101000000000000011010000100000000000100000000000100000000000000000000001000000000000000000000000000011110011000
0100110000000110100101000000000000000011100100010110100001001000000001100010010000100000100000010101000000001011000010011100100010000011000000000010001000011000000000000001000000000000000000110100000000001000000000011000000000000010000000000000000000000000
1010001011000000000000000001000000011001001000100001000000110000000001011001000010100010000010000001000101010000000000000000000010010000100001111000010001000000001000110010000010000001100001000000100000000001000010000010000100000010000001001000000010100000
1100001010000000010000000010010001011000001100100000000000000010000001000101000000000011100001011000001100011000001100010001000100000110110001000011000000000001011000100001001000001011101000000001110110010000000000000000000001000001110101000000010000000000
0000000100101000000001000000010010101100100100001000000010100110000100000000101010010000000000001000001001000001000110101000000000000010000000100000011001100001100010000010000000000000100000001000011100000000000100000010101000000000000100000000100110000000
0110000000000000011010010000011000000001011000000000000000010100000001000000000000000000000100000000000100000101011000100000000010000001000000010010000000010010000100000010000000000000110000101000100110001100000000000000000010010000000000000010000000000001
1000000000000010101000100001001101000000010000000011000110000010010000000001010100000000010110001000101000100001001010000110000000010100000001100100000000000000000000100000001000000100001101000000100000000100000001100010100000000000100100001000000001110001
0000000000001000100000001000000100000100000110000010000100000000000000000000000000001000100000100000101000011100000100100110000101000000000000001000101001010000110100100100000100000000010000000001100000000010000000000000000000000000000000000000000001000000
0000000000100000010000110000000001000000100000001000000000000000001001000001000000000000010010001101100101000000000001000000001001000001010000100000000000000110100110100000000000000000100001010000000000000000100100010100000010010000000000100100000000010000
0000000000100000000001010111101000010000001011010001001000001010100001001100000000000100000100011001001000000000000000111010000100000110000000001000100000000000000000000000100011011000000000000111000000000000001000000000100000110010000000100000000000000000
1001000001000100000100001000010110010101000000010000000001101000100000000000000011010010100010000100000001010000000000000100101010100100000010010000101001000001100001000000101000001010000010001011000000000000000000000000001000000000000000000000000100000000
1000000000000000000000001000000000100000001000100000000011001000000100011100110001000111000000000000000100000010000100010001110000100001000010000000110000000000001001000000000001101000001010000000000000000000000000000100001000010000000000001000000000000100
1101001000000010000000000000001000001000000101010100000000100100000000001000100010001000010010001000000001000101000001101000000000000000001000000110001000000000000000010001000000000010010110000000101100000000000100000000000000000000001000000100000011000100
0100001000000000011000000010111100110000000001101000000100100100001000000000000100000101010011000000111001110100000000000010001001100000000101001000001000000000110000000000010001000000111000000000101000011010010010100000000000000011000101000000000000100001
0000000010011100001000100000011000010010001000000001001000000000100100000000000000110000110010000001010000000000000000001110001001000001100110000000010110001000000000010001001001100101010000001100000000001000000010000000000000011010000000000000100000000000
0000100000000100000000000001100000000010000000100010000001100010000000010000001101000010010010000100000011100000000010100010100100001000000000000011100101000000011010011000001000000000010001100000000010000010010000000000000000001000100000000100000100000000
0000000000010110000100010001000001000010000000000110010101000011011000000101101000000111100100000001000001001010000001100010010000000000000000001001000000000000000000000000000000000100000101000011100000010110000001010000000000000000000000000000000101000000
0000100000000000000000010000000000000000001100000110010000000010100000000100111000101101001000000000001001000001000001011001000000001110000001001010000000000000010011100000000010001100001000000000000000001000000000000000000100000000000000000000000000000000
0000101000010000000000000000000100000000000000000000001001110010011000000110000000000001000000000001010000010000011100000100000001001110000100100000010100001000100010000110010000000000111001000000000001000000000000001000000100000000000000000010000000000000
0101000010000100100001000000001000000000000001011000000010011000101001001000000001010000000000000000010000000000000100000000010010010010010001100000000000000000000000000000100000010011000100100000000000000000000001000011000000001000000000000000000100000000
0000000000100001000000000000010000000000000000000000001000010000100000100000000010000100000000000000000011000001110000101000000000000000010000000000000000000000001000100000100000011000001000000000001000000001001000000011000000000011000011000000000001000000
0000000001000001000000000000001000010000000000000010100000000100000001100000100100001100000000000011000000100000000001001000100000000000000010000000100000000001100100001000000000001110000000000000000000000001100000001000000000000000000011000000000000000001
0001010000000001000100000000000010010000000010000000100000000101000001000000000000000000000000000000010010000010001000000000100000000000000000000000001000000000000000101000000100000000000000000100110000000110000000000000000010000000000000001000100000000000
1000000000000000000100001000000000010001010010011000000000000000001001000001000000100100000000000000000000000000011000000100100000001010010000110001010001101000000010100000000000100000010000000000010001000000000000000000000000000000001000001000000100000000
1000100000000000000000000000000000010000000001000000000000100000001000000000000010110001101000000000001000000000001000100000100001100110100010000000000001000010000000100000000000010000000000000000010000000000000000001100010000000000000100000000000000000000
0000001000000010000000100000010000010000000000000001000000001000000000000001010001000100000010100001000010000000010000100000000100000000000000000000000010000000000000000000000000000010000000001000100100000110100100000000001000000000001000000100000000000000
0000001000000000000000000000010000010010100010000000000000010000000000001010000000001100000000111010000000000001001000000000000000000000000010001000000010000000101000010000000000000100000000001000010000000000110000000000000000000000000000000000000010000000
0000000000000000000000001000010000000000000010000001100000001100000000000000100000100000000011000101100000000100000000010000000000000000000000000001001000000000100110000010000010100000000100001000000001001000010000000000000000000000000000001000000000001001
0100000000001000000000000000100000000000000110110000000000000010010000010000101000001000000000000001000000000000001010000000000000000010000001000101000000000000001000000000000000000010011001000001100000000000000000000100000000000000000000000000000000000000
0000000000000000000010000000000010010000000000000010000000000100100000100000001000110000000010000000000001011000000000010100000010000000001100100001000001000011001100000100000000000000000001000000110000000000000000000000000000000000000000010000000000000100
0001000000000110000000000100000000000000001000000000101000000000000000000000011010000100000010000000110100100000000000000000000000000000000000000000011110000000000010010000000000100000100000000000010010000010000000000000000010000000000000010000001010000000
0000010000000000000000000000000001000010100000110000100000000100000010100000000000000000000101000011000000000000010000100000000101001000101000000010000000000000010000000001000010000000100000000100000001010000000000010000000010000000100000000000001010000000
0000000001000000000000000000000010100010000000000001011000000000001000000000000000001000000001010000010000000000001100000000000000100100000000000100010001110100001001000000010001000100000000000000000000000000000001000000100001100000000001000000000000000010
0000000000000000000000000000001010001000000000000000010000000100001000100000000000010010001100000100010010000010000000001000011001000100000100000010000001000000100000010000000000000000000000000001110000000000010000001000011010000000000000000010000000000000
0000000000000000000000000000110010011000000110000000000000000001001001000000000000100010101000000000011000000001100001001001100010000100000000000011001000000000000000000000110000000000100000000000000000001000101000010000000001000000000000000000000010000000
