0000000110001001011000100101010001000010100000100110110010101100000001101000000010111111000000001100000011000100010000000101010110010100000000001000101110011000100000001110110100000000100000000100000101000000000000000010000000000000100000100000000000001001
0010000100000000001001110000010001010010110000110110000000001101000001010000100000010110000000010100110101010100011110110110011100010110000000010101001000101001010110000000101000000000000000100000000110010000001011000001001000000000100000000000010001001000
0100010100001000101001101100000101000100111000100000000010001000000001010001111010111000000100000010110100000000111110100111001110000010001000010100100110000001110001110100001001110000000100000011001000100010101011000000001010000010010000010100100000100000
0000010010100000110001001101000101111100100001111110000010000110001001000001011001101011001100001111100011000000101110011011001110100010001100110100100100001010111100000110001000001000100100000000000100001010101110000000001100100000000000110100001000010000
1010000110100010011101001001001000100001111100111000111110010110000011110011101110011000011100001100111011010111101010011001011000100101011100101101000111101010101001001010010000100100100101001000000000010100001001000001100001011100100010000000000010000000
0000000110010000010000100001010101100111010111100111111000010111111111001101000011111100110111110111110011101110111111111110011111011111011110010010111000111110110111111010101111100011100011101110010000000100010001111101100010010101100100000010000000000000
1100000000101111000111011101110011101100111001110001101001001111000000111111001111011111110111111110110010110011111111110101000101110001011011110011010111111010110010111100001000001110101011001100101110010001011010100001100001010011000100010101100000011000
1100001100011000000001010000100111100111101100011011111100111011101011111011111010011110111011111110110111111101111111111110100110011111000111111111110100101111010110101010100100001011001101111010011011100001001101110010000110010000101100000000111001111000
0100000100110100100001101010011110010111110011001100110111001111101110111111011110111101101011111111111111101111101101011111100101011111001100111111101010011101111011011010000000100010000100001000111111100101110000000101010000001000100100000000100001001000
1001110000110011001100001010111101100110001111001000011110101100000001011110101101101011110111111101101111111110011110111011101111111110101111110110111111110000111100100011111001010011101010101010100010111011000101010110010000000000010010000000000000100100
0001010110101100011100100000010000011111111101011111111101011110101010110110111101101001011111111111011011101111111110111111011110111111011101110111001111001110000100100101101111110010100111011011001010100010001001000010000000000000101101100100001000001000
1000011000001110011001010000100110010011111001011111110111111000100111011111111111111111111011110101111111111101111111010101111110111010110011010110110111110111110001011111100001111000101110001110000010000111111001000100001000001010100110110000110000000100
0111011000010011011110001001110001111110111011011101100111101001011111110111111111111111111110111111111101111111111011011111111111001111111010100111111110110011111001101100011010111010100100100101100100011000000011001000100000001000010000000011100010010010
0000101001111110011010010011110111100111110001111110101001001100110111111110111101101111111110101111111111111111111111111100110111101101001110110100111111011011100000100101001101010001100100111011001110011010101000100110000110010010110100000010000100001100
1011001001110110010100110001111110100011000101111111110111110011010111110000010001111111101101111111011110111111101101101110111111111011101100101110111100011001100101110011101011110101011000000010110010110010001000100110101000111000000000000101000010001100
1111101110000010111010011111101110000110111011011100111111111110110011110010101110011111111011111110110011111011100111111111111111011111111111111011110101101111011100100110011110110000000011110011011101011011000101010011101011001000100000001000000001000101
0100011110000101101001100111110001000100000111101010011101011111101111011101111111111110111001111111101101101101111111010101111111011110111110101111100011110111111100011001110100100110001011100011011101011100100111000000000000010100100010000000000010100101
0000000111111101010101001101111100100011110110111001111001111101111111100111111111111011001110111101111011011111111111111111011111100001111101111111011111111111011011111111100000011011000111000000001001111100100001001100000000011000110000000100001001010000
0000000011110110010001101110110000111101111111101010111011110111101001111011111011111111111111111101011101101111111111111110011010111011111111111101111110011111111101011010110111001001001000110001001100000000100001001100110000011000001000100100010100000110
1001001111010001000100100111011011111111111001111111111111110111100111011101111110111011111111101101110111111011101001111111111111111110111111111111111010110111101101011100011100110000101011101010011111100001000010110000000000100000010000011100000000000001
1111000010001111010110010110110110011110101111100111111000000111111011111111101110100101101011111110110111101110100101101111111111111111101111111011111111010101111110111010000011010111101101011001001111010111101000010010000000011010011000010001000010000000
1011101011110001010110111001111111100111101111011111111101111111100111111111011111111011110111111111111011111111111101111110111111111111111111111101111111111100110111101110001111111110110010111000111100000010100001010100100101011000000100100000101100000000
0110100100010100111111110101011101111000111110101101110011101111111111111111111110111111001111111111110111111111111011011111110111011111111111111111111111111111001111111110111111011110110101110010011101110110100001101110001000100101001001001110001001000010
1100010000111111011000001111000110111101111011011101111111011111111111111111101111111011111110111111001101111111101111111111101111111111111111011111001110110111110110011101100000110111100111101011010111000101111100110101010000000001100111001101001100001000
1100001000001011001111110100111111010011100111111111011111111111111100111111111111111111110101011101011111111110111110111111111111111111111111110011011111001011011111011111101110111010111110101011011110101001011001110000101101001010000001110000000100100001
1001110001101100111000011110111010111111101111111111011111111111101111111111011111110111100010111101111111111111011111111111111110100111111111110101110111001111001100111111101101110111000011101001011011110100011001110100000001010000000000100001000000100000
0100111100100000110111001111100011101010111111111111111101111011101110110110111011111011111111111111111011110111011110111111011111111101111111011011011111111101011110110100101011000111010100110101101010010110111011100101101010001011000110110000000100101100
1001001101100000011110101111111111111111111111101011110101011111111110110010101101111111111101011111111111111111111111111011111101111111101111100111011111111111110111110111111101100110110111101000100100010110000100100100000011000010011010000100110000001100
0011101011111010100000010111110011111100100111111101111111111111111111011111111111111111111011111111111111101111111111111110011111111111111111111101111101111111111111111011111101110111000111010000011110111101000101110000001000001000001000001001001000000001
0001001101110101011110110101010110101110111110010111111110111111111111011111111111110111011111111101111101111111111111111111110111101111101111111111011011101111110111111110101101111111101101000000100010111111000011000110111000000100001001111110010000000110
0011000110001111111100011001000111011100111111011111111100111111111111111111111111111111111111011111110111111111111111111101111111111111111111111111100111111111110111011111101011111111001001001111000110011101000011000100010101000001001010011100011000110001
1101101111001101000101010111001011111110011111101010111010111011111111111101111110101111111111101111111111111111111111111111111111111111111111111011111111111110111111011111111100011011101100011001011111110101100010001000100000000011010000000110110000100100
0101110010111100001111110111101101101110101111101111110110111011111111111111111110111111110111110111111111111111111011111111111011111111111111111111111111111101101111110001110111110001011101110101111100010001101000001000010010000000001100001000000001110001
1111111011101101100011110111110011111111001111111011111111111101111111111100111011111110111111111111010111111111111111011111011111111111011111110111101111010101110111111111111011011111111100010110001110010101101100101110000001010001000101110001000100000011
1110001111011001011111111111101100111010111001111110111110111111101111111111111111111111111110111111111111111111101111111101011111111111101111111111111111111111111111111001001101010111001110011101110110000110010100100110010000000010010010010110001000111000
0110010001011010101100111111111011111111111111011100111111111111011111111011111011111111111111111111111111111111011111111111111111111111111111111111111101010111111110111111011111101101111101011000111010011111100111101101001100010101010010101111000000100011
0101000011001111101111111111111111111111011111111111101111011111111011111111111111111111101111111101111111110110111111111111111111111111111111011111111111111001111111110011010001111011000111111101010110000100011110010000111010000001001010100010001100000000
1101111111001111110111111111111111111011010111101011110101111111111110111111111111111111111111110111111111111101011111111011111110111111111111011111111111110101111111111101111101111101110101010100111011111100000010110100010011010011001100100010100001000011
1010111101101100011101001111110101111111011111101110111111111011111111111111111111111111111111111111111111111111111111101111111110111111101111111111110111111101111111101111111110000111011110111110110110100111110011100010011100010011010000000100010100010001
1101111101100011101111101111111100111011111101111111111111101111111111101111111111111111111111111111111101111101111111111111111111111111111111011111111111111111111111101111010111011111100111111101100111100000101100110000111100100000010100000100000000000100
1111011100111101111011101111110111111111111111111111111110101111111111111111111111111111111111111111111111110111111111110111111111011111111111101111111011111111111111110111011111111111111110000011110110010001000010000011011101100101000001100000000000100000
1010100010100111110010111111100111111111111101111011111111111110111111111110111111111111111111110111111111111111111111110111111111111111101111101111111011111110011111111111111101111011100000111111110011011100001010011100010010100000110000101011100100100111
0011111111100111111111111111111011100111111111111111111111111111111111111111111111111111111111111111111111111111111111111111111111111111110111110111111111111110111111011111110011111111111110011001010000010001000110101100000000100000010100010100001110000101
1011011111101111101100001001111111111111111101101011111011111111111111111110111111111111111111111111111111111111111111111111111111111111111111111111111111111111011111111110011101111111100111101011111111100011111010111110000000000111011010111010110110001000
1111010011110001111111101110101010111111111111111111111111111111111110111111110111111111111101111111111111111111111111111111111111101111111111111110111111111111111110010111111111111110101110110100111110010101110111011110110111000110000101101000001100101010
1111010111110101111101111111111111111110101111100111111111111111111111111111111111111111111011111111111111111111111111111111111111111111111111011111111111111111111011111111001111101111101011111000101101011101001011111010110110010001101110011001001010010100
1011001101101110111111111111110111111011111110111100111101111111111111111111111111111111111111111111110111111111111111111111111111111111111111110111111111111111111101110111101111111110010110111111100011111010101101000001011000100100101001111100000100011000
1101101101100111011111101011111101111111111111111111111111101111111111111111111111111111111111111111111111111111111111111111111111111111101111101010111111111111100101101111111111111111100011111011001111110100010111010011000100000000000010100100000010110000
0111001111010001111111111110101011111111111111110111111111111111111111111111111011111111111111111111111111111111111111111111111111111111111111111111111111111111111111011111110111110111011001110101101101100001101100100010110011000001011000000011101110000000
1000100111101010111111110111111110111111011101111111111111111111111111111111101111111111111111111111111111111111111111111111101111111111111111111111111111111111111101110111011110110101101011111110111111111110001101000101001100010101001010000001000110010010
1101111110110111111101111110111011110111101110111111111111011111111111111111110111111111111111111111111111111111111111111111111111111111111111111111111111111110111111111111111111111111101110101010111111111100101110011010011110010000111001100000000001100110
1100001011101111010110111111101110011111101111111111111101111111111111111111111111111111111111111111111111111111111111111111111111111111011110111111111111111111111111111110011111111111101111111111100111101001111111110110011010011011000010001000011010001100
1001101001100111111111110101111111111101101111111111111111111111111101111111111111111111011111111111111111111111111111111111101111111111111111111111110111111111111111101110101110111111001011101111110100001100001100101111110110100001101000001101100010001011
0100111101001111111111111111111111011111111111111101111111111101111111111110111111111111111111111111111111111111111111111111111111111111111111111111111111111111111111111111101111111100111101111111111110000111011011001010011000001110010100000100001101001001
0111001110110011111111101100111111111111111111111111111111111111111111111111111111111111111111111111111111111111111111111111111111111111111111111111111111111111110111111111111011110101111111110111111110001011001011001001111001100010000001100011101100001010
1011011110111111111111100110111110111111011111101111111101111111111111111111111111111111101111111111111111111111111111111111011011110111111111111111111111111111110111111111111110111111100110111100111100111111111011010110101011000000110101011000110000000010
1000100110111111000111111010111111111011111111111110111111101111111111101111111111111111111111111111111111111111111111111111111111111111111111111111111111111111111111111011101110111111101101101100110111010111010101011011001010101100100000101000011000000011
1100010101111111111111111111111011111111111111111111111111111110111111111111111111111111111111111111111111111111111111111111111111111111111111111111111111111110111111101111111101011111111111111111011110101010011001010101101111111110110110010001001010001011
1011101011111110000111111111111111101110111111011111111111111111111111111111111111111111111111111111111111111111111111111111111111111111111111111111111111111111111111111111110110111100110011110111110011111111011101100110110100111000011100001001111000010000
1110001111011111011101011111111111111111111111111111111111111111111111111111111111111111111111111111111110111111111111111111111111111101111111111111111111001101111111111111111111011111011111001011110011101101110110001110110000011100101100001110000010000100
0011110111111111111110111111011011111111101111110111111111111111111111111111111111111111111111111111111111111111111111111111111111111111111111111111111111111111111111101110111111111111110111001011101010001011010010011101010110111010000001001100001010000100
0001111111111111111111011111111111111111111111111111111111111111111111111111111111111111111111111111111111111111111111111111111111111111111111101111101111111111111110111111111111111111110110011011110111100000111001100111000010101110001001001010000010000100
1111001100111111111110111111111111111011111111111111111111111111111111111111111111111111111111111111111111111111111111111111111111111111111111111111111111111111111111111111111111111111111011111110001011111011100001011011011110111000001000011001000001111011
1001111111010111110001101011111111111111101111111111111111111111111111111111111111111111111111111111111111111111111111111111111111111111111010111111111111111111011111110111011101111011111111111110011100001010000100010111110010100001001001000110000000000000
1001100111111110111111101101111111111111111111111111111111111111111111111111111111111111111111111111111111111111111111111111111111111111111111111111111111111111111111111111111111101111111111111101111101110010110111000110011001001111101011110000000000000100
1001111101111111111111111111111110111111111111111110111111101111111111111111111111111111111111111111111111111111111111111111111111111111111111111111111111111111111101111101111111011011110111111011001111111001011110111000011100100001001001010000000001000001
1111111111011111110111111111111011111111111111111111111111111111111111111111111111111111111111111111111111111111111111111111111111111111111111111111111111111101111111111111111111111111111101111111111010011100100111101101101100011011110100100000000101100011
0111011110101111011111011111111111111111111111111111111111111111111111111111111111111111111111111111111111111111111111111111111111111111111111111111111111101111111110111111111111111111100010101101111001100100101000010001101110111110110000010100001100100001
1110011111111110111101111111111111111111111111111111111111111111111111111111111111111111111111111111111111111111111111111111111111111111111111101111111111111111111111110111111111111111011111011001111101111101110010011111010100010110010000001011010000001001
1101011111111011011111111111111111111111111111111111111111111111111111111111111111111111111111111111111111111111111111111111111111111111111111111111111111111111111111111111000110111111101101111111110110100101001101011111001000100111010111110011000000101101
1010111110101111111110101111111111111111111111111111111111111111111111111111111111111111111111111111111111111111111111111111111111111111111111111110111111111111111111111111111101111111111111111111111111101111100101010011111111100001011000000001000111111001
1100111111111011111011110101111111111111111111111111111111111111111111111111111111111111111111111111111111111111111111111111111111111111111111111111111111111111111111111111111111111111101101111110101111011011010010011011001111100100110100001110110000100000
0111101011110111111011111111111110111111111111111111111111111111111111111111111111111111111111111111111111111111111111111111111111111111111111111111111111111111111111111111110111111101001101011111111110011111110111101101100010100010111111001101100001011001
1101101101111011001111111101101111111111111111111111111111111111111111111111111111111111111111111111111111111111111111111111111111111111111111111111111111111111111111111111111111111111011111111010110110001110010111110110000011010010011110100000101010000011
1011111011111111111111111111111111111111111111111111111111111111111111111111111111111111111111111111111111111111111111111111111111111111111111111111111111111111110111110111111111111111111111000111100001111111011110101010100000001111000000010001101100000000
1110111011110110111110111111111111111111111111111111111111111111111111111111111111111111111111111111111111111111111111111111111111111111111111111111111111111111111111111111111111111010111110101011110111011101101010000111000010101101110000001100100010101000
1011110111110111111101101111111111111111111111111111111111111111111111111111111111111111111111111111111111111111111111111111111111111111111111111111111111111111111111111111110111111111110111110001101110110111010101110010111101111110111000100000100000000100
0000111011011111011110111111111111111111111111111111111111111111111111111111111111111111111111111111111111111111111111111111111111111111111111111111111111111111111111111111111111111111111111111111111110111110010110100011001110111001000100001000001100001000
1111111111111110111110111111111111111111111111111111111111111111111111111111111111111111111111111111111111111111111111111111111111111111111111111111111111111111111111111111111111011011101110011010011111010010000011000111110000111010000111000000110010010001
1110110111101101111111111111111111111111111111111111111111111111111111111111111111111111111111111111111111111111111111111111111111111111111111111111111111111111111111111101111111011111111111101111110111111010011111110110101001000011101000001001000010100001
0111111011111111111111111111111111111111111111111111111111111111111111111111111111111111111111111111111111111111111111111111111111111111111111111111111111111111111111111111111111111111111111111111111110111011101110001010111011011010111110010110010010000100
1010111111101111111111111111111111111111111111111111111111111111111111111111111111111111111111111111111111111111111111111111111111111111111111111111111111111111111111111111111111111101101111101111110111111110101101011110110000010000000000100000010010001000
1011001111111111111111011111111111111111111111111111111111111111111111111111111111111111111111111111111111111111111111111111111111111111111111111111111111111111111111111111111111011110111111110101111101110011111011001111001010010001001001010100001000000011
1010111111001110101111111111111111111111111111111111111111111111111111111111111111111111111111111111111111111111111111111111111111111111111111111111111111111111111111111111101111011111111100110010101111111111111110101110100010000110110011010001011011100100
1111101111101111111111111111111111111111111111111111111111111111111111111111111111111111111111111111111111111111111111111111111111111111111111111111111111111111111111111111111111111111111001111100110111100111111011010011111100010001010010001100010010000011
0101101110111111111101111111111111111111111111111111111111111111111111111111111111111111111111111111111111111111111111111111111111111111111111111111111111111111111111111111111111111111111111111111111001111110010111110111011101100111001011100101010000011010
0101101110110111011111111110111111111111111111111111111111111111111111111111111111111111111111111111111111111111111111111111111111111111111111111111111111111111111111111111111011111111111111111111101011011001000011110110001001011101101000011100000001100000
1111111111111011111111111111111111111111111111111111111111111111111111111111111111111111111111111111111111111111111111111111111111111111111111111111111111111111111111111111111111111111111111101111110111101101111011111101010101011001010010001100001110000000
1110101111111111111111111111111111111111111111111111111111111111111111111111111111111111111111111111111111111111111111111111111111111111111111111111111111111111111111101111111111111111111111101111001101111011001111111101010011001010001000000010000010101000
0111001110111111111111111111111111111111111111111111111111111111111111111111111111111111111111111111111111111111111111111111111111111111111111111111111111111111111111101111111111111101111111110111101101011111010001011111011000111111001001111100101010100000
1111101111011111011111111111111111111111111111111111111111111111111111111111111111111111111111111111111111111111111111111111111111111111111111111111111111111111111111111111111111101111111100111111111111111110101101111111011000011111001101000010010001000011
1101111111011111111111111111111111111111111111111111111111111111111111111111111111111111111111111111111111111111111111111111111111111111111111111111111111111111111111111111110111010111111111111111100111111101100001010110101010000001111110110011000110000111
1111101111011110101011111111111111111111111111111111111111111111111111111111111111111111111111111111111111111111111111111111111111111111111111111111111111111111111111111111011111110011110111100111010110001111100100110111101110001000110100111001001000000010
1110101110111111110010111001111111111111111111111111111111111111111111111111111111111111111111111111111111111111111111111111111111111111111111111111111111111111111111111111111111111011111101111111000111110111011111110110000010001010101001101001000000101000
1110111010011111111111110111111111111111111111111111111111111111111111111111111111111111111111111111111111111111111111111111111111111111111111111111111111111111111111111111111100111111110011101111111111110110111111111001001100000011100100000000100010111000
1111101110101011111111111111101111111111111111111111111111111111111111111111111111111111111111111111111111111111111111111111111111111111111111111111111111111111111111111111111110111111110110111110101110111111100111111101101000000000010010000000000110000100
1111011111111111110111111110111111111111111111111111111111111111111111111111111111111111111111111111111111111111111111111111111111111111111111111111111111111111111111111111101111111111101111001111111111011010011111100101100100001000001000000110001011100100
1111011111111111111101011011111111111111111111111111111111111111111111111111111111111111111111111111111111111111111111111111111111111111111111111111111111111111111111011111111011111111101111110111111110111111101101110001110100101101001100000000110000001011
1011111111111111111111111111111111111111111111111111111111111111111111111111111111111111111111111111111111111111111111111111111111111111111111111111111111111111111110111111111110111111110111111110111111111111110100000101100011010110000000000000010010010001
1111011111010111111111111111111111111111111111111111111111111111111111111111111111111111111111111111111111111111111111111111111111111111111111111111111111111111011111111111111111111111111111111110111111101110000110111111111010000011100110011011000001000000
1100111011011111110111111111111111111111111111111111111111111111111111111111111111111111111111111111111111111111111111111111111111111111111111111111111111111111111111111111111111111111111111111111111100101111100110001110000000001111101011010101101101001101
1111111111111111111110101111001111111111111111111111111111111111111111111111111111111111111111111111111111111111111111111111111111111111111111111111111111111110111111000111111111111111111001011101010011001111101000101110110001011100001100000000000100000011
1111111111111101011101111011111111111111111111111111111111111111111111111111111111111111111111111111111111111111111111111111111111111111111111111111111111111011111111101111101111010111111011101111111011101101010000011110010110000000001110011100000000000000
1111010111110111111111111101111111111111111111111111111111111111111111111111111111111111111111111111111111111111111111111111111111111111111111111111111111111111111111111111101111111110011001111101011100001111111110010111011011010000000011001010000000000101
0111011110011011111001111111111111111111111111111111111111111111111111111111111111111111111111111111111111111111111111111111111111111111111111111111111111111111111111111111111101111111011101111011101110111011111110100010101001010000011001001111010000110010
1100111111111111111111111111110111111111111111111111111111111111111111111111111111111111111111111111111111111111111111111111111111111111111111111111111111111111111111111111111111111111011011111001100110010111001011011110001110000111101000010001010010011010
0111111010111011111111111111111111111111111111111111111111111111111111111111111111111111111111111111111111111111111111111111111111111111111111111111111111111111111111111111111111111111110111111011111111111000100011110110001110101000010001011001101000101100
1111111110111111111111111110111111111111101111111111111111111111111111111111111111111111111111111111111111111111111111111111111111111111111111111111111111111111111111111111111111010111111111011111101111111110111110111011111111001001100010001100100110100000
1111111011010111111111111111111111111111111111111111111111111111111111111111111111111111111111111111111111111111111111111111111111111111111111011111111111111111111111111111111111101111111111111011110111100110011001100111101111111100010000001100000000000001
0111111111111101111111111100111111111111111111111111111111111111111111111111111111111111111111111111111111111111111111111111111111111111111111111111111111111111111111111111111111111111111111100110110111111110101100111011010000010001001001010111000010001110
0111010100101110111111111100111111111111111111111111111111111111111111111111111111111111111111111111111111111111111111111111111111111111111111111110111111111111111111101111110111111010011111111011111111110111101111100111111001111001000101100100011001101110
1101100111101111111111011100111111111111111111111111111111111111111111111111111111111111111111111111111111111111111111111111111111111111111111111111111111111110111111110111111111111111111111101110011001100110011110110111111101100110100001101100101100100000
0111111011111111001111111101111111111111111111111111111111111111111111111111111111111111111111111111111111111111111111111011111111111111111111111111111111111111110111111010111111110111110111001111111111101011101000111100011011101000000110001011010001011000
1111111111101111111011111111111111111111110011111111111111111111111111111111111111111111111111111111111111111111111111111111111111111111111111111111111111111111111111111110111110111111111111101011101110110011100100010101100001111011111100001110000111000000
0101111110111101111111101111111110111111111111111111111111111111111111111111111111111111111111111111111111111111111111111111111111111111111111111011111111111111111111111111111111111111111110111111111110010101011010010000011001111010001110100010001010010010
0100110111110110111110111101111111111111111111111111111111111111111111111011111111111111111111111111111111111111111111111111111111111111111111111111111111111111111111111111111011110111111111111111111010101001111001011000110101011010000010010111010010100001
1111011111111011111111111111111111111111111111111111111111111011111111111111111111111111111111111111111111111111111111111111111111111111111111111111111111111111111111111111111110111011101111111110110000110010011101101010000110000001011011000100000001111011
1111111101111111111111111111111111111111101111111111111111111111111111111111111111111111111111111111111111111111111111111111111111111111111111111111111111110111111111100111111000111111111111111111111110011000110111101110100001001010101001100000000010000100
1111001100111101101111111101100111111011111111111111111111111111111111111111111111111111111111111111111111111111111111111111111011111111111111111111111111111111111110111111111101111111000100011011101111100000101111101111011110000001110011100110000000101001
1101111011100011111111100111111111111101111111111111111111111110111111111111111111111111111111111111111111111111111111111111111111111111111111111111111110111111111101111111111111111111111100111111001001111100100001001000111000010110101010100000101000101010
0111101110101111111101111011111101111101101111111111111111101111111111111111111111111111111111111111111111111111111111111111111111111111111111110111111111111111111111111011100111111111111100111111110111101101010000001111011110101110100100010000000000100100
1001111111111111111011111111111111111111111111111111101111110111111111111111111111111111111111111111111110111111111111111111111111111111111111111111111111111111111111111111110111111111111111100111110111110101000110010010100001110110110100100001110101000110
1110111111110111011001100011111111111111111111111101111111111111111011111111111111111110111111111110111111111111111111111111111111111101111111111111111111111111100111111111111111111111011111111111101111001101010110011100000011100100101110010110100110000101
1000111101011001011111101111111111111111111111111111111111111111111111111111111111111111111111111111111111111111111111111111111111111111111111111111111111010111110111111110111111111011111101111111011111111101110100100001110010011001001110110111000010000000
1110111110111011111111111111111111111111111111111111011101111111111111111111111111111111111111111111111111111111111111111111111111111111111111111011111111111111111111011011111111111011111001011010011001110111110110011110000000010000000100001000000000001001
0100100111111011011111111111111111111111111111111111111111111111111111111111111111111111111111111111111111111111111111111111111111110111111111111110111111111110101111110110111111110111111011001110111111101111111001010000110111010010100001001111101101001100
1111111011111101110001111011011111111111111011111111111111111111111111111111111111111111111111111111111111111111111111111111111111111111111110111110110111111111101111110111101111011111110010100110001110001111010000001000110100111010100001000100101010000000
1011111010101100111111110011111111111111111111111111111111111111111110111111111111111111111111111111111111111111111111111111111111111111111111110111111111111101111111111111111111111111101111111110111001111010010001111100111111010100110000001001000100100010
0110000110101011111111101111111101111111111111111111111111110111111111111111111111111111111111111111111111111111111111111111111111111111111111111111111111111110111111101011111111011110011101110011111100101111111000000111010000100011001010011000000000110001
0111110110111111111101111111011111111110101111111111111111110111111111111111101111111111111111111111111101111111111111101111111111111111111111011111111111111110111111101111111111111110111111100101011010111100101001010000000001000000001000011101011000110101
0001111100111111111111101111101110111111111011111111110111110111110111111111111111111111111111111111111111111111111111111111011111111111111111111111111111111111111101111111101101111011101011111111010010111100111011011111111110011001011110001111100001000000
1011110101011111111110011110101100111111111111111111111111111111111111111111011111011111111111111111111111111111111111111111111111111111111111111110111111111111111011111111111110111011111111001011111001001101111100011111111100000010110101100000110000011111
1101011011111101011111111110111111101111111111101111101111111111111101111111111110111111111111111111111111111111111111111111111111111111101111111111111101110111101011111111101111111010111001101101100010110101110111110101011100110011100100101001000010001001
0111110110010111111101111111111111011111111111111111111111111111111111111111111111111111111111111111111111111111111111111111111111111111111111111111111111111111111111111101110001011110111110111101111111101111011001110100011001111000000001000000101010100000
1111101100100100010001111110111111011111111111111111111011111111111111111111111111111111111111111111111111111111111111111111111111111111111111111110011111111011111111111110100011111111101111101101111001110111111010010000001011101000100101101001110000000100
1110101111001110111110011111111110111111111111101111111111111111111011111111111111101111111111111111111111111111101111111101111111111111111111111111111111111110101111111110111101111100111111110100101111010110111011101101100010100001000000000001001001000000
0000011010010110001111111111111111111101111101111111111111111111111111111111111011111111111111111111111111111111111111110111111110111111110111111111111101111111111011111111111110111111100001101111001111111101010101010101100000000110110101010000010000000011
1111011111011101111100110111111111111111111111111111101111111111111111111110111111111111111111111111111111111111111101111111111111111111011111111111111111111101111111011111011101101110110001111111001111011101100101101000010011100111000000001010010000010010
0011000011001111011111011111011111101011111111111101111111111111111111111111110111111111111111111111111111111111111111111111111111011111111111011111110111111101111011111111111111011111101111111110001111101100000110000110101110010011001011100010100110000001
1101101000111101001111100111011111111111111110111111111111111111011111111011111111111111111111111111111111111111111111111111011011111011111111110011111000111111111111110111111011110111110100100011100101100110000111100011111111100100010100001000101100000000
0110001110011111001111100100111111111111111011111101111111111111111111011111111111111111111111011111111111111111111111111111111101111111111111111111111111111111111111101111100110111111111111111000001011111100000101100110011100000100010111010100001100000000
1100111011001111110011110111100111111111111111011111111111111110111111111111111111111111111111111111111111111111111111110111111111110111111111111011111110101010101010110000011111111110111011011100010110001111000000001010011111110110100110001010001000000110
0100001011011110111111110111111011111111011111011111111111111111110111111110111111111111111111111111011111111111111111111111111111111111111111111011110111111111110111110111011011111011110011011111110110001111101110101111111010011001000101011000000000001110
1010001111110111111011100111001110111111111111111111111111101111110111110111111111111111111111110111111111111111111111101111111111111111111111011111111111111111111110111101111111000101101111111111100101110100101000100100000111110000110001001110000001000100
1001110001110100001010110111111110111101111111111111111111111111111111111111111111111111111111110111111111111111111111111111111111110010011011101111111111100110111110111110111111110111100010111010010101111101111111111000101111110001001001110101000000000101
0101100111001100110001110111111110111001110010101101111111010011011100111111111101111111111111111111111111111111111111111111111111111111011111110111111111101111111111011011101101010001001011100010110001101001100010100001000100001010001110000101000000010010
1110001101111110100011111111111101011111010110101110011111111111011100111111011111111111111111111101111110111101111111111111111101111011101101101010101111111111111011111110111111011111001111100011110110111011010110100000101100011110101111101001000111101000
1001101101000111110101110111101101111101111011110011101111110101111111111111111111111111101111101111111110111101111111111111111111111111011111011110111111111110111111111001010110111000101101111111111101001000001101101000010000000010010000110011001101100000
1111100101000100110110011111011111101111101011001111010011111111111111111011101110011111100111111011111111101111111111101101101011111111011111010111111011110111110111001111111111111011011011010100101011101101011101100111111000000100110000110100110011001001
1000110010101000000101111111101111111011011101011111111111111111111111011111111111111101110110011111111111111110111011110111111111111111011111111110011111101111100011010110011111010010010111111101001100010010001110001111000011010000101011110001100100000001
0100000100110011001010001100111110101111110111111011111111010111111111111111011111111111111001111011111110101111111111111110111011011010111111111111111010101110011001001001111111110101010100001010010010001100000101000101000000001000110100011000100001000000
1101111101010111010110111101101001011110111011111111111110110001111111101111111111011111110111111011110111111111111111001111111111111111111011001111001100110111101011110011111101100001100100000110110101000011100000100000001111100101000000000000000001000101
0101100110100010010011111101111110011110111111100111111011111111111111111111110111110111111111111111010111111111111111101111111111011111111111101110011000111111011001001010001010100111011111010110110000110101110100111000000001100100000000110000000100000000
1000111101101111001011111010111111111110111101101101011111011111110111111111110111111111111111111111110111111111111111111111111111011001111100111011111111110011111011010011111010000111110111110100001011100110101001100000000001100010101010100100000010000000
1011110011001110100110111011111011100010101111011111011111110011110110110111111011111111111111111111111111111111111011111111001110111010111101111111111111110011110111101111111101111110110011111101100110001000100100100000001111111010110001110100010100000000
1111010010110110110111111010111101111011001011111111111110011101011111111111011111101111111011111111111011101111111111111011111111111011110111111111111101110011011111110111110000101101000010011110111001011100110101000010111000000000000100001100000010000100
1010011011111110011110000111111100001111110011111011111110111111011111111111111101111101111111101110111111111111111001110111111111111110110100111111111111001001100111011111011011101011100110110110111110010111000101010011000000000010010000101011110100000000
1101110010011111010110101011001110111101001111101111111110011101100011110111111101111111111111011111111111011011011011110110111111111011111110111111010101111111111011111001101111011101001111111110000000010000100000101100010000000001110010010011000000001000
0111001110100111111100111001001000101111111011011011111101100110101011111101011100011111111111111110111111111001111111110110111000111111111101110110101111111101010110010111111101011101101010010101111010000011101101100111001000010001000000000000000010000000
1100011011011111001100111001100000100110110011111110101110011011100111111101111100111111101011111111111010111011111111011110101111111100011000010101101101011011110110101111100111111111011110111110000010000111110000001100100001001100010001000000000000000000
0111101010101110001011110100110111011010111111111111001111111101111111011001011111011011111111110110011111111010111101111111011110011111011111111101111010110111001110111010000111101010100100000100010101010010101100001101100001101000000000000000000000100000
1111010000110111000011011011010000100111111101100010111111001111101111111111111111111101011101101101111111111111111111111011111101111101111111111110110111010001101111001011110001101101001101100101100010100101101100001100010100011100000011100000110010100110
1100111000100011100011010110101011111011011111011111110101011011111101011111111000111111111111111111111011111111101111110101101111111111101001110111011011111110110011101110110001101001111110001001100111110000100000001000011100100000100011000101000100000000
0000000011110100100111001111100111000001110111000111111111110111101011101011111100111111011010111111101101111111111101111111111111011010100011111111111110010111100011111101101110110100101001111000000100010111011001100110001110101011100000110010100010010000
0111110111011110110011101101101011100110011100101011111011010011111111000110011111111011111101110111111010111111110111111111101100110100111010011101000010001110001101001101101111101000010000101001010110000110110010001100000000110100000001000000000001000010
1101110100011001101011111111110001101101111011111101011011001100111101111011111110111111111101101111110110101111111110111101001111111110011111111111101110011111010111100111101011011011010100000000000001110001110101011000010110010011000001000011000110010000
0100100101110001111111110100100110010100000010110111110001101111010110111100000110010110110111111111110111101111111011111111111011001111101010111101011111111011110111101011111000010110100110000011000011100000100100000100000000000000010000001011110100100000
1110001010011000100111101100100111000111110111111111111111010111101110111111111011100110111111001111001101010011101101111111101110011110100011111111101101111101111001000101011110100111000011100100100101001001000000010010100110010000001110001010000000110100
1001001010011111010111001110001000111100010011010111111111011110101111111011101011110011111111111000011111111111010111001110110111000111111110101111111111111111011010100001000101110001011101001010001111101110000001001110100111010010000000000000000000011010
1000011101000111000010001101101001101110111110101010000000011110101110101111111101101111111111101111101111100111010111101101101101111110111111001110111101111011111010001101111000111110111101100010000000111000001110000000001111000000001010100011110000011000
0001101111010000011111110011100011101011011011111000101100111110101000111010011111110111111111111011001011111100110110101100111110000110011110101000011111100101101011111111110000001100110010000011100100010010010010000000010000000100000010100000100100000100
0000000000110111000011110010010010001111101011010101101100010111100111011111111110011101111110010001101110111101101010101111000101111101011100111111010111111101110100101000100000011110111000011100001000000100100000001001000000100010000011011000000110100000
0000010010000001101011101111001110010001111111011100010111010010111110100111010101100101110000110111001101110011101000011011100011101111011010100110001110110010010101100001111000001000000101101110110010000010100001000001010100011000001000110010000000010000
1110111111010010000110100111010010000101011100101110111011111111111010111111111110111111001101100101101010011110110011111111111110011010101111110100100111100000001000100111110101101100010100111100110100100000000101010100010000111000000001000000100010001000
0100110011010010110001011010011101101000011011110110110100011010111101111110111111111101010111111100111101011011101100110011101011111011100111100011000010001011101110110001100011000001001001000100010100100010001100110100010010010000101000000000100000000000
0111000000011000101001110111100000011100110011011100001100101111100111001111101111110011011011100111111100011111101111001111100011111111110101001110101010111111010000100100000000011101010010000100010011000001100000000111000011001100000001001000000111001010
0010010010011000101011011101100110000100101101111111001011111011100111100101110101101111110111101111111011011010111111011010111011001011111011111011001111011001101010101000011000000001001011101001100100001100101000001110001010011000001001101111000100001001
1001001011111100100001001010100111100000001011111111111111011110100111010110110111111111100000101001101101010111111100101110101000001110011000011110100111100110000001011010101010100010111110001101100000111000010010000100010000000001000000000001110010000000
1000100010011000001101110001100100000010101011111010101100100101001110011011100111111001110001111111000011101100011101101010111010100001011011110110101101011101001110001000000101010001010000000010101100100000011100000001000000100101000000100001111100000000
0000010011100110000000101100000010110011100111000001111010010110110101011110111101111100110111001110101111010110100011101110011111010111100100000100101000111011011010111110000100000100000101110010000011000000000000000100101110001010000000000011000000001000
1101101110000100010000010110011001100111111001011011010111101011011010000111011001011101111001101110100111101110101111010010100111110110001010110111111101011001100011010110011000010001000111110100000111000000000000000000001000111100000000100010011010000010
0100110011011101101000001000000101010001010101111011100111100101010101101111101100100110111000111111100101111000000110111011111100011111000111011101010001101101101000111111000101001010100000001000000101010101011010000000001100000000000000001010011000010000
0000000100000011000100000110011000101111111111111110111001010010000111001001101001111000000111001101001100011101001101111001101110111100111000010100111011011000011011100110110100100100010010000000000001000101111110000000011100000000000000000000000000000001
0000011100000001100000000010001000001110111110111010011111011111011011010101010000111101110110011101111101100010100011111111111111010001011010110010010010010001101010011010111011101010000000101001001101001001110000010000000100001000000010000010000000000000
0111000111101011010100010010010010000100000111101101110110111101100101111010000111100111111011010111100010111010011000110111100111001111101110000011010011100101011100110101000010100011011111011001000010010010110100000000000100111000000000010000000000001000
0101010000010010110010111010010100011001001000001101100101001011010101101000000110010011101010110000101111101011101011111100100010000110010100011111010100001000101000000011001111000011001010000110000000000010000001001011010111001001100000001101011111010000
0000011000010000100100001000000101100001001101010010000010001010000111110000100100111001001000100101011001101011011000101111001011111011011111111110000100101110101000100010001101000000001000101000001101100000001110000011101100000100000000010000001001000000
0000010011110110000001000000110011100101100000001101100000110000011001010111010111010010010110010010100111010111010110111011101011110101100001110010101111001100101100110110111001100011001000100001000010000000000100000100001001101011110000000011000000000000
1000000010101010110010001110001101000010111010001101100000010000000000111001111101010000001111100110011001110000111001101110001100111101011101000101101101000110110000000010010011010010010010000010000000000000000000000001100000000000100010000010000000001010
0100000110101000000000000101000010101110100000101011001110110100010000111011000111010000110000000111010001111101001000001110110010110011100000111110000010110010110000001010111101010000000100100001010001000000001000000101010000100001000001010001000000000000
0000001000001110011100100100101110000100010100101001001101000000101011101011001110001010100110010001000010001101010011111111101010100100110011110001010101101110000000000011000010000101101100010001100100000110100000100011001100001001000000000000000001011000
0100100000100010010011001011010100100011000110101101000100001001001001111110010000100100001011110100101111100101011111001010000000000000100010001110110001010010000000111000000100000000010101000010001000001000000000000000000000001000000000000100100001000001
1000001000010101100011011100101101001110100111101110010010000100100111011011011110100000010110001101110001001011001110001101101011011011100010010110001100001010100100000010100100001100011110011110011001001000000000010000010001001010001000000000000000000000
0000001001000011101111000100000000010101010011100101000000011000111111110000101000110111000101010011011011001011000001000000000111100011101110010110111000101001001100001110000101000001000110011010101000011100000110001000000000100000011000000010000000011000
1000000000000000100000010010001101110100000000010000001100110000001111000110000110000101111100100100000101100011000001000100100110010010110001001010000011110100010011001000001101110000000010010100001011000101000000010100001111100000001010100101000000010000
0000100010101000011001000111000010111110000100101001010011110100010000101001111011110110100011100101001010101101010001111110011010011111000000000000100110110111011000000101001010011001000110011010000001000010001000001100100010000000000000010000001100001100
0000100001100000011111010000010000011010000010011011000010010111100000010000100111011111100101110101111000111101100001010111110000011000001000110001100100111000100000000100000100100010000100001100111000010001000000000001100001000000000001010000000000100000
0000110000001010010010100000100001000011101000100000000001000110000011010000100100011101010111011100111110011011011010011100100010011000001100000000101010101101000000110000000100100100000000001010000010000000001000011000010101001000000000000000010000000000
1011000100100101100001001100001000000010000001000011100000000010100001100000000010100001011101010001011110100110011101111101101101001000101100111101000000000001100001000000100110000000000000000001000000000010001010000000110000001100000000000000000000010000
1000000000010111010001011000011111010000000101111001110001101100011011001101010001010100101001101001001010010111010111100010111000100010010010001111101000010101000000110100000011000000111100000000000100100000001110011001000110000110000000001000000011000000
1101100100001000000011001100000100010101000010101101000110100001101010111101000100011111010010011101010010100101111000000000010110000110011011000010100000011000110001100010110010000001000100011000100001100000011000000000000001000000100000110001000000000000
0000100100000000000110001010100010100001110000001001001100000011000111111010000010011011110101110010110010010001110001110100001000001100100011010011101110000111100001000011001010100100100000101110000000011000100100000000000001000100000000000000011000010000
1011000101100000100101000101011001000010000010000000001100011100000111110000110101000010000011000001101010101011101110010010000100001110001101010110001010001001110100110011000001010001001100010100010000010001001001010000000000000001000000000010000001000000
0000001000000100001001001010011000101110100100010000100000010000100101001000000100011110000111100000000001110101000001001111000000100000001010110100100100010010011101110010000000000000000100000010000000010110100010000100000000100001000000101011000000000110
1010001000011001000100000010000001000000101001000000111001000010000000000100001101001011111110100110010100000011110001010011000111111101011000010100110111000011000000001000000001001011100000010100010000000000011000010000110000000010000000011000001100010000
0000011000001000000100100100000000011101010101110000000000001000100110001000000001011011011101000101111000001000110000011011000101110100011101001100011001100000101000110000001110000101000010000001000001000000010001110001100001100000100000000001100000000000
1101100001000000000010100011000110101100010000110010101001000101000111010011010100111011101110100111101100111011101010000000000001101100010000010010101000001000100001111001001001000000010000010100001010000000000000001000001000000010100000000000000001000100
0011000000100100000010100010000110001000010000011000000010011001010010111000000101100100011000010001000001000100100010000000000110100101001000000100011100100000100011110100100110110000100010000000101010000111001101000001001000000000000011000000000000000000
1001100000110000001000110100110011000100010010001010100010100110000100111101100010010010010010000010010110001101111000011000000011000100000010000010010110010010001000110001000000101000000110000001000000111000011000000100000000000010000100000001001110000000
0000010000010000010000011010000101100101000100010000001001001000000000010000011010001110010000000101111111000001001001001100000011011010000011110110010000001100110000000001000000000000100000100000100001000100110000000000100110000000000010000001000000001000
0000100010011000111000011000000000110011100100000011110000000011000010111011011000000011110111111010001000000011000000000100000000000110111100000010110000111100000000011100000001111000000010000001000000000000100000000111011000000000010100101000000000000000
0000000100100110001000000100100110010000100111000010010110111010010010010010001100001010000000010000001001100001000010000111001000001010001000001000000010100000000110101000011000001000010100110000000010000000001000000000000001101000000001010100000100010000
0000000100000100010000001110000110011010110000000100000110110000000000011100010100110000110100110110000110000000000011111010010000001001010100001101011001101110001001110000000000100100000100000000000000100010000000010001100100000000000100001000000000010000
0000010110011000000000000000000000000000100110111100001001010110101001100100110100010011001100101000001100100001011100010000001000000000000000000011000110100000001011000001000100100000011100001000100000000000000001010000000000000001000000000000000010000000
0000100000000010100000100100100010000001000100101000000011111100001101000001001100100100000100000110000110111110110000010010110100110011000010000011100000001001110000001010000110000000000000000000110000000000100000010000100001000000000000000000010011000000
0100010000100000000000000100010000001100000100001100001010000000001000110000000110010010110000000001000000100000000000000101010000000000001100000000000000011000100001010000100000100011000110000100000000100000100000000010000000000000000101000000000010011000
0000000001001001101000011000100000100110110000000101000000010100000000111100100001000000011100100000111001000000000000101101111000010011001000000101000000100100100100000010000001000000100011010100001100000001100000100001010000110010000001000100000000000000
0100001100011001000000011000000000000000000000000101110100010000010011000000000010000110100001100000101101000100001000000000100110011111001000000100001010000000010001111010001001000010001011010000000001000011100100000000001100000001000000000100000000100100
0000100000000100000000001000000100100000010000000000011100010000000000010001101010000000100010001000100001010000100000001000000000011001101000001110100000100001000010011100100000001001011000000001100000000000000100100000100000000100000001000100011000010100
1000100000000000000011000000000010000000000000000000010100000001000110000110100100000010100001010100100001110000001000001010011000000000010000000100011000000000000100000000001000000001000100001000000000000000110000000000110011000000000000000000010000000100
0000000000000000001000101101101001000000010000000111100101100111000000100001000111100010000100100001010111001011001010101000101101100001000010100101010100000000001101000100000000010100001010010000110000000000000000100111010001001000000000100000010000000000
0001010000100000000110000000000000000000000000100100000010101110000000101100101000101001001010101001000001000001010011000100101100010011000000000010100000010000001000010000011000000100010010100000101011100000000110000010001000001000000100010010000000000000
0100001000000000000001001000000000001000101000110011000000000110000000100000001000000100101010000001100000001010010001010010000010010000100011110001000000100001101101001000000010000010000000000000100000001100000000000010000100000010000000000000000011010000
0100101000000001000000001000001000001000010010010000000000011010000100010001010000100100110110000111000011000000010010010000000000000000100100010000011010000000001010001000000100000000000000000001001000001100100000011001000000000010000001010000010000100000
0001100000000100100000000010001011000000001000000001001110000110000000000000010010000000011011100100111100000010001110000101000001001010000000000010010100010001011000000000110110010010000000000000010000000000101000001000000001000000000101000000000000101100
0001000000000000000010010000000011110010000011000000100000000110000100101100000000000100000000001101111001100011011110000000000101010001100101010100000010010000010000010000000001000000000000000010000000000110010001000000110001100010000000000000011000000000
0100000000000000010001000000000000100010100000110001011011011010001000110000010000010001000100001000100000000001000111000000110000110011000001111111110110000001111000000100000010001001100000000100110000000010010000010000000001100000010000000000001000000000
0000000000000000000000000000000100000000001000000011000000000000010010000000000000000010100101100110001010010010000000000100000000100100000001100010001000011000110100000001000000010010100001000100000100110000000100000001000000001100000000000000000001001101
0000100000000000000010000000100100000010000010000010000000000000100010010001110010100101000000001110001000010100111000101101000000000000110000001000010000000000011001100010011000000101100100100000010001000000000000000000000000000000000001000000000000001000
0000000000000100000000000000101000110000000000000000010010000011011000000100011000000000101110001100001101000000000101010100000010001001100100000110100000000000100001001000001011001000010001000000000010000110000100010000000000010000000001000000000100000000
0000001000011111000001000000010000000000001100000001000001000001100000010100000110010000000010010110010010000100000000000000011101100000000000000100000000001000000001000000000000010000100000110100000000000001100000000000100001100010000000000000000000000000
0100101000000000000001000000000100001000010010100000000000110001010010000010111001111000000000000100000000100000100101110000000011001000001001101100011100000010010000001010100000000000001010110000100000000000000000000100000000000000000000000010000000000000
0000000000010000000001000010010101011100010010000001000000000000000001100010000001000001100011000000000011000001000010000100000011000001001100100100010000010010000000100001001100010000000001010000000000000000010011000000000000000000000000000000000000001100
0000000000100010100000010000110000001001000000110000000001100100101010000001000000001000000000000000100000000000000001010011000100000100010000010000000011011010000000101001000000100010000000000010000000000011000000100000100000000010000100000000000000000000
0000000100000000001000000000101000000010000000000010000011010000111100000000110010000100000011011000100001010000000000000001100000110100000001000000000001000000001000000001000010000000001000011000100000010000010000100011000110000000000000000000000011000000
1001000010001000010000000100000000011010100000001000001000000000001000110000100001000100000111001000110011010000000000100000010000000101110010001000000010000100100001100000110000000101001011001110000000000000010000100010000000001000000000000001000000000100
0001000001001000001000000011000000000000000010000010000000000010000100010001000000000000000100000010000100011110000000010000000100010000001000000010000000001100001100000010001010000000001010000000000000000100010000000100000000000100100000000001000000001000
0000000010011000000000000001000100000101000001000000001000000011010100000000001000100010100001000000011000000000000001000110100000000010010001000001100000000100100000000000000100000011000010000000000000001001010000000000010000000110000000000000000000000000
0000000001000000001000110011100100001100000000000000000000000001100010000100010000110000000000100001000000001000000000100100100000000110101000100010000001000000000010000001000100000000010010000100000000001000000000010000000000100000000000001000000000000000
0000100000000000000000000000000000000000000000000000000000000000000001110100000010000010000000001100100001000000100100000010000000100100000000010000010000000000000001000000001000101000011001000000000001000000100000001000000000011000000000000000000000000000
0000000000000100001000000001010000000000110000000011001000001000011000000000100100100000000000100010001100110000001010000000100000000000001010000000100001010001100000000110000000001001000000000011000000000000010010000000000000000000000000000000000000000000
1000000000001000010001011000000000011000110000010011100000000000001000000100000111010100001000001000001100100000100100110000000000001000000000000000010010000110010000100000010001010000000000000100000101000001000000000000100010000100001100000000000001000000
0000000000110000000100000100001000010110000100000000000000000011010000000000010000000000100100000010000000000100010100000000000110001001000000000100010100000000001001000101100000011000010000100001000000000001000000001010100010000000000000000000000000001000
1001000000100010000000000000000000000000000000000001010000000000000000000000001000000000000000010000000001000000100000000001100000100001100000100010000000000000100011100010000000000000011110000000000010001000000010000000000000100010000000000000110000000001
1001000001101100010000000000000001001010000010000000000100001000101000100100001100011010000000000000011010000000000000000101000000000100110000000100000010100000000010001001000000100000000000000000010000001000000000000000101100000001001010010001001010001000
1000100000000000010000001010000000000000000000000000000101110001000110000000000110001000000000000000000010000000011000000100000100000101000000000010000000100000000010000000000000101000100000000000110000101000100000000000110100000000000000000000010100000000
0000100000000000000000100000000000000010100000001000010000000000000000000000001001000000000000000000000010000000010000001000000100000000000000000100000000100010000000000000010100000001010000000100000000001000100000100000110000000000000000100100000100000010
1000000000000000000001000000000000010000001000001000001000001000000010001010000000000000010001100000000000000000000001000010000001100000000000000000100000000000000000000100000000000010001000101010000000000000000100000000000000000000000000010000001000010000
0010000010000000000010000000000000000000011000000001000001000000010100000000000000000000110000000001100001000000000001000001000000001000001010100000101100000000000010001000000000000000000000000001000100001000000000100000000000010000101100000000000001100000
0000001000000000000000000000010100000000000000000001000000100000010000000000000000000001100011001000000000010000001100000001100000001000000100000001000000011000000100000100000010000000000000100000001000010000000001000000000010000000011000000000000000000000
0000000001010000011000100000000000000000100101100100001000000001010000000000000010100000100000110000001010011000011010100100101110001000000000000000000000000000000000000100000000000000001110001000000000000000000000010000010000000001100001000000000000000010
0000000000000000000000010001000000000010000010000000000110000010010001000110001000101000000010000000101100001110100100000000000000000000000010000000000010001100000000100010000000000000000000000000000000000000000000000000000000000100000000000000000000001000
0000011000100000000001000100100000000000000000101001000000000010000001010000000000001010000001000000000010000000000000101000000000000011000000000000000000000001100000000000000010100100000000010010100000010000000000100000000000000000000000000001010001000000
0000000010100000000000000100000110100000000101000010000000000000000001001000001010100000010000100000000000001000110000010000000000101000000100000100110000001101000000010000000001000000010000010000000000000000100100100000010000000000000000000000000000000000
0010000100010000001000000001000101000000010000000100000000000000001000000010001100000010000000000000000000000001000100000000000010001001010100000000000000100100000001010010000000000000011000010000000110100000001000000000000000001000000000000000110000000010
0100000010000000001100000000010010000000100011000000100000000001000000010100000101000000000001100111100000000000000000000000001110000011000010000000000010000000000000000100000000000000001000000000000100001000000000010011001001000000100100000000000010000010
