0110000100010000011000001010000000000101010000000010101010100010110000011010000000000001010000001000010001011000000010010000000000010000000010101000111000001000000100000110001100000011010001011010001000000001000000000100000000000000000010000001001000000000
0100100100011000010001000000000000000011000001001110000001100110010000110000001111000101000101101000100100000100000010010110000001000011000010010010100011001001000010001100001100000011111000000000000000000011000000000111000100000101001010000001010000000001
1000110010000111001011001101000011000001110000010010010111111010111110010011111111000100000000101011110000100000010010110010000000011111111000010000000000001011010100101100010000101001010000100000001100100100000110100000000000010110010000000000000000000001
0000101001011100110010111010000011001110111001111010001111110010011010001001110110000110011010111011110101000100011000111100000000011111110011011100110110011011001110001011000101101011000000101000001011110100000111100010000000100000101101000000000001011000
0010000100011101011110000111000001000101110001011010001111100100110110011011111111011000010111101000100110110100010110100110001101101011110110111100100001110111110100111001000100010000011011110100010000110110000001100111000010001010000000000010000000001001
0000000000001000101110000010110000001010010011101000111001001111111010111010111111001001001101011110111011010100001111111001000001111000000111111011110011111001101001000111110110001011011010001000001101101001001000001010101000110010000100001001111000001001
0111111101110000000001101111011000011001100111001011110101011101110101101111111111111110011111011111011111111111111011011000010111111101011111110101101111011110000110011101110010100010111011001111001110110111000001100000001101000000000000000001000100010001
0110000100001111001100110001010101000011110100110000100010010111101111011111111100110110100101111110111111111111111111111111111101011101101101111101010001011111011010111011010001011101001011011011010011000101010001000000010101001000100010110000000011000010
1111010000010101111000110001000010100111011110110101110100110111111010111111011111101011110011110111101111011011111000001110111000111111010011011000010011011111011101010011100110000000011111000010001111010000000010001110100000000010000001011000000100101000
1000000101001101010110011010110101111111111100011111000111111111111111110111001100111111111111101111111101111100010110101101111111111111111110111111111111110000101010101110011111010011000010101010000011010110111000001100110000000010000001100001001110010010
0010010001110110000000001010101101100101101011110001110011111010110101010111100111111110110111111111101111111111010111111001110110110110111101010111111011110000101110111011110011111010111110000011100111111110000001110011100000001000010001010000100001000000
0001011110111101110100011101001110101111100101111111100011001110110010111001111111110111111111101111111101111111111111101001111111111000110111111000001011111110110011111111011111101100011100001101010100100000000000000010000110011000011101000000001100010000
0010000011001011010101111100011001101011101110000110101011111111111001101011101111111111111101111111111111111111111111011100111111111110111100011111001101111111110100111101101010001010010101001101111111001000111001010000001110000001000000100000000000001000
0110101111101110100101111101111111011100111011000101100100111111011011011011101111110111111111111101111111101111111110011111111001111101011111111100100111001110111011111101010001010001011111101001111100010010010011011000000100000110011010101000000010010001
0011010111000011100000110110100111111100011111111100111010001110011101111111111011010011111011011111111111101110111101010111111100111010011011100011101111101110111111001101101101101100101111101000100111011110011101000010000001000000001111000100100000101011
0100111110100011110101100001111110000011000011010011000111111110111000111111101111110111111101111111111111111101111110011111111111111101001101110010011101111011110010101011100101110000011001001111111010110011000010000110000100010010101100000010011000000001
0011001110110111101011111011100010110111111101001111011111111011110111011111111111111111100111111111111111111111111111111110111101011111101111011101011001101111001111110110100110111010010100011001110111010011001110000010010000000000010000000000100000010000
1100011001101001100101101111001111110100011001110110110111111111011111111011111101001111111011011110111110111110111111111111101110111001111111101110011110111111111011110110111110110000111110010110001110001001011000100000110110100011110001001100000000000000
1100111010001001010010011010101111011111101101100011111111011111101011111111011111011010101111111101111111111111111110110111101111111111111010110101011011111110111111111010100011110100010111111010111101011101011001001001000000100110001100010100001010000001
0001011111101100110000010111111011001110001110001100101111111110111110111111101101111110111110011101111011111110111111111111111110111110111111110111111110010111001011101100111001001011111011100011010101111000011001000110111010110000000000100100000100000001
1101010001100011111110100110111110110111111111011010111111110111111110101100111111110111111111111111110111111111101101101001111111111101111101100011111111111110111110111110111011011111100110110100000100000110000010000100000111111000000001100000000010110000
0111110011000110110010011010001011011111110111111111111111011111101111101110111111110001111011111111111101101111110111101101111111110110111110101011100111111110111111111111111100110110110110111101010011100101101001110110001110001100010000100000000010000000
1010111000000000110110001110100110101010111111110111110011011111110111111111111110111111111111111111111111111111111111111111111011111101111011110111111111011111111111111001011111010111111001111110101000111111101001100010011000000001000000001110000000001000
1011110001101101101111111001010001111111011111111111111100111111011111110111111111101011111111111011111111110111111011111101101111111111110101111111011110111111111111001011100101110001111001001010001110110001100100000000000001010010010010100100010001010111
1011010110111001111111101110110101100011111111111101111101111111100111010111100111111111111111111111111111011111011111011111111111111111101111010011011110111101111111011101111110011101010110000000101111100100101001100001100001111000011100000000001010010000
1001111111000011011111101111111101010111111110011011011111011111011101011111111011111011111110111111111111110111111110110111111111100111110111110001111111111111101010010111111111110011111011000000111100000110100011010011010001010000000000000000000000100100
0101001100100000111010110111110010111111111011001111010011111111101111111111011001110111111111110101111110111111111110111111111111110101111111001010010111111011111111011110011001000001010111110011110001011000101111010001001110000001010010111000000000000000
1001011100110011101111100011000101101011110011111001011011011110111111111111111111111111101111111111111111110111111111111111111111111111111110111111111101111111101111110101101100111101011000011101111100000110101100000010100000010000000011100000000010000100
0100101101001111001011100100111100111101110101101001101111111111111111111111111111111111111111111111111111111111111111111001111011110111111110111111110111110111111001011011011111011111111101111100000100111101001111000010111100011010011100001000100001001000
0111101111110000100110101111101110111111110101101101011101101101110111011111111111110111111111111111111111111111101111111110110111111011011110111111101011111111010111010110111011011111111010110110010111100011110010010001011110000011001000010000010101000000
0100111000101101101110111101111010101111111111101111111111011011111111011110011111111111111111110111111111111111111111111111111101111011101011101111111101011111111011101101111010101101010111010111111111000000001010010101010100100000000000101111000000000000
1101100110011010011111101011110111111111101111111111100111111110111111111111111111111111111111111111011111111111010111111101111111111111111010110101111111111111111011001111111001100011011110001110010111000001100001010011000001011101011110010001100000110010
0111111011111010111001101110001001111101111111111111111111111111101111111111011111100111111111111101111111111111111111111101011111111111111111111111110011111111111111100101111111101111110111011101110001011010101000010011110100000000000100101100001000000001
1000101101010010101111101101101101101011001111111101110111111111111111110111111111011111111111111111111111111111111111111111111101100111111111011111111011011111111111111110011110101011111110100011010110100100111000001011101000000101011110110111100000000000
1110111001011111010101011111001110101010111111011111101111110110111111111111111111111111111011111111111111111111111111111111111101111111111111111111111111011111111111111111111011110111110011101101100110110110111000011001000000001100010000100000100000000000
1110011000000010101100111011001101111011111001111111111111111111111111111111111111111111111111111101111111111111011111101111011110111111111011111111111110111111011111101011011011101111111111111111111011001101101000000000010110110100000010000000101001100000
1111001111001011101011111110100111101111110111101011111111111111111111111111110110111111111111110111111011111110111110111111111111111111111111111111111011111111111111011111111010111011101111011101100000110111111101110000000000110101101100000001001101111000
0100010111111110010111111110111011110011111111111111111111111111111111111101111111111111111111111111111111101111111111111110111111111111111111111111111111111111110111110110111111101111111000101011100000101111110110001000100001110110010111101010010000100000
1100111000011111101101011111011111101111101101111011111110111111111001111111110111111111110111111101111111111111111111111011111111111111111111111111111111111110111111111110111111111100110111111111101001110110111100100001000110000000100001000011000000000111
1111101001101111101101111101101111111111111011101011111011110111000011111111111111111101111101111110111111111111111111111011110111111111101111111111011111111111100111111101110110111111101010111111110101011100110000010110000000110001100000111000011000000101
1110011110111101111011111101111011011111111111111111111011011111111011110111111111011111111111111111111111110111111111111111111111111111111111111111111110111101111011111111111110111110001111110110010101111000111000111010101000000110011011010000000000100000
0000001011111101111101111111111111111011111111111111111111111111111111111101111111111111111111111111111111111111111111111111111111111111111111111111111111100011111111110110111111111111001110011110111001111101011110000000010010001110011010110110001001110110
1110001110011011011111100011111110110111111111011101111111111111111111111111111111111111110111111111111111111101111111111111011111111111110111111111111101011010111011101101111111111011110101011110011100011011001001011001100011100010010000110000000110110100
1010101101000110111100111101111111101111101111111111101111111111111111111111111111111111111111111111111111111111111111111111111111111111111011101111111111111111110111111011111111101111110011111011001111000100011011110101101000000000100000000000000100101000
1000011110110111011111111111110110111111111111111111111101110111111110111111111111111111111111111111111101111111111111111111111111111111110111111111110111111111101111111111111111111111111111011111011111011101100101111101011000000010001010000010000000010010
0010101111110111111111011111101111111100110111111111011111111111111111111111111111011111111111111111111111111101111111111101111101111111111111111111110011111111111110111111110011111111011111111110111110111001100010001001010000110011100110000010100000000001
1111111000101111110111011101111111111111111111111101111111111111111110111111111111111111111111111111111111111111111100111111111111111111111111011111111111111110111011101111111111111111111111111011111011111110101111001011000101010010100010001110000010011000
1110110011101101111111101101111111001110101111111111111101111111111111111111111111111111111111111111111111111111111111111111111111111111100111101111111111110111111101111110111100110110111011111000111011110101010110011011110011010010101001000100000110011011
1111111110111111100111111100111101111111111111111111111111111111111110111111111111111111111111111111111111111111111111111111111111111111110111111111111111111111110101111111111111110010101011100101101000111000111100110101101011011001110000001000010101000000
0011011101111111011011111011111011111111111111111100111101111111111011111110110111111111111111111111111111111111111111111111111011111111111111111011111101111111111111011101111111111111101101110010110001011110101100010101010010011111110001000000000001111010
1111111011101111111111111100110111111111111111111111111111001111111111111111111111111111111111111111011111111111111111111111111111111111111111111011111011111111111111111111110111111111110111111111101110101111101010110000100000000011000000001000011001000010
0111011111111111111101101111111111111111111111111111111111111111111111111111111111111111111111111111111111111111111111111111111111111111111111111111111111111111111111111111111101110111111110110101110111111011110010010110010011110011010010101111101000010001
1000011000110111101101111011011111111111011111111110111111110111111110111111111111111111111011111111111111111111111111111111111111111111111101101111111111110111111111111011111101111111001111111111111111111101111110101011110001001000010100101111111010000101
1110111101111111011111111110110101011111111110111111111111111101111111111111111111111111111111111111111110111111111111111111111111111111111110011111111110111111101111111111111101111101111111101011110111110000101111000000000100000011011010111000001000101100
0101001100111010110111111110111101111101111111111111111111111111111111111111111111111111111111111111111111111111111111111111111111111111111111111111110111111111111111111011101011101111011110111100110111100001010100011011001100010010100110110000000000110001
1010111100110100011111011111111111101111111111111111111111111111111111111111111111111111111111111111111111111111111111111111111111111111111111111111111111110110111111011111101111111110111111110100111110001011010010111101010010010001000100100000000110001101
1100101100111110111111111110111110110101111111111111111111111111111111111111111111111111111111111111111111111111111111111111111111111111111111111111111111111111111111111111111111111111101111101001011011011011110110111100001111111010001010101100101100000100
1111110111110011111001110110001111111111111011111110111111111111111111111111111111111111111111111111111111111111111111111111111111111111111111111101111111111111111111111100111111100010010111111111111101000100111110101001000111010011001101011001000001100110
1101011111110101111111111111111111111111111111111111111111111111111111111111111111111111111111111111111111111111111111111111111111111111111111111111111111111101111111110111111110111111111111101111111101111001011110100101010000100101010111000010000101110010
0111011011111111111111111111111111111111111111111111111111111111111111111111111111111111111111111111111111111111111111111111111111111111111111111111111111111111111111110101101111011111000101110111111101100011100000111011011010111101111101100111000000001001
1111101101111011011111111111011111111111011101111111111111111111111111111111101111111111111111111111111111111111111111111111111111111111111111111111111111111111111110101111101111011101101100111001111011101111110011000110011010011010001100001000110100000000
1001111011111011101111111111111110011111111111111111111111111111111111111111111111111111111111111111111111111111111111111111111111111111111111111111111111111111111101111111101110100101111110111101101111101101110111011111110000000100010110010110000000100010
1111111111111111111111011111111111111111111111111111111111111111111111111111111111111111111111111111111111111111111111111111111111111111111111111111111101101111111110111111111111111011111111011111111111011111110011100111000010010000001000010100000000000011
1111111011101111111111111111111111111111111111111111111111111111111111111111111111111111111111111111111111111111111111111111111111111011111111111111111111111111111110111111111111011111111110111111101111010111101011011010110111011000111110100000001110000101
0111011111001101111111111111011111101111111111111111111111111111111111111111111111111111111111111111111111111111111111111111111111111111111111111111111111111110111111111111110110111011111100111111111111010101101101101001111110011100000100001011110000011000
1111111111011111111111111011111111111111111111111111111111111111111111111111111111111111111111111111111111111111111111111111111111111111111111111111111111111111111111111111111111111101111111100111110101101011011011001111011000001110010000001000011001010010
1111110111101111111111100101111111110111111111111111111111111111111111111111111111111111111111111111111111111111111111111111111111111111111111110111111111101111101111111111110111011100110011111011001110011101000100011010101001100000111100011011111001010001
1000111111101110111110111111111111111111111111111111111111111111111111111111111111111111111111111111111111111111111111111111111111111111111111111111111111111111111111111101111111011111111111110110110101101001011110100110010011100110101011100011101100110111
1101101101110011110111110111111111111111111111111111111111111111111111111111111111111111111111111111111111111111111111111111111111111111111111111111111111111111111111110111011111110111110011100110111011001110000110100100110101111000111000010001101110110010
0011101111111111101111011110111111111111101111111111111111111111111111111111111111111111111111111111111111111111111111111111111111111111111111111111111111111111111111111111111111101111111011111111011101101111111100111100111101011000000000101010001000101011
1011101111111111111111010011110111111111111111111111111111111111111111111111111111111111111111111111111111111111111111111111111111111111111111111110111111111111111111111111111111111111111111011111001011111111101111001000111111000001110011000110101010100000
0100101111011111111111111111111111111111111111111111111111111111111111111111111111111111111111111111111111111111111111111111111111111111111111111111111111111111111111111111111111101111111110011011010111111111100100100111100110010010100010010011111000000100
1110111011111100111111111110111111111111111111111111111111111111111111111111111111111111111111111111111111111111111111111111111111111111111111111111111111111111111111111101111101111111111111011101011110101010111001010011110011000001111001010000101110100001
1111010110111111110111111111111111111111111111111111111111111111111111111111111111111111111111111111111111111111111111111111111111111111111111111111111111111111111111111111111110111111010011111110111110111000001101001101100000101001110110100000011000010100
1011111011111111101111101101111111111111111111111111111111111111111111111111111111111111111111111111111111111111111111111111111111111111111111111111111111111111111111111111111111111111111110111011111110000001000010101100111100111101110011000000001001000101
1011110111111111111111111111111111111111111111111111111111111111111111111111111111111111111111111111111111111111111111111111111111111111111111111111111111111110111111111111111111111111111011111100110110010111100011011010101010110100101011101011010000001101
1111000100111111011111110111111111111111111111111111111111111111111111111111111111111111111111111111111111111111111111111111111111111111111111111111111111111111111111111111011111111111011111111011111110111101000110110100100110110000111001000000000000010000
1000010110111111110111111111111111111111111111111111111111111111111111111111111111111111111111111111111111111111111111111111111111111111111111111111111111111111111111111111111111101111111111111111111001110111011111111101101110110100100000110000000011000000
0110111101111101111110111111111111111111111111111111111111111111111111111111111111111111111111111111111111111111111111111111111111111111111111111111111111111111111111111011111111111111111111011111101011000011000110100101110001111110000110101000110000101001
0011110101110111111111111111111111111111111111111111111111111111111111111111111111111111111111111111111111111111111111111111111111111111111111111111111111111111111111111011110111111111111110111111111111110010000101001111100101110010110011011100000001001000
1111111111111011111111111101111111111111111111111111111111111111111111111111111111111111111111111111111111111111111111111111111111111111111111111111111111111111111111111111111110101101110110111111111110001001101100010111111110011001101101011010010000000001
1111111011111111111111111111111111111111111111111111111111111111111111111111111111111111111111111111111111111111111111111111111111111111111111111111111111111111111111111111111111111101101111110010011111111011011111010111011010111111011000000100000000011111
1101101111111111111011111111111111111111111111111111111111111111111111111111111111111111111111111111111111111111111111111111111111111111111111111111111111111111111111111111111111111111110111011111111100001111101100011001101010110111010001010001100011010010
1101111011111110111110111110111111111111111111111111111111111111111111111111111111111111111111111111111111111111111111111111111111111111111111111111111111111111111111110111011111111111111110110011101101101101111111101101111011010111010111010001101010000100
1111011111011101111111111111111111111111111111111111111111111111111111111111111111111111111111111111111111111111111111111111111111111111111111111111111111111111111111111111111111111111111011110111110111101011110100010111101101010101110101001010000000001001
1011111111011111111111111111111111111111111111111111111111111111111111111111111111111111111111111111111111111111111111111111111111111111111111111111111111111111111111111111111111111110111111111111111111001111001110110110110110101111011001100110011010000010
1000111101110111111111111111111111111111111111111111111111111111111111111111111111111111111111111111111111111111111111111111111111111111111111111111111111111111111111111111111111111111001101110111110110110010101101111001111100110101000010000100000101100001
1001111100111111110111111111111111111111111111111111111111111111111111111111111111111111111111111111111111111111111111111111111111111111111111111111111111111111111111111111111111111111111111111111111110111111011011001111111101110011010001111001000100001010
1110111111111101011111111111111111111111111111111111111111111111111111111111111111111111111111111111111111111111111111111111111111111111111111111111111111111111111111111110111011111111001111111011001111010110001010110110001111110101011111001000010100110100
0010001111101110111111111111111111111111111111111111111111111111111111111111111111111111111111111111111111111111111111111111111111111111111111111111111111111111111111111111111111110111111111111111111101001101111010101001001111000111011100010100111000000011
1011111110111111111111111111111111111111111111111111111111111111111111111111111111111111111111111111111111111111111111111111111111111111111111111111111111111111111111111111111111111110111111111111111101011110101110110000111100100011000111111001010001010000
1101111111111101111111111111111111111111111111111111111111111111111111111111111111111111111111111111111111111111111111111111111111111111111111111111111111111111111111101111111110111111111111111010110110011001010111101001001101010100001000111110001000010101
1011111001111111111111111111111111111111111111111111111111111111111111111111111111111111111111111111111111111111111111111111111111111111111111111111111111111111111111111111111111111111011011111110111011111111101111010001100111010101001100000110000001000110
1010010111111011111011101111111111111111111111111111111111111111111111111111111111111111111111111111111111111111111111111111111111111111111111111111111111111111111111111110111111100111110111111110101111110011110101111011010011010001010100011101100110110111
1111110111111111011011011111111111111111111111111111111111111111111111111111111111111111111111111111111111111111111111111111111111111111111111111111111111111111111111111110111111111111110111101101110101011110111011111001011010011100010000110111011110100100
1111111111111111111011111111111111111111111111111111111111111111111111111111111111111111111111111111111111111111111111111111111111111111111111111111111111111111111111111111101111111101101011111101100001011111001010110010111010011110001000010001000001011000
1101110111011111111111111111111111111111111111111111111111111111111111111111111111111111111111111111111111111111111111111111111111111111111111111111111111111111111111111111110111011111111101111110110111011110010010110000111111011010001000010101010011001011
1111011111111111111111111111111111111111111111111111111111111111111111111111111111111111111111111111111111111111111111111111111111111111111111111111111111111111111111111111011111110111111011111111111111001001110011110110011011010010110000000101000110010000
1101111111101111101111111111111111111111111111111111111111111111111111111111111111111111111111111111111111111111111111111111111111111111111111111111111111111111111111111111110111111111101001101001111011001100010100011110111000011100011000001010110011001001
1001111111111110011111111111111111111111111111111111111111111111111111111111111111111111111111111111111111111111111111111111111111111111111111111111111111111111111111111101111111111101101110100111110111010110100011000000110011110110000011001001100011100010
1101111111110101101111011111111111111111111111111111111111111111111111111111111111111111111111111111111111111111111111111111111111111111111111111111011111111111111111111111111111111111011111111111111011101111011001100101011001010001010011001100110110000001
0011111101011111111101110111111111111111111111111111111111111111111111111111111111111111111111111111111111111111111111111111111111111111111111111111111111111111111111111111111111010111111111011111011111011101011111110110011110011000110001000100001100000100
0100111010111011011111101111101111111111111111111111111111111111111111111111111111111111111111111111111111111111111111111111111111111111111111111111111111111111111111101111111111111101110111111111111001110010110100111011100010111000011101101010110110101100
0101110111111111111111111111111111111111111111111111111111111111111111111111111111111111111111111111111111111111111111111111111111111111111111111111111111111111111111110101111111111111111101011111110011011111111110110110000110001111100111011000101010110000
0111111101101111101111111111111111101111111111111111111111111111111111111111111111111111111111111111111111111111111111111111111111111111111111111111111111110111111111111111111101011110111111111010111101111011111011001101110111010011110100110100100000001011
1111101111111011111111111101111111101011111111111111111111111111111111111111111111111111111111111111111111111111111111111111111111111111111111111111111111111111111011111110110111101111111111111111110111111111001111000011110110100010111010110001000001101011
1111101111101110111110111111011111111011111111111111111111111111111111111111111111111111111111111111111111111111111111111111111111111111111111111111111111111111111011111111111111111111110111010101111001111111110100101010101011110010110001101000100100010110
1110111101111111111111111011110111111111111111111111111111111111111111111111111111111111111111111111111111111111111111111111111111111111111111111111111111111111111111111110110111011111101110111111110110101110011100010001111110010100000011100000000010101011
1111111101011111111111111110001111111111111011111111111111111111111111111111111111111111111111111111111111111111111111111111111111111111111111111111111111111111111111111100111111111111111101011111001110001010101110111110001000111001100001000000001000000000
1110111111111111011111111111111111111111111111111111111111111111111111111111111111111111111111111111111111111111111111111111111111111111111111111111111111111101111111111110111111010101101011111111010111011001110111010000010001000110000101001000001111001100
1111110101111111111111011111111111111111111111111111111111111111111111111111111111111111111111111111111111111111111111111111111111111111111111111110111111111110101111111111111101101111101010111111001011110010111000011001000111001010100100101111011001000110
1111110111101111111111110111111101001111111111111111111111111111111111111111111111111111111111111111111111111111111111111111111111111111111111111111111111011111111111111111101111011101011111111111100110010011100111110101010110100011000011100010100100000110
0110111101100101111111111111111111111111111111111111111111111111111111111111111111111111111111111111111111111111111111111101111111111111111111111111111111111111110111111111110111011111110111111101110111111111111001110101001011000100100011001101010101001110
1111111110110111111011111101111111111111110111111111111111111111111111111111111111111111111111111111111111111111111111111111111111111111111111111111111111111111111111111111111111111110111011011110111010011111110011111110011111111110000100010000011000000010
1101111110011111111111111111111111111111111111111111111111111111111111111111111111111111111111111111111111111111111111101111111111111111111111111111111111111111111111111111101111111111110111111001011101111110101011001000111101010010101011110000011000011001
0010110111111111110111111111111111111111111111111111111111111111111111111111111111111111111111111111111111111111111111111111111111110111111111111111111111111111111111111111110110101111101111011111011111101011101101111001011100001100101101011000101001100010
1110100111011111110101011110111111111111111111111111111111111111111111111111111111111101111111111111111111111111111111111111111111111111111111111111111111011111111111101101111111111111011111111111110110101110011101011101010001000001100001110000011110000100
1011011111011111111111110111111011111110111111111111111111111111111111111111111111111111111111111111111111111111111111111111111111111111111111101111111111111111111110111101111111111111011110101110111001011111011101000111000100011000000001010000000000001011
1111110111111101111111111101111011111011111111111111101111111111111111111111111111111111111111111111111111111111111111111111111111111111111111111111111111111111111101111111111011111111011110011111111001111111010101110100111101001101010100011000110010000100
1111111110110001101101111111111111111111111011111111111011111111111111111111111111111111111111111111111111111111101111111111111101111111111111111111111111101111111111111111100101111011111110110111011011101111101011001010010111011001000011001110001010101001
1111111111111101111111111111111111111011111111111111111111111111111111111111111111111111111111111111111111111111111111111111111111111111111111111111111101111111111111111110111101011111101110100111111110101111110000001101111001100000001000100110000001000001
0010010111010110111001111111111111111111111111011111111111111111111111111111111111111111111111111111101111111111111111111111111111111111111111111111111111111111011111111111101111111111011101001011011110011111100101011000010110100011111110001111111000001010
1101101101011010111111111100111111111111111111111111111111110111111111111111111111111110111111111111111111111111111111111111111111111111111111111111111111111111111111111111111011111001101110111011111011111100111111111100100100111111010001000001001111110100
0001111110111111011111110111111111111111111111111111111111111101111111111111111111111111111111111111111111111111111111111111111111111101111111111111111111111111111111011111111111110111111110110001111011101101100001011100110100000010011110001100011011111001
1111110111101100111111111011111110011101110101111111111111111111101111111111111111111111111111111111111111111111111111111111111111111011111111111111111111111111111111011111111110101100111110111011110111111011110111001100001100011000011100001001010000100000
1111111001111111111111011110111111111111111111111111110111101111111111111111111111111111111111111111111111111111111111111111111111011111111111111111111111111111111111111011111111111111111111110110011000110011011101111000101111001100001110110100101000010000
1101111011011111101110101110111111111111111111110111111111111111111111111111111111111111111111111111111111111111111111111111111111111111111111111111101101111010101111011101111110100100111111110000100100100000101010001000110111100100011011000101110000011111
0111001111110111010110111111111111111111111111111111111111111111111111111111111111111110111111111111111111111111111111111111111111111111111111110111111111111111111101110111111011101101010101110111110111110011010101111100110000100111101010011011001110011010
0111110101111111001101111111111010111111111110111111111111111111111111111111111111111111111110111111111111111111111111111111111111111111111111111110111101111111011111111111110111111111011011111011010110010111010001000111010110010000110110001111100110000010
1110110110111100111111111111111101111111111111111111111111111111111111111111111111111111111111111111111111111111011111111111111111111111111111111101111111111111111111111111111011111110111011010110101011110000001101101010110110000110000000110011100001100000
1010111101111111001111101111101111111111111111111111101011111111111111101111011111111111111110111111111111111111110111111111111111111111111111111111111111111111111111111111111011111111011110011110111111111000010011101000111011001111000000100001100010111100
1111101110111110011101110011111111111111111111111110111101110111111111111111111111111111111111111111011111101111111111111111111111111111101111111111110111111111110111111111101111111111101111111011011111111011110111000100011010111110010000011001011101100000
1100111110110111011011101110111111110111111011111111111111111111111111111101111011111111111111111011111111111111111111111111111111111111111011111111111111110111110110110110111111111100111101000000100001010110101010010110010010010110000000010010100001101110
1100111110011101100111111111111111111111111111101111111111111111110011111111111111111111111111111111111111111111111111111111111111111111111111111111111111111111111111101111110111111111111110100111100111111000011011101100000110000011111000010110100101100000
0010111001100111110000111111111110111111111111111111111111111111111111111111111111111111111111111111111111111111111111111111111111111111111110110011111111111111111110011111101111001111001101011111111101001011000011011011000001001111100000000110000100000000
1100101111011110000110111011110111101110111111110001111111111111111111111111111111111111111111111111111111111111111111111101110111111111111111101011110111111011111111111111111101010110101011101011100101011100001101000001001110010110101101000100010100110001
1001001111101011111111101111010011111111110111111111111111111110111111111111111111111111111111111111111111011111111111111111111111101111111111111111111111110111110111111111111111111110111111000111010010001010110110000000101101111011001000000000101010111110
1011101100111101011101111101110111101011101111111111101111111011111111111111111111111111111111111111111111111111111111111111111111111111111111111111011111111101101110111111111011101111111111000111001010110110111000100001001100001000100001000000110000010010
1111100100011010111111111011111111111111101111111011101111101111111111101111111111111111111111011111111111111111111111111011111111111111111101111101111111111111110100110011100011001111111110010110000111111010100010000000011101110001100000111001110000001001
0110101011111011111011111111101111111111011011111111101101111111111110111111111111111111111111111001111111111111111111111111111011111111011101111111111111111111110111100111011101001101101110111111110011001010110110011100110011001011001001110001000110010000
1011011111111100111010101111101101111111111101111111111111101111111111111111111111111111111111111111001111111011111011111111011111111111111111111111111111111111111111111100110011111100110100110111110011100011110101011110100000100001010111000000000110000000
0101111111101111011011111111111111100111101111101111110111111111111111111111111111111111111111110110111111111111111111111110111111111111111111111111111111111111111111001111111111110011010111111111010110100011001001110010001011010000111000000101100010010100
0111011111110111010110011101101011111111111111111111111111111111111111111111111111111111111111111101111111111111011111111111111111111111111111111001111111111111111111111010101100111101111111011111011000101010111001010011011000100110000110000000000001010011
1100100111111110111011111111011111101111111111101111111111111011111110111111111011111111111111111111101111111111111111111111111101101111111111011111111111111111011111100101101111111111111100111110110011000010111101011100011110000110000000011001100001101000
0100101011001011101100111111111111111010101111111111011111111111111101111111111111111111111111111111111111111111111111110111111110111111111111111111111111111111011101111110101111111111100111011110101111100011000011100110110100101100100000110000011000001001
1100000100101110010011101110101111111110111001111111101111111111110111111111111111110111111111111111111111011111101111110111111111011111111111111111101011100111110111110111111110011110010000000100000010010111100001100111100101101001010000000000000011010001
1000111101101111110111010111110011101111111111111111111111111111110111111111111111111111111111101111111111111111111111111111111111111111111110111111111111111010111111111110111101110111101110000101011001011111111111000011000000110010011000001000011100000101
1001011111111111111111100111110101111011101011111111100101101110111011111111111111111111111111111111011111111111111111111111111111111110110111111111111111101101111110110111001111110001011110111111011101000100111100000101000010001000111000111101101000000000
1011110011011101111110101110001011111111110101011011111111111111111111111111111111111110111001111111111111010111111111111111111110111111111111111111101001111101111110111101011101110011010001001011110001111101000110000010011100000100110010011001000000000000
0000111111100101110111111110011111111011111101111010110110111111101111111111111110011111111111111111111111111111111111101111111101111111111001101010110101011111111111110111101101011110111111101110111010001100011000100010001011001111011000100011010100001000
1110001010110100101011100111111111001111111111011111011111111100111111011111111111111110111111111101111111111101111111111111111111111111111011111101111011011110110101101111011111010111111110101110111000101010011000100101101101011000011110101000000000000000
1011111111000001110011100011111110101111110111101111011111111111111111111111111111111111111110111111101111111111101111011111111111011111111111101111111110111011111001101111110111100111010101011101110110100011100101101000010000000010010010111000101000000000
0001100111110111010110010110011111101111110011111111101110111111001100110111011111111111111111110111111111111111111111111111011111110101010111111111110111110011110110011111101011110101111011111111011011111011001011101000010110101010001000000011010100100010
0011011111001001111001110001001111111111111011110101111111011100101111111111111111111111111110111111111111111111101111111111101111111111001111111111111011111100011111100101111100011110101100001110011010100011000100100101011010000001101000101001001100000000
1111000101001011111011110010110111011101011010001111111101011111111111111111111011101111111111111111111111110101101110111111111011111011101111111101011010111010101100110011100001000101111001000111101101001101000100000101001001001111001011100011011100100000
0110000010100110111011100111110011001111101011101011111110111101111111111111011111111011111111101111011111111111110101111111111111111110101011101000111111011110101101101011110001100010111100111100010000011100011111010010100111001010111000010000010100000001
1110100101011000101001111100101011111011111011011011111010010111101101011111111110111111111111111110111111111111111111110110111111110111100101111010110010101111111011110000001101111000111100000101011100100111010011011100100010010000000001000100000100000001
0110000100010111011111011111111100111110111011111011111101101111111110111111011000111111111111011011111111110011111111110111111011111111101111111111100101001111001111111000101010111111011100100100010101011011010011010101110100010110000000010100010000110000
1011000011000010011011110110101110001110100100111011100111111111110110111111110010111111111111111110111011011111111111111111010111011111110101101110111000101111111111101101101110110101110110111000010011001101000100011000110010110000001010000100100100011000
1010011010100100001010111111001111001100011111011111110111110101001111111111111110101011111111011011111111111111111110101111001110011111111111110110011011011111000110111100000111110111010101111000000101101100001000000010110010110000000010100101000001011000
0011000110101011111000001110011111101010010110101001111001101111110101011111011111111110110101111111111101111111111111111111011111111111111101111100110110101111011011111100010101110101111100110010100011100001000001000001000000110010011000100010000011000000
1010000000100101001111101010101010000111111101111001010111111110111111111011111111111001111111111110010010111111111101011111101111011101111111110011111011001101000110111111011011010100100111101100101001100001000011010010100100100000100000000000100000000000
0000100000010101100111101000101011110100101001101101011111100111001111011101010110111110101110111111111101111111111100111111011101101101010101011101000100100011010100001111111101111111010001011101011000011101000001101100100100110000100110000000101000100001
0110000011110101001010010001100101111111100000101101111111111111111100011111111011110111111111111111111111111111011111011111111111011111111010111100011111101010111010101100111101101110001100100001111111001110110110000111010110000010000111010001000001000000
1101111111110111111111101000110000011111110100101111111111110110011011111110101111110011111111111111111111111101111111101110101111111111111111111111100100111011111101001101100111110101100000101000101011010000000001000101100000010010100010000001001000000001
0111111010011011010010001110000110111101100011001111111011011110011101101010111111101111101110111101111111011111100101110111100001101111110111110101110111000000101100111110010110110100011010101010101100000001110001000100001001000001010000000000000100000100
1000010111101110110000010111100011010100111000111111111111111111110111101011111100010111010111011101111011011111111101111111111000111101101010011110111010111001111101001110010001011101110100001010000110110001110010000100110110111001001010000010100000110010
0100001100100000100001110001101110001010110010010111101100111101010001111011111011111111100111110101111111100101110110111111111001101111111111101101111011010011110000110000001101001000100101001001001110001000101100000000000111100110101000001010000000010000
1111000010111000101101010000001111101010011110001111011001111111100100011101111110101101111111101101011111110101001110111101101111111111111111111101001000110111100111111011001111111010010101001011001000100110000010000000001110100010100001001000000000000000
1101010100001101001100101110011111000101011110011111100111111001110001101001110011111111011101111111111101101011111111110111101011011110111101010111101000111011000111101111110101011111110100100110111000000110100000000010001100010101011001100111100100010000
1010100000100010011000000010101001100001111110101010100111011100111011010111000111111101111111000110111111110101111001011111111011001111010110101111111110111001111010111111110001111010111110000001011010011110100000000001000011100000000000000000100001010010
0110000010011111111100011011011111111000010010011100111111100011111101000100101110110011111101111100110011110101100111101111110111111101111101110001001111011101011110011101001010000101000000100010001110100000000101000100001111000110000000110000000001100000
0000000010001110000001111010001010100101111111110101011111011111000101101111101101011101011101111111111111111111010110111100110001100110110100000111100000110101111111010010111111010010100011111100110001000000111011110110100001000001110000000000000000010000
0000000110001010000001011001010110010000000011000110010011011111110011111110111111011001111111101111001011111101111111010111000100011111111011111001110101010000010111100100110001101000101000001001111101000100000010110000010110000110100011001000111100100000
1001000000010101101010100011101011001111100100100111001111100110111111010101001111111111111111111111111111110101100101110111100111110111101111111001010100100001100010000001010110111011100100010010001001010100100100100000000000100000000000100110000000000000
1001001001100100000101101111110101111111010011110101010001110101100111111100001111011110011100001111101101110010100010011010011010111011111001010110010011110111001011000110011111001110111010000011001010101001000000000110000000011000000010100000000000010001
0100010000111101101010010001100101111011000110000111101101111111110110110011001111111100010110111001111011110111110111100111110100111110110110110111100110101110000101101100110011011010100100000011100001010100100000010110000110000000001010000100000000000100
1000001001001101000100001000010100100001100010101101100111000010100111011011100111110101110000111111101101011110001001111100001101000110010111111011110111001111101101100101111001011010010001110001100001000001011010100010000111000000000110000001100011000010
0000000010010000000100010000010110000110000110000111101101110110101101111111011101101101010011100011011001010100000111100110110000110001010010111010010110000011001100100111001110101110101011011010000001100100001001000000010000001010010010000010100110010001
1000000100010111001100110011011001111111111110100110110101110100111011100100101111101010001111110100101111111111110101010010111110000100101111110000011000010011100011111101010011110000010000000000000000111100101010000001111000000000010000000110000000100010
0101010000110101011001000011100100001110101001001001011111100100101111100110010111010110010011011011101101111111111111100110110101001010101000000101100110011010010101111000000101001011110001110010110101100011001000010110000000000000111000001000010010000000
0010100001111101000011110000100100101011000101110100011001110011101111110011110010111001010000111100111101011011111111100001100111000010001011000010011001010101000101111001110000000110010110101100000001011000000001000000100100000010001011100000000000100011
0100000000000000101011100011000111111010001000111111010001111111100110110111111011011100111010100001101000100101100111111011010100110111100010001110001111011100111111001101010001110010000010010011101111000100100010000000000101000000000001000000001000000001
1000001000001010001001100001110000000010000100011010011011011010101000010101111010101101001111011111111110100010101001111010010111011110110011100011000110111111111000000001001010010010100010010011010101000000011010100000001101000000101011001111010001100000
0000010110000001011000010110010000010111110100100110111000111000011100100111111011100011000011101111101110011111101010111001010110110110101111011010100001000011010000001100010010011000100010101010000010110100000100010100000001001000010010000100000000100000
0010001000000010011100000011000010000011000101100111001111011000000110101110110101110101010110111001101100100010101010101001011100101110101111011011001100010010010000000011001111100000100000000011111000000101000000000001100000011111000000011000000000010000
0100100000000010001100000000101110101110001110100000110110011101111101001010010111001011000010101011100001110000111011001000111101010010100000110001110001000110111010001101000000000000101000110000000001001000111100001010010001000001000010001000000011001000
1000001000101100000000000110000000111000100011011110010111110111110110101011011011111110110010100110001101110100111001001011110011101000110111100111001000001100111111100011101100111001100100100010100000000000000010000010000000000000000000100000111001100000
0000100001000001101011101001000000110000001111001011011001000001111110000001011111110111010111000110011011100100111111000011101011111000111100100100100110101110100111110110110010101101011001101001000000010001001110101011100000101100000000000010010000000000
0100111011000001010000000000001001110001001001101101100101000111101011001011101101101011110011111101011100000101111011001111001101101001111110100110011111001110110110010110100010001101000001101011110000000011100001001100000000000101010100000011000001000001
0010000000000010110011001000001011110111000101010001000011000111101001100001001111100110000101100001101111101100111000100011110010100001100011001000000100101010010100010010100000100000000010001011000000000101100101000000100001110001000100001000000000000100
0000001000001101100101000011000001001100000100100110011111010100000000111011000110010001011101111001011111001110011110110111110101111010011000110110100000001000000101010001011101001000011111011001000011100011010011000000001000001001000000100011000000000000
0011100001011010111001100101110010101001100011101110001011110111101101001100111000100101111111001011110010011101111011101011000110011001100000100001100011010100101001000101001101000100000000001100010000000000010010000000010101001010010000001000001000000000
0001000100000000110000000001000111000100010101000000111110010010111100011110100000000111001011111000100110100111100110011111000001011001001011010001101100101101100001010000101011010000101000010000100000011000000101100100000101101100111010010000000000000000
1000100100110100000000001001101110000000010011010000000100000111101110001000010010010101110011110010011011100011100011010010101001101000111010011010111101000000110110101000100110011000000000101000111010110000001000000010010001000111000100001000000100100000
0000100001000011110000001100000001100101001000000110101101000011111111001111000000010100000000111001100011110110010001000000010101000011001111111000001000101000000000100101100000110000001010100001000000000010001101000001001001000001000000010000000001000100
1001001000100000001111011110100000110001001001000100000011100001111011011000000001000100000010111001001100010010000110010100100110010000101010101001010101111111001001101101100100010011100010001000011101000000000000101011000000101000001001000000110110001000
1000000010011000000110011000010101010101100000000100100010000000011100001110100110111111010101111110101010000011011111110001110011011001001010011110001000110001100100010010011000001000000011001000000101101001000000111101010100000010010001000000010000010000
1010100010000000110010000000001000111011111100000010100000011111011101100001110011011100100001010111010011101000010101101001100110010000101000101001001000000011010000000101010101000001110101000000011000001000000010000100110000100100100000000011000000100000
0000000010000110010000011101100110000011010110010100111001100001000001100001001011100110101000101001001101001110001010100011101001011100101001001001000000101110010010000000010100100000111100000000101000000010000010000010000000000100000010010010000000010100
1100100000101010100000000100000100010000010110011100011000110110100100101001010001011010001000100001010000000000010101000110101000110011001011100010010100000101101010100000100100000001011000000001110000000110001010000000000001000100000000000001000000001000
0000000100110000001001011100100110111101010111100000110001010111100010001011111101101111001011100010000000100100000000101000000100100111000011110001101000011011110010100000100000010110001000100010010000000010010000000001000101000000000001001100010001000010
0001000101000000000000001110000000000010110010001001010001101011001010001010110110110011000010000010000000001011000011100110001001101111010010011011110010100010101111000010010000010000001001110100110000000000000001000101001000000000001010000101000000000000
0010000001001010000000000000001000000011010001000000000000011110100001000000101010000100011000000001010010100011101011001111010011010000110000001000100011011010000010010100101000100000001100100000111001100000000001000001111010000000001001001001010000000101
1000000000000010010000100001011000000101001100000001101011001011101011100001011111001010110000000011000001000010010100101100101011001000000001000011100000111100011000100000010000101011111000000100100011010110000001110000100000000101000001010000010100000000
0000011000000000000000010010000000000100000100010011000010011001001000110001010000011000100000100000011110000110110100101110100100000100000001010010000110011010010000110100100101000111100000000001000000100000010000111001001000100001000001000001001001000000
0000000000000000100000011001110000000001101001001000010110001000100000001101110100001000100101010011111000010001000100000100001011000010101000000000000011111000001100010000010110101000001000000000000000011000000011101000000011100000000000000000000001000010
0000000001010100100000001000100000100100110110000000101001100111100000010010100001100010110010100100000001100001010001000000000011111010010000000011000111100011001000000100000011000000100001000001000001000100000100100010000010000000000100000000010110100010
1000100000000000010000001001001010000000000110000000100000001010010101011100000010100100010100110111010011010001110001110110001010011000011010000000010000011000101011000000010000010000100001000100001000000000000011011000000110000000001110000001011011010000
0001011000011000010010000011001000000100010010000000000001000100110001100001010000000101010010001000011111010100000001010111011110011000110011001100101001000101110011100000000110100000010100000100010010000000000001000000000001010000000000001001001000000010
0101100000000010000110111100111110000000001000100100000010001101111010110010100000100001000011000000000001110000111111010100111000001001111100000010000000110001000000110101100000101100000100010000000111000000000000000000000000111000000000100100001011010000
0000001100000010001001000000000000000010000110000100011101100010010001000100011100001010010000010111111000101101110011100101011011000010111100101100101100000110000000000000000100001100000100101000000001000010100111000001100000010000001000000000001000000000
0000000000000000000110000000011001001011000010000000000001011000000110000110001000000000100000010010011000000000000000101011000100111110100000000100000010000000010110100001000001000000011000000010010000000010000100000110010001010001001000000000000000010001
0010101110000000000011100010000100000000000010010000000000000011000000000000000011001110000000100110000000000011000100001000000010000101011001000011000000001001000010000110000001100000111110110000000000001111000010000010000001000000001000000110000000010000
0000000000000001000010110010100101000000000101010000000010011000000000001000010001000100001000000010011000010011110101111010000011001010000111110011100000001011000010000010000101101000011001000000000000000000000000010000100011100000000001001000000010000100
1010000000110000100010010000100001000000000000100000000001111010001110100000000011011000011100001011011110110011100101110000101000101011101100110000000000001000010110100100110001000011001000000000001100000000010000010000000000000000001101000000010000000000
0000100001100000010010100000000101001110000000110100001101100100111010101000100000000000011001000010010110101000001001100000000010000011001001000100000000010000000000000000110000000000000000100000001100000000010000000001000000000001010000000000000000000001
0000010000001100000001000011000010000111100001001001100001000001010000000001010101000101000011000000101000001100000000001000110101010100100000101001000000010000000000000100000000011000100001011010000100000000001100010011000011000000010000000110000000000000
0000000000000001100000000010000001000100000001110000000011010010010010001001000100100100110000000001011000000000101001000000000001101111011100000110100010010000110010001000111000000000011000001011000000000000000001010001100000000000000000000000100000000000
0000000000000100000000000000000010100100001001000010000001101000000001000000100000000000110000101000110000100100101000000000000000101100000010100000000101001010001001110011010000000000000000000000000000001001110010111000000010000000000010000000000000000110
1000000001000100000000101000010000100000000010000001000110000000111000100010101100000110010000000100111001011100010100001100011000100001100010000100100000000101100001000100010000100101010000000000000000010001010110010000000100000001000001000000000000001000
1000000000000100000001000100100100110011000001000000000100100010100100000010010001000100111000110000110000010000100011101011101110000111000000010000000101001101001001000000100011010000001100001001001000000011011000000000000100000000100001110000100000011000
0100000011000000000000101001001100001100000001010100000000111110000011001000000000000010100001100001010010001000000000000010000010110000010000000010011000000000001000001000000010010100001000100010000000001000000010000000100010000110000000000000000000000001
0000000000100000101100101000001000001010010000001100010000100110000110010010000000000000000010001000100010011000000001000010000001110001000000000000100100000100000110000001010000000000000000000001010000010001101100000000100000000000000000000000001000000000
0100000000100000000000100100100101000001010000000001000011000110001101000010001110001010001100010100000000011000100001000010000000000000100011000100100100000000000000000000000000010000000000000000010000001000000000000000100010011100000100000000000010000101
0100100000000001000000100110100010000010100101010000000011000011100001000101000000010100010010000100000110100100100110100000000100001000001001010000100001001000001010000000000000000100000010000000000001010001000010000000100000000001000001100010000000000100
0000000100000001000000000000000001000100100100001100010010101100011100001101101000110010000000000000000001010000000100000000010100001010000000010101010001100001100011000100000010000000010001000000010001000000001000001100000000000001000000000110100111000000
0001001000001001110000000000011001000000000000101110001000100001011001010001100010010000100000000010100010111000001000000001000000010000000001000100000000110011000001010101001001000011001000001000001001000000101000000000100000000001000000000000000000001000
0000001101110001000100000000000000001001000010011000000000000010000010010111000110100000000110000000110000110000011010000010101000000010010000001100111000100010111001001000001000000000000001000011001000000000111010000000000000000000000000000000000011100111
0000000010100001000000000100000000001000010001000110001001000000000100101010001000110101000000000101010001000000110100000100000010100001000001000001001100000000000100001000010000000000000001001101010001000000000110100000000001000001000000000000000000000000
0000000100000000000001000100100100010000000000001000101000000000001001100000010010000100000100001101110000000100001010100101000001000010011000000000100000000000000101000000100000110010000010000100000000110011000000000010000000000010000100000100000000000000
0100001000000000010000000000001100101011010010011010100100001000000000000001000001101001000000001000000011000000000010000100011011001000000100001000100000000010110000001000001011000010000101000000000001000000000000000000000000010000000001000000000000010000
0000000000001000000000000000001000000000000100000100000101000001110010100001000000010001000110000000000000000100000001000100010100001011000000001001000000111001101000010000000000000010001010000000000000000000000000100011100000000001000000000000100000000000
0000000000000000000000000010110000001000000000011000000010001000000000000100100100000000001010100000000001100100111000000000000100000000010001000000000000001000100101011100000000000000011000000000000000000000000000000010010001000000000100000100000000000000
0001000110100000000000000001100000001000100000101000000010001010000000000000000000010000001001110100000101110001101010010000000000010001010000000011001000110001100000011000000010000000000000000000100110010000001000000000000100000000001000000001000000001100
0000000000010000000000000000001010000100011000000001111011001001001000010110000100010000001000000000010111000000000011000100110000000011001010101101000101100000000000000000101000100111010000000000000100000011110000001010000000100111100000100000000000000001
0000100001010010000010000000000000010001001101001000000001000000000001000010000010000000001001001000000010001100000000000000000000010000000000000010000000000011100000100000100010000010001100001001000101101010010000000000000000000000110000000000000000000000
1000000000000010001100000001001000000000000001010000000001010000000000000010000000100001010000110000111011000010000010111000000000000001100001100010000000111000000000000000000000000001000000001000010100000000010000000000000000010000000000000000000100100000
0000000000000000000000010000000010001110000000001000000100000000000010000000000010000100000000000001000000000100101010101100000010000001000000001010100011000001000000000000000000010000000000000000000100000000000000000000000000000011000000100000010000100000
0000000000000011000000000100000000000001001000100000010100000000100001000000000010000000000000100001000000011010000000001000110000000000001001100001000000001000000010000000000000100000010000000100000011000000000000010000000010000011000000100000000000000000
0000000001000000000000000100000000010110001000100000000100000001001000000000000000000010000101000100000001000000000100111010001101000000011001100000100010000000001000010001100000110000111000011010100000010000010000000001001001000001000000000000000000001100
0000000000000000000000000100000011000101111000001001110110011001000000000000000000000100010100000000101000100000000100111100000000000000000100001010100010000000000001100010100010010000001001001010100000000000000000010100001010000000010100000100100000101000
0100010000100000000000010010001011110110100000001001011000000001000100000000000101011000100100100000000000100010000000100000000000000000111000000011111000110001000010000000100110000000000000000000010000001001000000100000100000000000010000000000000000001000
0001000011000000000100000000001110100000101000101000000010000000000100010000001000000000000000000100000101000000001010000000000001000011010000100000011100000000100010000000110010000000000000000001000000000100100000100100000000001000010101100010000000100000
0010000100000001100010000010001010010000000001000000000000000000000000000001001100100001000010000011001100010000100010000100000000001010010001101000110100000100000010000010110011000000000101000000000000000100100000000000001000000001100000000000000000000000
0000000000000001010010010011000000000000000101000000010011100000000000100000000000010000100000000100000000001001000000000000000000000001100000000001100010100000010000100000000101000000001000000000101000110000000000000100000000000110000000000000000100000000
0000000000000000000000100100000000010011010001010100000010000010000000100000000001001000001110000011100100101100010000010010000000000100001001100000000000000101000010000000000000101000000000000000000000000000000000000001000000000110100001000000000000000110
1000000000000110000000100001100000000011010001010101000000000000000000000000000000100100010000000000100000001001000000000101001000000100000000000100100000010000000000000000100000100000000010000000000000100010000000100000000000000011100000000000000000000000
0000000000000000000000000001000100000000000100000100000100000000000000000100000000000000000100000101000010000000000000100000000000001000000000000000000001000000000000000000001000010000010000000000000000001001010010000000000011000100000100000000000000000000
0000001000100000000000000000000110000000000101001000111110000000110000011100000000010000000100000001000000000000000000000010000000000000000000000001000000100000000000001000110001100000000001001000010000000111000010000100000000000001000010000000000000100100
0000000001000000011001011001100000000000000000000000010000000000000010001000100011000100000000101001000000010001010000100110000000000001000000000010001000100000000011000000100000010000100000000000001000000100000000000000010000100000000010000000001001000000
1000000000000000000001000001000000000100000000010000100001000000000000111000100100000001000000000000100100010000000000001010010000000000001000001100010000000001000101000000000000010000000000000000000000000010000000000000000000000000000100000010010000000000
0101000000000000000000000001000000000100000000000000000100000011000000000000001000000100000000010011001000010010000000111000010000110000001000000001000000000000001010000000000011100100001010000001001000000000000000000000000000000000000000000000000000000000
0000000000100000000000000000000010000000000100001000000000000000000000100010000001000001000000000000001000110000000000011000010001000001000100101001000000000000000000010000000000000101000000000000000000000001000000000000010100100000001000000000000000000000
0001100001010000000110000010000000000000000000000001101000010000001110000100000000000000110000000000000000000001000000100000010001000000010000000000000001000000000000010000000000000100010000010000000000001100000000000000000000010000001000000000000000000000
0000000000000000000000000000100010000000000010000000000000000001111000001000000000000100000011110000000000001000000001100000100000011000000011000010000000000100000010000001000010000000000010010000110000001000010000010100000000000001000100000001000000000010
