0001000000000100010000100001001000010001000000010000001001010110100011100111011000100110000101100000110001111000101111000011100001000100001000110010001000011110000010000000110000010001000000000001011000000000000000101000100010010000010000000000000000100000
0000000011000000100010000000000000000010001000010000001111110100110101100001010000010110100111101000011001110100001011000100100011000000101001101001000001010100001000110000101100000001110000000000011000000000000000000000000000100000010000000000000000000000
0000001010001001101000001000000010001010000000001000000011100100110010100001111000011001000010111000001110110110001001101000110001000100001101111011001101000000111110111001100000110010100110011000011000010100010010000000000000000000000000011110000000000000
1001111001001100110011000010101000011111000100111010000111111000010000101000110100011000110000011000011001110110011011110100010001110101000001010000011100011011101100100000110010011011000000001111111001010111010001100000000000000001000000100000000100000100
0000100101100011000000101111101000100101010000101001000001101000111111001011101000001010110010000000011111111101111100100011110001011100101001011001101101011001110101101011110111100110010111011010001010100000001000100000010110010111010000010100000100000001
0100011010101010110010000000011101101010110101111011111011111100110111111110110000101110010011001100011011001111111010011100011110001111010001110101000100111000010111000011011001010010100010001011100101101010000000101101001001000001000000101011100010000000
1011001000101010010111100100010111111011110001110011011011101111110111100111111100101110011001111111010111101111011111110111111010110001010110011100111110111101101101110001000110000010111010010000100100010000110000001111000110000110011011000000000111000011
0001010110010011101111001011110110011011111000111011110110011010101111111111111100101110100110101101111100111011101111111011010011111110010001111101111010010110111111001101100000000101011010011001000110001010010000011000000000000010001100000001000010000001
1000010010001001100011000000000100001111011001011011101111011110101100011100111111111111011011111001100111111111111101111111101111101111111111010101100100111101010011000010011010110110010000011100111100001011101100011101000000001000011010001000000011010000
0100010100100010111101101110110100110000111100011010100010011011000101111101011010011011011111011111001111111011001010001110100011110101101011100111111101100111100011001011110110100001000001000111010100001001110000100001000010000010000000000000100001001001
0000000110001010101001010011001011101101110111111101000101011101100110010001011111111110111110011111111100011111101010111111111110011101110110010111111011011000110111001111110000101110101011000010011100001000110101001010000000000000000000101010000000100000
0000111010010011010111110101111110000110111001100111111111101100011101110011111111100010111111111111011111111110101111110111101011111100111101111100111111111111111100001110010111111101110010010100001110101101000000101001001100000000100001001001010100100100
0000111011100100101111110010111011110111001000000010001110011111110011110111111111011101011101111011011111111111011111011111110110111110111111011011011101111111011111110101101000010111111001101100100011001111101001000101100000010000000010010011110010001100
0000001111110100101011001011110001111111111110101011110011100101010111011111101101011110111111111111101111111101111110011111101111111111101111111100101101111001001111010000101011000101110001111011101101000000100010110111101001010000010001001000001101010101
1111001011001100001000110100111001100110001111111111111010110111111110111111101111101110101111010111101101111111101101111111111011111111100110011101011101001110100011111011100101000101101100000101110010101111000011010000010000100000100100110000001001000000
1011000011110000000100100001011101111011111110111011111111110111101011111101101111111011111111111111111111011001101111011111110011011111111000011101011101011111011011011011100110111110000000110001010100011001001100000010001111010110100000010000000000000000
1101000110111010001110111111011101101111111101010111011000100101001101111100110111101111111011111111111111111111110111111111000110011010110011110111110111100000011001011100011100001110111001101100010000011001000000100100000001000000101000010110001000000011
1111001111111010100100001011101010100110001100111011011110011101100111011111111111010111011101101111110111111111011101111111111111111110011100110111111101111101010100111101100101111101111011011011101000010011110000100100100010111100000000011000011000000100
1011101000001001111011111111001111111010100101111111010101110111111111011111111110011110101111111100111111111111111011110110111111110111111011100101111111111101011010101101111011000100000011111001010011010100100100000001010000001100001000000010001000001010
0100111000010100001010111111110110110111111111011111111011101111011101001111111111111101111111111111110010111111111111111111111111111100111111111111011111001101111101000001111101010000000011101010011011100100111010100000100101100100010110000010000010000000
1011101111001010111111101101100110100111110111001110111111111111100111101011111101111111011100111101111100110101110111111111111111111100111111110101111111001111101110011001111110101001011100111101100000101100010101000011101001011010100000000000100000000000
1110001111101001111101011111000000001101100111111111110011110111001101011111011111111011111111111011111111111101011011111101111101100111111101110110110011010111101111101110111101011110001010101001000001110011011101100000111110100010000100110010000010000000
0111011110111101111000101110111010110101110111111011011111101111111111011111111111111111011111111101111011111111111111111111101110000101111111111111111111111111101111111011110101101111000101101101000011110110101010000100011000111010010100100100010000000001
1000110011110011110110011010110001101011011111101111111010100111011110111111101111110111110111111111111011111111111111101111111111111110011011101111111111010001111011111100101011110110110101101100101010100010111010010010010100010110110100001100000000100000
0111001101111011101100011010001011111011011111111110111111111110111011111111111101011111111111111111111111111111110011101011111111111111111111101011001111111111111101010100101010000011011011100101100010111100100000100001001100000010011000101000011010011011
1011101001011011011111111110011111111111100111111001011110111110111111110111111111011111111111111101101111111111111110111111101111111111101011111111111010111111001110011111111111111111111100110111001100110001000001001011100011111100000000000111001001000001
1011000000110100011101001100111011101111111101110111111111111101111111111011111111111111111111111111101110111111011000111111010111111101111110110110101101011011111110001111010101000000000001001101000111101001100100010010001010000111100001100100000100011000
0110011111111100000000011011111111110111111111111010111101111111111101111111111111111111011111111111111111111111111111111111111111111111111111111110101111101011111110100111110110011011100111000111111010000100110001001011011000100110101010101100100000010011
0110001000111110000011110111110011111111101111011001111111111111101101111111111111111111111111111111110111111111111111111111111111111111111011111111111111111111101000111111010001001100000111110010100101110110110100110011101000100010110000100000000000000000
0111111101010110100110001100001111101101101111001111111111011111111011111111111110111111110111111111111111111111111011111111110011011111110111111110101110110111111011101111111111011101011011110000010110010011111111001100111010000110001000001000010000000000
0010110011011100101110111011110111111111010111111111111101111111111111011111111111111111111101111111101111111111110111111111111111101111111110111111101111111111101111110101111111111101101011111100110110111001100111101000001100101000100011100000000001010000
0000000000010110101111110011111101111111111001010111101011111011111111111111111111111111111111111111111111111111111111111111101111101111111111111111111101110111111111111110101011011111101111001111111010101001110001100010110111110010000001000000101001101100
1010001111101110001101010110111011111111001010110111110111111010111100111111111111111101101111111111111111111111111111111111110111111111111111110010111111110011101110111101111101101100000101110110110001001000100010001010001010101000100001001100000000000001
1010011111101111100011101100110110111101111011101111111111111011111111111111111111011111111101111111111011011111111111111111111111111111111111111110010111101111111011111111101111111110011110101101101001001100110000011010110010010000000100001010110000000000
0010010111000000110011110111111111110110011101111111111111111111111111111111111111111111111110111111111111010111111111011111111111111111111111011010111111111110111111111110000010111111001111101110001110000011010110110000000000101010000011000000100000000001
1110110001010100101111111111111111111111101110111011100011111111111111111111111111111111111111111111111111111111111111111111101111111111111111111111011110111110111110101111101111101111011111011111101100101011011111011011000010000001000011100000001000000001
0111110111010010011001001010111111100111111111111111110111011111111111111111111111011111111111111111111111111111111111111111011111111111111111111110111111011111111111110110111111111110101100101110001101100111000010001001001100001000100110000110001000011001
1100001111011010110110010111100101110011111111111110111011011111111111111111111111111111111111111111111111111111111111111011111111111110111111101111111111011110101011011011010110011011111111110111001101010010011011001010000000000001011101000110000010010010
1011111000111001001111111000111111111111111111111111111111111111111111111111111111011111111101111111111111111111111111111111111111111111111111011111110111111101101111010111111110111101111101110110011100100100110011110110100000001101000001001101101000000110
1111111011011111111110011101010100011111011111111111111111110111111111111111111111111111111110111111111111111111111111111111111111111111111111111111110111111101111110100111111110110111111111110100111000101011100000011101010011010010001100110000100000000000
1101101100011110111111110110001101101011111111111110111011111111111111011111111111111111111111111111111111111110111111111111111111110111111111111111011111111111111111100111110110111111101110111010011011111100011010110100101100000100001100101010100111101000
1001110110110011010101111111111101111111111111111111111111111111111111111111111111111111111111111111111111111111111111111111111101111111011111111111111111110111111111111111111110111101011011111110010110010011001011000100010000101111101001001000000010011000
1110101101011111111111101111011111011111111111111110111111111011111111111111111111101111111111111110111111111111111111111111111111111111011111111111111111111011111100111111101111110001111011111101110011100101001100100110000011000110000001110101100100100000
1011000110111100111110110110111111111001001101011111101111110111111111111111111111111111110111111111111111111111111111111111111110111011111111111110111111111101111111111111111101110111111101110100111100011111000000000110010000011110000111000001000011010010
1011101001011111111111110111111111101111011111111111111101111110111111111111111111111111111111111111111111111111111111111111111111101111111111001111111111111111101111101100011101110011011010100101110001110101100011010101100110101110000000100000000101100011
0011111111011001111001110110111101010111111110111111111111111111111111111101111111111111111111111111111111111111111111111111111111111111101111111111111111111110111111111111011111111110011011001000111101111000000111001101010001000100100100001000000000110000
0111110111011110001001111110111110111111111111111111111111110111111111111111111111111111111111111111111111011111111111111111111111111111111011111111111111111101111011111111101111111001011111100000000011111110010111101110110011100000001000101000100100000111
1111100001101111111111111110011111111111111110011111110111111111110111111111111111111111111111111111111111111111111111111111011111111111111101111111011111111111111111011101111110001111111011011101100001010111000001111010111111000111100000000000101000001110
1001111111111011011011101111101110101101011111111110111011111111111101111111111111111111110101111111111111111111111111111111111111111111111111111111111111111111111111111111011011101111111001111101111111011101100011010111100100000111000001100011010011000010
0010011101111111011011011001111110111111111111111110111111111111111111111111111111111111111111111111111111111111111111110111111111111110111111111111111111111110111011111111001111110111111110100111111110110111111010011101001001111100000000000010100000000010
0010111111111111011111110111111111111111111111111111111111011111011111111111111111111111111111101111011111111111111111111111111011111011111111111111111111111111111111101111111111110000110111011110100010101101011111011001000001010110011100000010101001000011
1101001100011101111011111111101011111111111111011010111111111111110111011110111111111111111111111111111111111111111111111111111101111111111111101111111111111111111111111101100111111111110111111000111011111011110011010011011101011111000000101011001000000000
1101101010111110010111111111111111111110111111111111111111111111111111111111111111111111111111111111111011111111111111111111111111111111111111111111111111111111101111111111111100111111100111110011001001110111111101000100111000110110000001000011001000000010
1100110111100011111111011111110111111111111111111111111111111111111111111101111101111111111111111111111111111111101111111111111111111111111111111111110111111111111111111110011111101111111111111100111011111111101011101101010011001001101110100000000000001010
1010111011110011111111111111101111111111111111111111111111111111111111111111111111111111111111011111111111111111111111111111111111111111111111111111111110111111111111111111111101111011110100111111111111011000001001001010001111011001100111110000001011000101
1101111010011101111111101111110111100110111111111111111111101111111111111111111111111011111111111111111111111111110111111111111111111111111111111111111111110111111111111111010111101111111110111001111111111111000011111111110111101100001001000010010010100010
0101001111010111111110111111111111101111111111111111111111111111111111111111111111111111111111111111111111111111111111111111101111111111001111111101111111111111111011111111101011100111011111011010101100011010111010000011001000100110101000100010010010010011
1011100001111010111011111011111110111111011110111111111111111111111111111111111111111111111111111111111111111111111111111111111111111111111111111111111111111111110111011110111110110111011111111111111111001001011010010010101001100100001000000001000100110010
1001101111010111111001111110111111111111111111111111111111111111111111111111111111111111111111111111111111111111111111111111111111111111111111111111111111111111111111111111111111110111011111110101011111101011011011000000001000100101000001110101111010010011
1111111101000111111111111111111111111111111110111111111111111101111111111111111111111111111111111111111111111111111111111111111111111111111111111111111111111111111110111101111110111110111111111110000111111110011001101011011011100111101111110110010000000000
1110111010101111110111111101111111111111111111111111111111111111111111111111111111111111111111111111111111111111111111111111111111111111111111111111111111111111111111111111111111111110001111110011111011001101101001100100110011000000111101100000000101110000
0111110000111111111111111110111111111111111111111111111111111111111111111111111111111111111111111111111111111111111111111111111111111111111111111111101111111111111111101111111111111111111111101111010111001011111110001001001100111011011110100000101000000100
1110111100111111110101111101111111011101111110111111111111111111111111111111111111111111111111111111111111111111111111111111111111111111111111111110111111111111111111111111110111101110111110111111111001101011101100101011011010011010011010011000111101011010
1101100111110110111110101011110111111111101111111111111111111111111111111111111111111111111111111111111111111111111111111111111111111111111111111111111111111111111111111111111011111111101111111011111101110101000100110001100000000000000101000000000000000010
1111111100111111111111111111011111111111111111111111111111111111111111111111111111111111111111111111111111111111111111111111111111111111111111111111111111111111111011111111111111111011111101110011110011101001111100100010001101001000001110001100100000000000
1110100111111001101111111111111111111111111111111111111111111111111111111111111111111111111111111111111111111111111111111111111111111111111111111111111111111111111101111111101110010101111101101110111100001110011100011000111011101001011100000110000000001000
1111100111110110110011111111111111111111111111111111111111111111111111111111111111111111111111111111111111111111111111111111111111111111111111111111111111111011111111011101111111010111101101111001111110111001110010111000101010101001001001111000000011000000
1111111111111011111111111111110111111111111111111111111111111111111111111111111111111111111111111111111111111111111111111111111111111111111111111111111111111111111110111111111111111111011110100111100110011010111111110001000100001011100000100101000001010010
1011111101101011111110011111111111011111111111111111111111111111111111111111111111111111111111111111111111111111111111111111111111111111111111111111111111111110111111111111111111110110111101110101111110111101110010101000010110011000000010100110000001000100
1011111001111011111010111111111001111111111111111111111111111111111111111111111111111111111111111111111111111111111111111111111111111111111111111111111111111111111111111111111101111110111100111001110110011101011010111010010111011011001001010110010000000000
1011010111111101111111111111111111111111111111111111111111111111111111111111111111111111111111111111111111111111111111111111111111111111111111111110111111111111111111111111111100111111010111110111111111111101000000001011110111000100000001011110001010001000
1110101111101110111110111110111111111111111111111111111111111111111111111111111111111111111111111111111111111111111111111111111111111111111111111111111111111111111111101111111110111111110111111111111011101111011011000101010111000000100100001000000011111010
1101010101101111101111111011111111111111111111111111111111111111111111111111111111111111111111111111111111111111111111111111111111111111111111111111111111111111111111111111111011011111111110111110011111100100101111011111100100101000000010001101110101001100
1101110111011110111110110111111111111111111111111111111111111111111111111111111111111111111111111111111111111111111111111111111111111111111111111111111111111111111111111111111111011111111111111011100100111010101000110010010111111000000001001001000011000001
1111111011101110111011101111111111111111111111111111111111111111111111111111111111111111111111111111111111111111111111111111111111111111111111111111111111111111111111111111111111111111100111110111111111100101101111111100010000110010010110101000001011011001
1110111111111111111111111111111111111111111111111111111111111111111111111111111111111111111111111111111111111111111111111111111111111111111111111111111111111111111111111111011111100111111010011111110001111100111111110110011001110001001001100101001000111001
0001111111111111111111101111111111111111111111111111111111111111111111111111111111111111111111111111111111111111111111111111111111111111111111111111111111111111111111111101111111111111111111111110111110111111011011011010001110010111110100001110011010110001
1101110111111111111101111111111111111111111111111111111111111111111111111111111111111111111111111111111111111111111111111111111111111111111111111111111111111111111111111111110111111111110011111110111110111011111011011110101111111111110011101011101010000011
1010111100111011111111111111111111111111111111111111111111111111111111111111111111111111111111111111111111111111111111111111111111111111111111111111111111111111111111111111111110111011111111111111111001111111111001001011011111000010110010110110001010110000
1110111111111011111111111101111111111111111111111111111111111111111111111111111111111111111111111111111111111111111111111111111111111111111111111111111111111111111111111111001111010111111111111101011111110011111101011011011110111110110001110000000001010000
1111111111111111111111111111111111111111111111111111111111111111111111111111111111111111111111111111111111111111111111111111111111111111111111111111111111111111111111111111111111111111111111110111110110111111101011010010110110011110101011000110100000011000
1101010110111111111111111111111111111111111111111111111111111111111111111111111111111111111111111111111111111111111111111111111111111111111111111111111111111111111111111111111111111111101111110100101100000111111101011110111001110000011010001100101111011101
1010111111111011111111111111111111111111111111111111111111111111111111111111111111111111111111111111111111111111111111111111111111111111111111111111111111111111111111111111111111001111111111011101111111000101111111111111011000110100100010100001000100000000
1111011101111011111111111111111111111111111111111111111111111111111111111111111111111111111111111111111111111111111111111111111111111111111111111111111111111111111111111111110101111111111111111110110101100111011101100000101100100110101111010100001110111010
1111011111111111111111111111111111111111111111111111111111111111111111111111111111111111111111111111111111111111111111111111111111111111111111111111111111111111111110111111111110111111111111011111111111100001001001110001001101001011100000101111100000101110
0011111110111101111101110111111111111111111111111111111111111111111111111111111111111111111111111111111111111111111111111111111111111111111111111111111111111111111111111011111011111111111111110111101101000111111000011000100001010100101110000101100100000010
1001110101111111111101111111111111111111111111111111111111111111111111111111111111111111111111111111111111111111111111111111111111111111111111111111111111111111111111111111111111111111111110111111110110101111101010111101101100100000001000000001110001101100
1111110011111110111101111111111111111111111111111111111111111111111111111111111111111111111111111111111111111111111111111111111111111111111111111111111111111111111111111111111111011010111101111001111111110110010111111111101011100010010001000001000100101110
1111101110111111111111111111111111111111111111111111111111111111111111111111111111111111111111111111111111111111111111111111111111111111111111111111111111111111111111111011111111111111011011011111111111111011101011111110011100000011001010101111000010000001
1110111110110111111111111111111111111111111111111111111111111111111111111111111111111111111111111111111111111111111111111111111111111111111111111111111111111111111111111111111111110110100111111011111111111101000001001111011111000000101001000000001010000100
1011001110101110111111101111111111111111111111111111111111111111111111111111111111111111111111111111111111111111111111111111111111111111111111111111111111111111111111111111111111111111111110101111111110101110000110110110100110110100100010111011000001011010
1111101111111111111111111111111111111111111111111111111111111111111111111111111111111111111111111111111111111111111111111111111111111111111111111111111111111111111111111111110111101111111011111111010001011111111011011011001110111100111100001010100000100100
1111101101101111111111111111111111111111111111111111111111111111111111111111111111111111111111111111111111111111111111111111111111111111111111111111111111111111111111111111111111111111011111111011110011101000111101001111110110100011010000000010100110001101
1111111111010111111111111111111111111111111111111111111111111111111111111111111111111111111111111111111111111111111111111111111111111111111111111111111111111111111111111110111111101111111111111111111100111110101100011011100110011111110101110010010011011010
1001110111111111111111111111111111111111111111111111111111111111111111111111111111111111111111111111111111111111111111111111111111111111111111111111111111111111111111111111111101111111101011111111111111011110001111011000111110001100111100000000001011110000
1111111011000111111101111111111111111111111111111111111111111111111111111111111111111111111111111111111111111111111111111111111111111111111111111111111111111111111111111111111111111000111111101001101001111111110101011001000000110001011001000111101001100000
1111101111111111111001111111111111111111111111111111111111111111111111111111111111111111111111111111111111111111111111111111111111111111111111111111111111111111111111111111111111111111111001110111101101011111110111110011011100000011100011101001000101011100
1110011111111100101111111111111111111111111111111111111111111111111111111111111111111111111111111111111111111111111111111111111111111111111111111111111111111111111111111011111111111111111111111011111101101110110001110101101001010111111000010000001001001101
1011111001111111111110111110111111111111111111111111111111111111111111111111111111111111111111111111111111111111111111111111111111111111111111111111111111111111111111111111111111111111111111110111111000111011111111010111000001111111001110011000100000111000
0111111101101101111111111111111111111111111111111111111111111111111111111111111111111111111111111111111111111111111111111111111111111111111111111111111111111111111111111111111111111111111111111111111110100111100101111111110011001111101011010000100010001010
1110110110101111111111111111111111111111111111111111111111111111111111111111111111111111111111111111111111111111111111111111111111111111111111111111111111111111111111111111011111111111010100111010110101110101111000001000010010101111000110011000111000000010
0111110111011111111111111111111111111111111111111111111111111111111111111111111111111111111111111111111111111111111111111111111111111111111111111111111111111111111111111111111111111111101100111111111110001101101110101001000011101110111101011001001010001000
0101111111111111110110101111011111111110111111111111111111111111111111111111111111111111111111111111111111111111111111111111111111111111111111111111111111111111111111111111111111110111011111111111111011101000110010001011101001000101110000101000001000000000
1111111111100011111111111111111111111111111111111111111111111111111111111111111111111111111111111111111111111111111111111111111111111111111111111111111111111111111111111111101111110110111111111111111011010110110010100111100101110000110100101000001010000100
1011011111111101111111111011111111111111111111111111111111111111111111111111111111111111111111111111111111111111111111111111111111111111111111111111111111111111111111111111101101111111111101111101111111111111111100001110110101110000010100111000000111000111
1001111100111011111011111111111111111111111111111111111111111111111111111111111111111111111111111111111111111111111111111111111111111111111111111111111111111111111111111111111111111111111111110111111111111111001111001010111110010100110000100000001000000010
1111101111111111101111110101111101110111111111111111111111111111111111111111111111111111111111111111111011111111111111111111111111111111111111111111111111111111111111111111111111111111111111001111111111111101010011111111011011001011010100001000001001000010
1011101111100111100111111111100110111111111111111111111111111111111111111111111111111111111111111111111111111111111111111111111111111111111111111111111111111110111011111111111111101011110111101111110111110111111001101001011101011000000011110000101110001100
1111001111011011001111101111111111111111111111111111111111111111111111111111111111111111111111111111111111111111111111111111111111111111111111111111111111111111111011111111011111111010111110111011001111101111101100011111101101010000000111001010000011110000
0010011111100111110111111111111111111110111111111111111111111111111111111111111111111111111111111111111111111111111111111111111111111111111111111111111111111111111111101111110111111011011111110011111111111011011001110010010000010101010000100111100100010000
0111011111001111011110111111111111111110111111111111111011111111111111111111111111111111111111111111111111111111111111111111111111111111111111111110111111111011111101111111111111111111110001100111100000011011001110110111001010111001010101000001110000010010
1101010110101111111111111111111111111111111111111111111111111111111111111111111111111111111111111111111111111111111111111111111111111111111111111111111111111111111111111111111111101011111111101101100111101011001001110001100101000011101101100100000010111010
0111111111101101111111111111111111111111111111111111111111111111111111111111111110111111111111111111111111111110111111111111111111111111111111111111111111111111111111111111101111101110111011111101111111111110101001000001111100101001101001001100101000010000
0101011110111111111101111111111111111111111111101111111111111111111111111111111111111111111111111111111111111111111111111111111111111111111110111111111111111111111111111111111111111111011111110111111111011110011111111110100111101010011001100000100001100101
1101011010111111101101111111111111111111111111111111111111111111111111111111111111111111111111111111111111111111111111111111111111111111111111111111111111111111111111111111101111111111111100011101110001000011011011111001111100011011100000101001001101100010
1110011001111110110111111011111011111111111111111111111111111111111111111111111111111111111111111111111111111111111111111111111111111111111111111111111111110111111111111111110111111010110101011111110111011110100111111011110101111001001010010101000000111000
1111111100111111111111111011101011111111111111111111111111111111111111111111111111111111111111111111111111111111111111111111111111111111111111111111111111111111111111111111111011111111111001111111111110110101000100011111101011100100000000100000101000000110
1101001110111011110011110111111111111111111110111111111111111111111111111111111111111111111111111111111111111111111111111111111111111111111111111111111111111111111111111111111111111010111100110011010111101111111100111101001000010100010000110110000100101000
1001011011111111111101111111111111110111111111111110111111111111111111111111111111111111111111111111111111111111111111111111111111111111111111111111111111111111111111111011111011111110111011011111111111111110001010011010011110001100010000000010000000010100
1100011011111111110111111101111010101101111111111111111111111111111111111111111111111111111111111111111111111111111111111111111111111111111111111111111111111111111101111111111111111111111100110000110001110110111011010010111001000011110001001010000110000101
1111111111111101111111011111111110111111111111101111111111111111111111111111111111111111111111111111111111111111111111111111111111111111111111111111111111111111111111101111111110101110101111111110111000011001010101010111111010101111100000100100100100000101
1100101111011011011111111111111111111011111111011111111011111111111111111111111111111111111111111111111111111011111111111111111111111111111111110111111111111111111111001111111111111110111111111000111110111111011111110111110000010000011001000001100000000100
1101011111111001111111111111101111111111111111111111111111111111111111111101011111111110111111111111111111111111111111111111111111111111111111111111111111010110111111111101111011111100101011111110111100110111011100110100110000101100010001001110010100110011
0010111011010111111111101101110110111111111111111111111111111111111111111111111111111111111111111111111111111111111111111111111111111111111111111111111111111111111111111111111111110001110111010000111101010110111001011110101011100101100011100000100011000000
1100111111111101111111111111111110111110111111111111111111101111111110111111111111111111111111111111111111111111111111111111111111111111111111110111111111111111111111111111111110111110111111101011100110001111101111111101000010001101000000001000100000001011
1001101101111101111010010111111111111111111111111100110111011111111111111111111111111111111111111111111111110111111111011111111111111111111111111110111111111111111111110011101111111111000111111101111110111010011100000101110010000001111100000011100000001010
1101111110111111111011111110111111111111111111111101111111111111111111111111101111111111111111111011111111111110111111111111111111111111111111111111111111111111101111111111111111111101011110111111010101010000000100111011111000000001100011001100000011000100
1010001011111111101101111111111111111111111101111111111011111111111111111111111111111111111111111111111111111111110111111101111111111111111111110111111111101110111101111011111111111111111101011111110001011111100110101101110010110000011000011000001000110101
1100111001001111100111110111111111111111111111101111111111111111111111111111111111111111011111111111111111111111111111111110111111111111111111111101111111101111111111111111111111111110100001010011011101010101110110000110100111001101001100110111110011001000
1111111110101111111111011101111111111111111111111011111111111111011111111111111111111111111111111111011111111111111111111111111111111111111111111111111111111111111111011101111111011111111111111011011110110110101000101000101101111111001000001010001100000101
1011111101111111111111101101111101101111111111111111111111111111111111111111111111111111101111110111111111111111111111111111111111111111111111111111111111111111111000111111111011111111001000001110111110101111011100110111111000101000000001010100100011111100
1001111101101111011111100100010111111111111111111111111110111111111111111111111111111111111111111111111111111111111111111111111111111111111111111111111111101111011111111111111111101110111011101111111010111111011011110100101101001010000101000000000100010011
1111000011111111110101111110101011010111111111111111100111111111111111111111111101111111111111111111111111111110111111111111111111111111111111111111111111110110111101111111111101001110111011111001111000111111010000111010010011111101010110100000001111110000
1001011100110010111101001111111011111111111111111111111111111111111111111111111111101111111111111111111111111111111111111111111111111111111111111111111111111111111111101111111011111011111110111111000111110011001011001010001000101000011000100010000000001100
1011001110101110100101101111111110110111100111111111111111111111111111111111111111111111111111111111111111111111111111111111111111111111111110011111110111111101111101111001111111010111101100010100110001100001101001011010011100001011001110001011010000001110
0111111010111101101111111011110111111111011111111100111111111111111110111111111110111111111111111111011111111111111111111111111111111111111101111111111011101111111111111111111101101100111110110110111011110100000010011010000100000011000000011000010000000101
1001011000110101111111011011011111111011111111111111111111111111111111111111011111111111111111111111111111111110111111111111111111111111011110110111111111111111111111011111111110111111001001110101101111010001001101001011010110000000010000001010000000110100
1001111111101011111001111111111110011111001111111111111111111111111111111111111101111111111111111111111101111111111111111011111111111111111111111011111011111111111111111011111110101111011101111111001101111111010100010001011000000010110011001010110000000110
0010010010101011111101111100011111111111111111011011111111111111111111111111110111110111111011111111111111111111111111101111110111101110101111111111111111111111111111110001101011101110011011000100010101010101001100100011100011111100100001100010100100000000
0011001101011011101111111111111111111111111110110111111111111111111111111111111111111111111111011111111111111111111111111111111111111111111111111111111010101111111111111111111111111011011111001001101101001011101101100101110100100010111000000101011000000100
1110100110101111111100110011101101111111011101111111111111111111111111111110101111111111111111111111111111111111111111111111111110111111111111111111111111011111111111001010111110000011111111011110100011110111011001101100000100000111101000000000100111000010
1110010010000101110011110111111100111111101111111111011111111111111111101111111111111111111111111111111111111111111111111111111111111111011111111101111111101111111101111011101101100100011111100110000100100011110100011011010111001100001001100100001000110000
1011001101100101111101010101111010101111111111101111001111111111011101111101111111111111111111111110111111111011111111111111111110111111111111111111111111111111010011011111101111101111011011001011100111010010101110011111110000001100010011110100001000000100
0110100000111101111001111100111011101111111101111111110111111111111001111111101111111101111111110111111111111111111111111111110110110111111101111011111111110011111111111111101111110101100001110100111100100010101101110110100100000010011000101000000000010100
1110101010111110111001011111010111110111111111111110011000111111011111111111111111111111111111111111111101111111111111111111111111111101110111111100100001111111111011111110101011011111100110110000000100010110110010010110100000000110000000110110001000100100
1101101111100011010011110111101110111111111111111111111111111111111111111111111101101111111111111111011111111111111101111111111111111111111101101110110111101001110111111100111110111000111101001011011010100001101101001111110101011011001001000110000101000000
1010001100111110111011101111111111011111011101111111110010111011111001111111111111111110111111101111101111111111111111111111111111010111111101111111111011111111111100111111111011110111101111100011000001100010100111110111100110110010000000010000011011000111
0110000000111011100110101101111110111101101111111111110111100101111111111111111110111111111111111111111011111111111111011111111111111111011011110111111101011011111111110111100111001101001011100001000000010101011011001011110100110110110001000000001011010011
1110000000100100110100111111101011111001110110111011111101011111111011111111111111111111111101111111011110111111111101111111111111111101111111110010100111111010111101011111001110111111010110011111100000100101000010010010100011100010011100000001000000010000
1111011100111010111010101101100110011111111111111100011111111110111011111111111111011111111101111111110101111111111110111111111110111011111111111111111110101100111111111011110101101011100010000000011110100011101101110110110001000100011011000000000000000000
1100000011101100100011000101001111110111111100111111111111011111111111110111111111011111101111111111111111111111111111111111111111111111011111110111101111100111100010110011011011000110000110101101010011001100001110010000111011000010001000100100011010010000
0000110101110110100100101110101011101110111111111110110111111001111111111111110111111111111111111111011111011111111111111111111110011111111010111010110111111111111111010001011111100101100111110011000111100101110101100000110000000001001100001101000100000110
0000010000001100010010100001111101001100110111111110110010011111111011111110011011111111111111111110111111101111111101011101010111010101011111111111111111111011111110011111000000101011101111111101011011001111100010011000001100000110010010000111001100100000
1011111111011011011101010010011110111101111010110111101111101111111111111100111111111111011101111011111111111111111111110111110111111101111111111111111111111110101011101111101100100010011100100000110011001010100011100100101101000000001000101010100000000000
1111101111111011011001001110111111011111101010111111101110011110111111110111111111111111111001110111111001111111111111111111101111111111111011110011111110010110111110110001011001111110101011000111111101100000010000000100011011101100101010111010111100101001
1111011100110010001100110111111011011111011100101110110111110110111101011101101111111011110111111101111011011111111011111111111111111001111111011111100001111111101111011010011010011110000001001010010110000100100110101010000000100011101000000010000010000000
1001101100011010101101010111101111011111111011111110010011111011111111111101110111111111101111111100101111111101110111101011001111111111111111111111101111111111101100010110110101010000110101110010001001011000000100001001000100111000000001000110010000000000
0000111110101100001100111011111011111111011111111010110111011111111011111111111111111111111111011110111111111111011101111101111111111111001111101110100111011111111011110101111010111111110001011000101100101111100000000001110010000000011000000000000000000100
1100100111011011101110100101110010111110010111111111101110111110011111111011101111111111111111111110011010101111111111111111111110101111111111111111101110101111011101110110100100101111101011001000010111110111011101000000110010000000010010000000001011010010
0110011110111011011101110100111100110010101010111111111000100111111110100101111001111111010110011111111111111101111011111111111011111110011010011011111111011111011111001101101001110011001001101000011010110101100000010000100001000011010011000001110010000100
1010110111010110100101011111111011111110010011010111101111111100111111111011111110110011101111011110111110111111111111110111111011010011110110111110110100100010011011111101111101110101011010001000010110000001010010010100001100101101001001010000001000011000
1011000101000010111011111010000011101110010011011101011011111110110101111110111111111111101111111101111111111111011111111010011110111101110111011011110110111111010111110111111110110101001101001101101000111110000000001010001000110001000000101011000000110010
1000111100101010110011110101111011010101010110111101011110010001111101001111111111111111111111011011101111111111010011011100011011111100110010110111011001011010111010010100000111011010111111010100100100110010100000000000001000000100100000000100000100100100
0000000110011111101011001011001101111111111100111111111011011111111111111011111111111011111111111111111111111111010111001111011101111100111011101011001111010011100011101101100011001111001010000110011101100110000100011000001000000010010101110010011111000001
0000110010000110010100110011110000010010010011011010111111011111101111011111111111111010111111110110111111110100110111111110111100100111110111111011011001101001011011111100111111111101001111100110100111001000100010000100011110000011100100000100000001001110
1000100001110010111011110011100101100011111010101001010110111110111011111111101111111111111111110110111111111011111110111100111101111111111110100111110011100111111110011010111110110111011111001110000010000001101010000110111001100010000000001000010000000100
0001110000000010000001100101101000111001111011100111111101110110111001101111111111011111100111111111111101110101110111011111101110011011010111110010010110111101111110111001101101001111100100110011010110110000011010110011000000110000000000100100000101100000
0100111000001100011010100101000111101011110100111100111111001111101011111111011001011101111001101000111111110101110011101101011011110110110111101110011101111111011001010111010101111011100110011011100011100000001000010100001000110001001010100001000000000011
1111100000001100100110010000111001100111011000011100011011110100011011011110010111101011101011111111111111101111101011111100101111111110110011001001000110111111011110011011110001111100000100100011101001001001001101100111100010011010000110010000001000101001
0000100000101111100010000111110010001100101111110111110101101111111100111111101011111011111111111100101010011111111001010100110110011001101111001100010111111111101001101001011110011000010011011101001110100100000001000000000000011100000000001000100000000001
0010000001100010100110011011000111110000100011101111110100110111110111011011111111110010001011110001000001110111010111110101111110101100011011100110110101110010010000101010001001100001101010011001000101001110011101001000110000000010000000100000100000010001
0000110010001100000010010101100001101110011001001011111010111110000000111100111101100110111111111111110011111000110111001101100111101101000010110111010011011010000010101100111000111010000000011110000011011101101000101001110100001000110000001000000001100100
0010100010010110000001100010011100101000101101111111110011010111111111111100111111001101110101111111101110111111111111100111000111011100101000110011110001010100101100010011010111010010000000001000011100100110110000000110001001000000000101000000100000101101
1000101001010010000011011100111000110011010000100100110111101101110111101100001011010111111101010111110111111111111001111110110110110011011001100010010010111000101000110111010110011001100001000111000000000111101000110000010010000100001001100000000000000101
0111010110001110100011110110000111111001011111111100001001111011100110111011101010111111110101011001111101111011101101110110011101101011011111011111011011011100111001110111000000101001011101011000110100000110000010000100010101101000000110000000111001110000
0110110100111111000011011010001011000001101111000101111110111010111111001001011101111101101110011011110011110111110111110110010111111001111001100011110000001111001110011110110110101101100000010000100000101001000000000010011101111000000101000001000001000000
1110101101111000000011100000100001100010111011011111001100011110101110001110110000001000111100001111111101010111101011111110001001101010010111111001101000100100011010110100110101001101010000001111001101011011011100000100001010000010101000100000000001000001
0010001101011110001100100000011000011100101111101000111010011000001011111111011011111111110111101101111111011010101111011010011010010010011010010100001001101010001010001010100001001100010110010010001001010001110100000100110100000000000000000000001010010000
0101000100011000101000011010010000100011110101111111001110111101111010011101101001101100111101011111010111100111001001100110111111101101100010110110101000100011111111001010010000000110001100001000110010011100001000101100100100000010100001001001101000000001
0011011011010000111011101011101100111111110101011011010000011101000001011111110011001011111100111101001011111111100111111001011101101111000101011111001110111111011000100101000100110000010010100000000001100100000010101101000000000000001110000010000001000111
1000000010100101110010101110000111111100011110111011111111111100100000101011111011100111110011111010111110110110001110111010011101001000100000101101111000101010110001101011110011111011001001001011100101110001001000000010100010010000000000000100001000000000
1001000000000011011010001001010010000011101100110000011101111110000001110110101111011011111111011010110111111010011110100011110000010110011101111111010101101000100110000000000000101110001001100110101110000100000011000000000100000010000011010001000011000000
0000010000111001000000101001001110000011011111111011011101010001011011110010010111110111111011001101011111010000011110110010111001010100001010101111110100001010000011100111111110000101101001011110111000000001000001000000100001010010111000001000000000000101
1100001101110000011110000100111000010100001000010010101010000001101001101110011100010101000010111111111111011011010111110101111101100111011011010110100101100001110101011101100010101010101110011011100011000010110000001110000111101100101000100001000001000000
1000000100001011010001010001000111001000011011011001001010111000111010111010110000111110111101110011010011111100110111100111100001111010111101110001010101000101001001010011101000111010010110110100100000010100010010000001000100000101001000000001000000010000
1010001110110010000000110001101111100101011100100110010100011101011111001000000110011110011111111100111110110000010001001100100101011111110111111101000100101111000000000110001001000001010010011010000100001010000000001000000011101000000000001000011100100000
0100000100001000010100000001011100011111000001110011110011000101001111101110001111110111001001100111101111110101010011110001111100011010100110110101000000001001000000011101000000110000000110100001000010100001111000000001111000100110001000000010000101010000
0000001000111110000001010111101001011010101011001101111011011100100111010011110111111001010110111011001111011000111100111110000100110010010110111011000011101101000000010000000110001001000100000100001000101010100010000100000000100101000001000000000010000000
0000000100011010010101010100101001000000001110011000111010110101110101101110010001101110011111010111111100110110001100011100100000011100101011011100101010101100100111011110110001001100001010101000100000110000000000000110000000001000000001000000000000000000
1010110000010100000011010010101011000001111001000011011110100010001100000011100000111001101001110010001010100001111001001101111011111011110001000101101101110111100000000011010001101000001000001000000000000011000100001001000010000100000111100000000000000100
1010000001000100010001100001011100011010000111000111100010011011001111101001110000100100000011100011100011001001111101110101000110001011010001001011110110111101001010010010110000110100001000100000001100000000100010000001100001000011000000000000000000000000
0100100000010000010001000001110111100000001101000011100011111110111011101100111011101110011111101100011001110111010100010010110001101110110000000001100101001001110000000010100010001111000010000000000010001100000010000011000000110011010100001000100000000001
0101000110011100101111100001001100000000010011000110101010000000111110001111001000110100000010101110011001101010000111001011110110110111110000010100011110101100000110100001100000001110000001000010010000001000000100000100000001000000000100000000100100010000
0001000000000000001000100111010101111100000011010100000001000111011101110110101100000011111000010111111010010111100101110000000010100110111000111100000000000011101100100000110010000001001011000110100001000100101001100010110001001110010000000000000011100010
0000000000000001101001101000101001001101000010010110001000101100100010010010100110011101111001001110000000010110110100111101001001000000110011110100101100000011010000010111100000110001111100000000010111010101010000110000010000000111110010010000000000000000
1000010010000100101001010100001010101000000111010001100100011001110100011111011100000001101111100110000101110110001011010110000011000100010011010000000100111110000000100000100000011000000000000100000000110011001110000001001101101000000010001000000010000000
0001110010000000011100111001111000010000101010100001100000001001100100110110011010100001111010011110001101111110010010000110100000111111101010101110000110010001010001101000000001010100110010000000000001001010000010010101010000111000000100001100001001000010
0000110000000010000000010011010011000000000101111001101111001101111000011001000100000000100001100101000101101101100010100111001111001000100000100000000010100000010010111000000001000000001000000000000000100011000100000000100000001000000000100000010000100000
0000000010000001000000000010010011001010000010011000101111100110100100010011000111001101110000001101110000100010100000010101111011011100010100001111010001000000100010101000100000100100000000011000000000001000000101000001000000000000000000000000000000000000
1000000000010000000001000000000011100110100001011001110010100111101010011110101010110000101010111000000000111101110010010111001011001100001100111000110100000000011011100000000101000000100110000000011100000000111010000100000000000001100001000000000110000000
1100000000000000000010000100000010010000000000001001011011010110000101100100000010110001011011111100011001111011100001110101111100010111100010010001010011000000001011010001000000111011000001001000101000000000010000010000000000000000110000000000000001100000
0000000010100100000100000100100000011000011001111010101011110110100101000111001000001111111010110010111001010111110011111100111000110011000101110001110001100111100000100100100100001000000111000001010110000000001000000010000010000001000000001000010000000100
0100000010010100001001000100000110100010010101110011100001000010000111111001011000000001010000011111010000000100110110101011001001110010000101110000110000000111101110000011010010000000001000000000000000101001000001001000001000000000000000100001010000000000
0010010001010001000000000001010011100111101001100000011100101001010000000110001101001111011101100001000001100100110011111010100010111011100001000001000110011110110100001101100010101010101000000011000001110000000000000001000000000000000000000001000100000000
0000000000000001100011000001010100000000100100000000110011101010001001100111000000011111000001101100010111000101001101000000000110000001100100000110000100000010110101101010000010110101000100000001001000000100001011100001011000000000000001110000000000000000
0010000101000001000011100000010000011100110100000111100010110011000000000100011000110111100100011100101101000101000000000101001010100011001001000001001010010000000100011010011010001001000000000000001000000001000010001100000000110100010000000000000000000000
0000000000000000000100000000000110100000100000000111010010001001001100110100110000011111100011010100001000100110000000000010001110001100100000000100000011111000010110000111001111000100010000100010100000000000000000001000000000000010000000000000010000000000
0101110100000000000100000000001000000000011000111010101000100000010110110010110001000100001000010101111100100000001011000011000000000010011110000000000010000110001010100110001011010010001000100000000000000000011111000000100111001010000000000000000001100000
0000110000101101001011100000000010001000000111101010010000110001110010010000100101001111000010000000000010000001000010010000100010000010011001000000000011000000000010000000000100001000000000010000100000000001000101000000000010010001000000010000000100000010
1000001001100100101110001000000011010010010010001100011000000011111000000000000001000010000000001000110000010000001010100100000010011010101001100100010100001000000010010000000001100110000100000010010100100110010110000000000010010000000010000000000010000000
1000111000000000000000000000000101000010100110001010000010000101000010100100010010100101111001000001000010101000000001000000000100000100111001011110001100110010000100000100000010100000010011000000100000001100000000000000000010010000001000100000100100000011
1101100000000000001001000100000110001010100100101000000001000000000000001010011010000110010010010000000010010010011000100001000100000000000001000000010010001000001000100000001000000000011101010000010000000000000000000100100100010000000000000000000000000010
1000010001100000110000000011000000000000000001111000100000100110101010011010011100000110001010110011010100000100000000000011100100000000100000000101100001000000110011110011100010000000001000000000000010010101101000000000100000100000000010000010000000001100
0001000000000000000011000111000110000000000010101000011001000010000100101010101100000100001110111011001010000100110110100011100100000000001000000010001000100000000000110110000010100000110001000000001010000010000000010000000000100010100000100000010000000000
0000000001000001001010000010010010010000110000000100101000100011010100000000100101000100100000111000001000000011100110000110101100010000101000011000110000000000010011000110010000000001001010000100001000011101000100000010000000000000000000000000011000100000
0100000101001000000100000000111011110000100000000000101000100000000100100000110001010011000000101010010001011001110001011001000110001000111000000000000000001010100000000110011000110000000001100001001000000000000001000000100000000000001100000010100100010010
0000000000001101001000011000010100000001011000000101010000100000000000011000110000000111100111100010111111111000000100100010000010000000001100111110100011001000010000011000010000010100000100010000001000011110000000000010001110000000000100000000000000010000
0000000110010000000000000100011100001010000001000000110000000000010000100001000001000000000000101101100010010101000001100100010000100000000000000001100011000000001110001111100000001000000000110001000000000000000100000000000010000001000000000000000000000000
0000000000000001000001101000000010000011100000000011000000100000000001010000000101100001000011110000000010000100000100010100000000010011100000010010000000000011010000000101110010101100000000110000100000000000000000000000100000000000000000000000100000001000
0100010000000100010100010001000100001000010000101010110110101000111101010100011011000001000000001101010000000000100000000101101010111000001010001001000000011000000000100000100101000100000000010000010000000101000000001000000000000000000000000100000000000001
1001000100010000001001110001000000011000000000000000000000100111010011100000000110001101111010100110100110100000000000011000000000011011010001000000100010000001001001000100000010000100100100000110000001000010000000000000000000000010000000000100000100000000
0001000101001100101011000100010000001100011011000111010001001100000100100010110100010100100000010101110100000000000001100000000000010101101110000000000000011001000001000111010001100110001000000010110000000000010000010000000001001100000001000010000010000000
1100010000000010110000000000000000000000000000000101101001000011001010010000010001010000000010101000111000000000001010010000011011101000100000100000011000000101001100011000000000000000001000000010000001011011110001000111100011010000000000000000000000000001
1000001001100000100000001000100011000000000000001000000001100111000010010000100000000000000010000000001001101100010001000010000010001101010000100000000111000000001100000100000000000001100101000000000100000000000000000000000000000000000000100000001000000000
0000010000000000010000000110100001100001001100100000000001000011000100111001000000000100001110100000010011110100110011000001000100001100010100110100000110001010010000000010000010000000000000000000100000000000100000001000000000000000000110001010000000000100
0100001001000000000100100000100000000010000000100110000100000010100010010010000000000000000101010001100001000000000000000000100000000000000000001000000000000010000100000001100000000000000000000000000000100000000100000000000000000000000110000000000000101100
0001000001010011001100100000000000000000000010011100000001010111000001100000100111000001000001000000000000000000000000001000000000100010100111111001000010000010000000100001111000000000000001000010000000000001010101000000000000000000000000000000000000000101
1000011001000000000000000000000000000010000000001000100001111010000000000100000011001100000000000000010100010000000100001101110000110100010001100100000100000001000010001001100000100000000000001000001000000110100000001100000000000001000100000010100000001000
0000000001001100000001000000000000000000000010001000100100000010101010101000001010101100100000000000100010001110000100100000010011001000000101001000010001111001000101000111000001101000000000000000010000000000000000000000001000001100000111000010000000000000
0001001000001011110001001000000010100000100100001100000000000000000101111000000000000001100000100000000000000000000110000000000000001001100100000000100100111110000010101000000000000001000001001000001100000000000110000000000010000000000000000000000000000011
1000000000000100000001000000101000000101001000110000000010100010010001010111000000000000010000100000001000100000011001100111100010000000001010000000010010011000000000000000100001101100000100001100000000000000100010000110000010000111000000000010000001001000
0000000000001000100000100001100010010010011000100000000000000000000010000010000001000100000000010011010010000000010000000010000000001000001010100000001000000000000000100000000100000000000000000010000000000000000011000000000011000000001100010010000001000101
0100000000100000000000000000000000000000001000000000000000000010010111000001100001000000111000010000111000000000010100100000000110000100100010000000000000010000000000000001100000010100001000000001000010000000001110000000000000000000000000000100001000000001
0111000000000100001001000100000101101000000100110000000000001101000010000000001010010010100000000000000000000000001000000110010000000100100000000011000001010000000100000010000100001001001101011001000001000000100001000000000000000000010000000001000010000000
0000010110010000000000011000000000001000000000011100000000000001110000001010010000001000000000000000000110010000010010010011100000010001101010000000000110001000001000000110000000001001100000001000100011010001000001000011000000000100000000000010000000000000
0000000100101100000000001000100001110000011100000000011000001000000000000100000100000001101000000000001000011110100000000000100000000000000000000100100110000010110110001010000100100111000010100000000000000001000011000000000000000110000000000010000000001000
0000100000000000010000000001010001011000000010000010000000001001000100000011000010010101011000000001100100010000110000000000000000000000000001000010000001000110000000101010001000010000000000001100100000000000011000100000000000010001100000100101000000011001
0000000000000000000010000000010000010000100010000101001101000101010110110101010000000000000011100000000010000010000000001001010000000101001000000000001000010000000000010011000000000000000000000100000000000000110000100000000000000000000000100000000100000000
0110110000000000000000010001010101010000001001000000010010000001001110000001010000100000000010000011010000000000001001000000001000110000100110000010111100010010001000000100100000000000001000000000001000000000000100000000001000000000000000000000000000110000
0010000100000000010010000001000000100010100000000001000000001000010001010000000110000000001001100001000101000010101000000001100000000000000000011000000000100000011010010000010000100000001000001001101001000000001000001010000000000110000000000110000000000000
0000000010000000010000000000110000000101000010000000000000001101000001000000000000000010011110000011010000100000001000101000010100000000000000100000110000010000000000001000000100010010000100001000011001100000001000000000101000110000000001000000000000000000
1000100001000000010000100000011000000001000010010000000000010000000000100000010000001000000000100011000001000100000100001000010100100100100000111010101000000000000000110000100000010000000000001101000000000010000100000000000100000100000000000010000000000000
0010100000000111000000000101001000010000000000000001001001000000000100110000100000001010001100000000000000010001010101010000000000010000000000000000000000000000100000001010000000011000000100000000011011001001000000000000000000000001000000000100000001100000
0001010000000010100000000010001000000000010000100110000000000000000000000100011000100010000100000000011000010000000001110000000000110001000000000000000000000000000000100000000001000000000000000000010010000000000000000000101100000100101000001010001000000010
0000000000001010000010000010000000000001001000000100000000000000000000001000000000001000110011000000000000001000000000000101000000100000000110110000000000101100110000000000010001000000000101100000000000001100001000000000001000000000001000100000011000001000
0000000000100000000000100000000000110001010000101101000000000000000100000100000000000100000000000100000010010000000100000000000000010000100011000100000000000010001100000100000010000000000001000000000001000100001100000000001010000000000000000000000000000000
0000000000000000000100000010000000000000000000000010000000100000101010010100000101010001000100000001100000000001100000000010010000100001000000000000000100000000000000000000000000000000000110000000000000000000000000000000000000000000000010010011000010000000
0110000000000000000000001100000000000000000000000000000000000000000000011000000100010000000001001001001000000100001001001100000000000000000000000000000000001100000000000000001000000000001001000000000110000000000000000000000000001000010000000000001000001000
1010001000000011000000001110000000000000000000000000000000000010000000000000010000000100010000000000101001101000000000000001000000000000000000100111000000000000000100011000011000100000000000000111000000001000010100000000000001001000000000100000000000000000
0001001001100110001000000010000000001000000000000001000000000000010000000010000000000000000000000000000000000001000001001000000011000011000000000000000010101000010000000000000101000000000000000000000000000000000001000100000001000000000000000000000000000000
0000000000010100001001000000000000010000101001100000000000001000010000000000000010100000001000000000001101010000000001000000000000000010000011001000000000100000000000000100000000000000010000000100000000000100000000000000000110010000000000000001010000000000
1000000001000000001000000000000000000000000000000000100100000000000100000000000001100000000100000000100000001000100000000000010000010010100010001100100100101100000000110010000000000000010010011100000000100000000010100000000000000000000010000000000000000000
0100000000100000000100000000000100000000000000001001000010010000001000000000000000001010000000001000110000000000000001000000000100000010001000000000001000000000000100000000000011000000010000010000010000000000000000000000100000100000000000000000000000000000
0000000000000010000010000010000000000000000100000000000100000000010000000000000000000100000100101000000000000000000000100001000000000010000001000000110100000000001100000000000000000100000000000000100000000001000000000000100000000000011000100000000000000000
0000000000000000000000000000100000001000000000000001000010001000111100000100000000001000000000001000100010001000000010000001000000000000110000000100001000100000000000010000000000001010001000000010000001000000000000001000000000000100001000000000000000000000
0000010110000000001000000100000010000000010000000000000000000001001000000000000110100100000000000001000100000000100000100000000110001100000100100010000100000000000000000000101000010000000000001011100001001000000000010000000000000000000000001101000000101000
