0000000000000000000000000000000000000000000000000000000000000000000000010000000000000000000000010000000000000000000000000000000000000000000000000000000000000000000000000000000000000000000000000000000000010000000000000000000000000000000000000001000000000000
0100000100000000000000100000000000000000000000000000000000000000000000000000000000000000000000000000000000000000000000000000000000000000000000000000000000000000000000000000000000000000001000000000000000000000000000000000000000000000000000000010000000000000
0000000000000000000000000000000000100000000000000000000000000000000000000000000000000000000000000000000000000000000000000000000010000000000000000000000000000000000000000000000000000100010000000000000000000000100000000000000000000000000000000000000000000000
0000000000000000000000000000000000000000000000000000000000000000000000000000000000000000000000000000000000000000000000000000000000000000010000010000000000000000000000000000000000000000000000000010000000000000000000000000000000000000000000000000000000000000
0000000000000000000000000000000000000000000000000000000000000000000000000000000000000000100000000000000000000000000000000000001000000000000001000000000000000000000000000010000000000000000000000000000000000000000000000000000000000000001000000000000000000000
0000000000000000000000100000000100000000000000000000000000000001000001000000000001000000000001000000000000001000000000000000000000000000000000000000000000000000000000000000000000000000000000000000000000000000000000100000000000000000000000000000000000000000
0000000000000000000000000000000000000000000001000000000000000000000000000000000000000000000001000000000000000000000000000001000100000000010000000000000000010000000000000000000000000000000000000000000000100000000000000100000000000000000000000000000000000000
0000000000000000000000000000000000000000000000000000000000000000000000000000000000000000000000010000000000000000000000000000000000000000000000000000000000000000000000000000000000000000000000000000000000000000000000000000000000000000000010000000000000000000
0000000000000000000000000000000000000000000000000000000000000000000000000000000000000000000000000000000001000000000000000010000000000000000000000000000001000001000000000000000100000000000000000000100000000000000000000000000000000000000000000000000000000000
1000000000000000000000000000000000000000000000000000000000000000000000000000000000010000000000000000000000000000000000000000000000000000000000000100000000000000000000000000010000000000000000000000000000000000000000000000000000000000000000000000000000000000
0000000000000000000100000000000000000000000000000000000100000000000000000000000000000000000000000000000000000000000000000000000010000000000000000000000000000000000100000000000000000000001000000000000000000000000000100000000000000000010000000000000000000000
0000000000000000000000000000000000000000000000000000000000000000000000000000000000000000000000000000000000000000000000000000000000000000000000000000000000000000000000000000000000000100000000000000000000000000000000000000000000000000001000000000000000000000
0000000000000000000000000000000000000000000000000000000000000000000000000000000000000000000000000000000000000000000000000000000000000000000000000000000000010000000000001000000001000000000000000000000000001000000001000000000000000000000000000000000000010000
0000000000000000000000001000000000000000000000000000100000000000000000000000000000000000000000010000000000000000000000000000000000000000000000000000001000000000000000000000000000000010000000000000000000000000000000000000000000000001000000000000000000000000
0000000000000000000000000000000000000000000000000000000000000000001000000001000000000000000000000000000000000000001001000000000000000001000000000000001000001000000000000000000000000000000000000000000000000000000000000000000000000000000000000000010010000000
1000000000000000000000000000000000000000000000000000000000000000000000000000000000000000000000000000000000000000000000000000000000000000000000000000000000000000000000000000000000000000000000000000000000000000000000000000000000000000001000000000000010000010
0000000100000000000000000100000000000000000000000000000000000000000000000000000001000000000000000000000000001000000100000000000000000000000000000000000000000000000000000000000000000000000000000000000000010000000000000000000000000000000000000000101000000000
0000000000000000000000000000000000000000000000000000000000000000000000000000000000000000000000000000000000010000000000000000000000100000000000000000000000000000000000000010000000000000000000000000000000000000000000000000000000000000000000000000000000000000
0000000000000000000000000000000000000000000000000000000000000100000000000100000000000000000000000000000000010100000000000000000000000000000000000000000000000000000100100100000000010000000000000000000000010000000000000000001000000000000000000000000000001000
0000000000000000000000000010000000000000000000000000000000000000000000000000000000000000000000000000000000000000000000000000000000000000000000000000000000000010000000000000000000000000000000000000000000000000000000000000000000000000000000000000100000000000
0001000000000000000000000000000100000000000000000000100000000010000000000000000000000000000000000000000000000000000000000000000000000000000000000000000000000000000000000000000000010000000000100000000000000000000000000000000000000000000000010001000000000000
0000000000000010000000000000000000000000000000000010000000000000000000000000000000000000000000000000000000001000000000000000000000000000000000000000000000000000000000000000000000000000000000000000000000000000000000000000000000000000000000000000000000000000
0000000000000000000000000000000000000000000000000000000000000000000000000000000000000000000100000000000000000000000000000000010000000000000000000000000000000000000000000000000000000000000000000000000000000000100000000010000000000000000001000000010000000000
0000000000000000000000000000000000000000000001000000000000000000000000000000000000000000000001000000000000000000000000000000000000000000000000000000000000000000000000000000000000000000000000000000000000000001000000000000000000000000000000000000000000000000
0000000000000000000000000000000000000000000000000000000000000000000000000000000000000000000000000100000000000000000000100000000000000000000010000000000000000000000000000000000000000000000000000000000000000000000000000000000000000000000000000000000000000010
0000000000000000000000000000000000000000000000000000000001010000000000000000000000000000000000000000000000000000000000000000000000000000000000000000000000000000000000000000000000000000000000000000000000000000010000000000000000000000000010011000000000000000
0000000000000000000010000000000000000000000000000000000000000000000000000000000000000000000000000000000000000000000000000000000000000000000000000000000000000000000000000000000000000000010000000000000000000000000000101000000000000000000000000000000000000000
0000000000000000000000000000000000000000000000000000000000000000000000001000000000000000000000000000000000000000000000000000000000000000000000000000000000000000100000000000000000000000000000000000000000000000000000000000000000000000000000000000000000000000
0000000000000000000000000000000000000000000000100000000000000000000000000000000000000000000000000000001000000000000000000000000000100000000010000000000000000000000000000000000000000000000000000000000010000100000000000000000000000000000000000000000000000100
0000000001000100000000000000000000000000000000000000000000000000000000001000000000000101000000000000000000001000000000000000000000000000000000000000000000000000000000000000000000000000000000000000000000000000000100000000000000000100000000000100000000000000
0000000000000000000000000000000000000000000000000000100000000000000000000000000000000000000000000000000000000000100000000000000000000000100000000000000000000000001000100000000000100100010000001000000000000000000000000000011001000000000010001000000000001000
0000000000000000000000000000000000000000000000001000000000000000000000000000000000000000000000000000000000000000000000000000000000000000000100000000000000000000100000000000100000100100000000001000010010000000001000001010000000000000000000000000000000000000
0001000000000000000000000000000001000000000000000010000000000000000000001000000000000000001000000000000000000000000000000000100000000000000000000000000000000100100000100000000001101001001000100000001100000000000000001000000000000010000001000000000000010000
0000000000000000000000000000000000000000000000000000000000000000000000000000000000000000000000000000000000000000000000000000000000000000000000000000001001000000000101001001000100000000010000000000010000000000111011100000100000001000001000000000000000000000
0000000000000000000000000000000000000000000000000000000000000000000000000000000000000000000000010000000000000000000000000000000000000010000000010000000000000000000001000000000101000010110000000000000000000000000011100000000001000000000000000000011000000000
0000000000000000000000000000000000000000000000000000000000000000000000000000000001000000000000000000000000001000000000000000000000001000000000001000001000000000000000010000100100000001000001000010010000100000000100100010000000000000000001100000000000000000
0000000000000000000000000000000000000000000000000000000000000000000000000000000010000000000000000001001000000000000000000000000100010100000000011000000000000010000100000011000100000000100001000100101000010000000101001000001100000010100000000000100000000000
0000000000000000000000000000000000000001000000000000000000000000000000000000100000000000100000000000000000001000000000000000000000000100000000000000000001000000000100000000000001000000100000001000000100100100000000000000100000001100001001001100001001000000
0000100000000000000000000000000000000000000000000000000000000000000000000000000000000000000000000000000000000000000000010001100000000000000000110000000000000000000100110100000001000001001100000110000100110000011000000000000100000000000010000100011000000000
1000000000000000000000000000000000000000000010000000000000000000000000000000000000001001000000000000000000000000000000010000000000000000001000000001000000101000001011000001000010000100000001000110011100011110100001000000000000000000000000010010110001000001
0000000000000000000000000000000000000000000000010000000000000000000000000000000000000000000000000000000000000000000000001100100000000000010010010100100000100100000000001000000110000000010010000001110001011100001000000111110000000100010000000101100111000000
0000000000000000000000000010000000000000000000000000000000000000000000000000000000000000000000000000000000010000000000000000000000010000000011100000001000000000000000000010100001000000000010100001000001000101100101100001000001000000001000100101101000100000
0000000000000000000000000000000000000000000000000000100000000000000000000000000000000000000000000000000000000000000000100000000000100010011000000001010000000011010000100100000001000110000001001010100010000011000000000000011110101010000110100010010011000000
0000000000000000000000000000000000000000000000000000000000000000000000000000000000000100000000001000000000000000001100100000000000100000000011000000000000100000010000000000010000111100000000100000101010110000010010011001000110000000000100000000000000000010
0000000000100000000100000000100000000000000000000000000000000000000000000000000000000000000000001000000010000000000100000000011000100000000001000001001010001010101010010010000000001011110111100001101100110010011011000010000100010000010000101100010010010000
0100000000000000000000000000000000000000000000000000010000000000000010000000000000000000000010000000000000000000000000100100001000000001001100100100000010000000001000010111000000000100000100010000100100000010100110000001001010000010000000000000010000010100
0000000000000000000000000000000000000000000000000000000000000000000000000000000000000000000000000000000000000000010000000010001010000000000000000000000000000100100000100011100010000100010010000000100000000010100000001101011000100100000000100000011011100000
0000000000000000000000000000000000000000000000000001000000000000100000000000000000000000000000000000000000000000000000000000001000000001010000010100000001000011001000000001000101010000001000000000000000000001100001000010000000010000010100000000001010001111
0000000000000000000000000000000010000001000000000000000000000000100000000000000000000000000000000000000000000000100000000001000000010101010001001101000001111001101000000000011000001000010010101000000000100000100100110101000000000100010100000110100001000000
0000000000000000000000000000000000000000000000000000000000000000000000000001000000000000000000000000010011000000000010000010000001000100000001000010000010000000000011001100000000000100000000000000001000001000001001000010100010000100110000111001000000010001
1000010000000010000000000000000000000000000000000000010000000000000000000000000000000000000000000000000000001010000000000100000001010000010000001000000100010000001101010011000000000000001000100001011000001001110010000010001001100100000000000000010001000000
0001000000000000000000000000001001000000000000000000000000000000000000000000000000000000010000000100000001000011010000000000011000001000100000000100000000000000010100000000001000101000000010000000001001000011010010010000000000100010010010001000000010011000
0000000000000000000000000000000000000000000000000000000000000000010000000000000000000000000000000000010000001000000001000000110000100100001010010000000010010001000011100101000001001111000001000000000001111010011000010000000111000001000000001000001111010000
0100000000000000000000000000000000000000000000000000000000000000000000000000000001000000000000000000000000000010000000000000010000000000101000000001000000010100101000100000010001001001011011101001000001000000011000000111111011010100001100101010100000001010
0000000000000000001000100000000000000000000000000000000000000000000000000000000000000000000000010000000010001000000000001000010000100100000101000101000000011000001011000111001001010010101001000010000010110101001010000010000010011100000010010100000000110000
1000000000000000000000000000000000000000000000000000000000000000000000000000000000000000000000000000000110000000100000000100010001100000000000000000001100010010010000110000000000100100011000000100011100000001001000000000001000100011000100010000100000001000
0000000000000000000000000000000000000000000000000000000000000000000000000000000000000000000000100001000000110100101000001100011100000001000100000001001010000010001110000000001100011000001001100000000101001010001010100110000000000110011001010111000000110000
0000000000000000000000000000000010000000000000000000000000000000000000000000000000000000000000000000000000000010010000000001000001000000000001001100100001000001000000010010000000000010000000100010001110001000001000100101000001101000010010001011100100000000
1000000000000000000000000000000000000000000000000000000000000000000000000000000010000000001000000010000100000011100111000001000111000000010000000001100000001010001010000100001010000010010010100100101110001100001001000000111001001000100100000101011010000000
1000000000000000000000000000000000000000000000000000000000000000000000000000000000000000000000000000000000000000000001000000001001001000000010000000000111011100001000100000101001010010100101000101100010100111100100000100001000000010010000001010100001001001
0000000000000000000000000000000000000000000000000100000000000000000000000000000000000001000000100000000000000010000001010000110000100010100000010001010010001000111110010100000101000100001011011100001000000000110000001010000110000000011001001110010000100000
1001000000000000000000000000001000000000010000000000000000000000000000000000000000000000001000000100000001000101000100001001100010000000010000000000101000010010000000101000000010100011011000010010010100011010001101000000000000001000000000000100000001010000
0000000000000000000000000000000000000000000000000000000000000000000000000001000000000000000000001000000000000000000000100000001010001100000100001001001001000010000000011110100010101000001000000001101001000110000000000110010001001100000110000100001010000001
0000000000000000000000000000000000000000000000000000000000000000000000000000000000000000000000000001100000101001000000010000100010100101000101100110101000001110011000011011010000000000000000010011000100010000001000100001010000010011110010101000000001101010
0000000000000000001000000000000000000000000000000000000000000000000000000000000000100000101000010000000000010001010010000101001000000001101011101000110100000001001110011000001100100010000000101100010110101101000011110100011100101000100100011010001010100010
0000000000000000000000000000000000000000000000000000000000000000000001000000010000000000000000100000000000000000101100010000100000000000100000011001000010010011110101111001000011010100100001100010010010000111001100000010000000100101000010100010000100000000
0000000000000000000000000000000000000000000000000000000000000000000000000000000000000000000001000000000010000010000000011000100010000011000000010000100000010100101000100000000010000000011000010000100111110001100100000100111110000101000100100000100000100010
0000000000000000000001000000000000000000000000000000000000000000000000000000000000010000000100001100100100000000010000000111100010000000000100000010000000010001011000101101000000001001000000000100010000010100000001101000000001000000100001100000000010101000
0000000000000000000000000000000000000000000000000000100000000100000000000100000000000001000000010100000010000001100000000101101000000101010110010001100000100100000000000000001000100001000110010000100000011101011000001100000010110110100110100000000010100000
0000000000000000000000000000000000000000000000000000000000000000000000000001000000000000000000000000000000010001100010000000001000000000000001100010001000110001000101111010000000011101010011000000000010000100100000010001100100000000001001000000000000000000
1000000000000000001000000000000000000000100000000000000000000000010000000000000001000000000000000000000000000000000010000100010100001000011000000111001000000111001000111111101111110000100001000010000000001000000010100010000001000001010000001100000000000000
0000001000000000000000000000000000000000000000000000000001000000000000000000000001000000000000000001100000001000000010010000001001100000000000011100110110010001000000000000000001001000000100000011000100001000100000100000001000010000000000000100000000010000
0000000000000000000000000000000000000000000000000000000000000000000000100000010000001000000000100100110010000001100001010111001001110100100101010010100100001110100001101011100110010100011000010000000000100101000000000001110001000000000100000000000010010000
0000000000000000000000000000000000000000000000000000000000000000000000000000010100000000000000001010000000010000010000000000110000100010000010010001000001101100100100000000100000000010101000000001100000000000110010000000000100000010000000000000000010000000
0000000000000000000000000001000000000000000000000000010000000000000000000000010000000000000000001001010000000001100000010010001000000000110000000001000000000010000000100000110000000011100000000000000000010011000000000000000000000000000000000000000000000000
0000000000000000000000000000010000000000000000000000000000000000000000000000001000000000000000010000000010000001000010000001000110010000100000000001010000000100001001000001000000001000000000100000000010000000000000000000000000000000000000000000000000000000
0000001000000000000000000000000000000000000000000000000000000000000000000000010010000000001001001100000100010000001000000101001000000000100000000000000000010100100000000000000000000001000000101000000000001000000000000001000010000000000000010000000000000001
0000000000000000000000000000000000000000000000000000000000000000000000000000000000000001000000000000000000000000000010000000000000000000000000001000000000010000000000000000000000000000100000000000000000000000000000000000000000000000000000000000000000000000
0000000000000000000000000000000000000000000000000100000000000000000100000000000001000000000000000000000000000001000000000000000000000000000000000001000000000000000000000000000000000000000000000000000000000001000000000000000000000000000000000000000000000000
0000000000000000000000000000000000000000000000000000000100000000000001000000000000000000000000000000000000000000000000000000000000000000010000000000000000000000000000000000000000010100000000000000000000000000000000000000000000000000000000000000001000000000
0000000000000000000000000000000000000000000010000000000000000000000000001000000000000000000000000000000000000000010000000000010000000000000000000000000000000000000000100100000000000000000000001000000000100000000000000000000001000000000000000010000000000100
0000000000000000000000000000000000000000000000000000000000000000000000000000000000001000000000000000000000000000000101000000000000000000000000000000100000001000000000000000000000000000000100000000000010000000000000000000000000000000000000100000000000000000
0000000000000000000000000000000000000000000000000000000000000000000000000000000000000000000000000000000000000000000000000000000000000000100000000000000000000000000000000000000000000000000000000000000000000000000000000000000000000000100000000000000000000000
0000000000000000000000000000000000000000000000000000000000000000000000000000000000000000000000000000000000000000000000000100000000000000000000000000000000000000000000010000000000000001000000000000000000000000000000000000000000000000000000000000000000000000
0000000000000000000000000000000000000100000000000000100000000000000000000000000010000000000000000000000000000000000000000000000000000000000000000000000000000001000000000000000100000000001000000001000000000000000000000000010000001000000000000000000000000000
0000000000000000000010000000000000000000000000000000000000000000000000000000000010000000000000001000000000000000000000000000000000000000000000000000000001000000000001000000100000000000100000000000000000000000000000000000000010000000000000000000000000000000
0000000000000000000000000000000000100000000000000001000000000000000000000000000000000000000000000000000000000001000000000000000000000000000001000000000000000000000000000000100000000000000000000000000000000000000000000000000000000000000000000000000000000000
0000000000000000000000000000000000000000100000000001000000000000000000000000000000000000000000000000000000000000000000000010000000000000000000000000000000010000000000000000000000000000000000000001000000000000000000000000000000000000000000000000000000000000
0000000000000000000000000000000000000000000000000000000000000000000000000000000000000000000000000000000000000000000000000000000000000000100000000000010000000000000000000000000011000001000000010000000000100000100000000000000000000000100000000000000000000000
0000000000000000000000000000000000000000000000000000000000000000000000000000000000000000000000000000000000000000000000000000000000000000000000000000000000000000000000000000000000000000000000000000000000000000000000000000000000000000000000000000000000000000
0000000000000000000100000000000000000000000000000000000000000000000000000000000000000000000000000000000000000000000000000000000000000000000000001000000000000000000000000000000000000000000000000000000000000000000000000000000000000001000000000000000000001010
1000000000000000000000000000000000000000000000000000000000100000000000000000000000000000000000000000000000000000000000000000000000000000000000000000000000000000000000000000000000000000000000000000000000000000001000000100000001010000000000000000000000000000
0000000000000000000000001000000000000000000000000000000000000000100100000000000000000000000000000000000000010100000000000000000000000000001000000000000000000000000000000000000000100000000000000000000000000010000000000001000000000010100000010100000000000011
0000000000000000000000000000000000000000000000000000000000000000000000000000000000000000000000000000000001000000000000000100000000000000000000000000000000000000000000000000000000000000000000000000000000000000000000000100000000000000100000000000000010001000
0000000000000000000000000000000000000000000000000000000000000000000000000000000000000000000000000000000000000000000000000000000000000000000000000000000000000000000000010000000000000001000001010100000000000011000100010100001010100001000001100001000000001111
0000000000010000000000000000000000000000000000000000000000000000000000000000000000000000000000000000000000001000000000000000000000100000100000000000000000100100000100000000000000000010000001000010000001000010000000011000000100100000100001000000010100000000
0000000000000000000000000000000000000000000000000010000000000000000000000000000000000000000000000000000000000000000000000000000000000000100000000000000000000000000000000010100010100000000011000000001000010110000000000000010000000001111000100000000001000001
0000000000000000000000000000000000000000000000000000000000000000000000000000000000000000000000100000000100000000000000000010000000000000000100000010000000000001110011000000000000000000011000010000010000001100100000000110011000100000101101000001010100110000
0000000000000000000000010000000000000000000000000000000000000000000000000000000000000000000000000000000000000001000000000000000000000000100000000000000010110001101100010110100101100110000100001000001001000101011111010001000000101000100001000001000000001100
0000000000000001000000000000000000000000000000000000000000000000000000000000000000000000000000000100001000000000000000000000000000000000000100100000001001000000000110000000001001000000000000011100000000101000000001000001101000000000000100000100000000000000
0000000000000000000000000000100000000000000010000000000000001000000000000000000000000010000000000000000100000011010001000010000001100001000001000001001010001100000000110000111011100000110100111101000000000110011100010011000000001000110011100101011010101001
0000000000000000000000000000000000000000000000000000000000000000000000000010000000000000000000000000000000000010000000001000010000000000010110011000001000001000010110000000000100000000000011100000010001000010000001000000100100000010000000000100100000001000
0000000000000000000000000000000000000000000000000000000000000000000010000010000000011010100010000000100000000001100001000000001000100001001100001000001010001000001001100111000111000100111011110110101001101100101111111010001110010000101111100101010000011001
0000000000000000000000000000000000000000000000000000000000000000000000000000000000000000000010000000000110000001000001001010001010111000010010011000001000101000000111000011001010010000001001001000110000101000110100010000000000010000000000011000100000010100
0000000000000000000000000000000000000000000000000000000000000000000000000001000000000000000000000000010010100000101000100000000100101100001100000110000000000000000111100100010001000000011000000100011110000000000110010011011101010001000101010100010110000000
0000000000000000000000000000000000000000000000000000000000000000000000000000000000000000001000000000000000100010000001000001010100010000001000000000000011010000100000011011000111000010000010000100000000010000001000100000000100000100010001001111000101000000
0000000000000000000000000000000000000000000000000000000000000000000000000000000000000000100000000100000000110100000000000000000100110000000000001000001001000000010000001000010110101101000000100001010101011110010101000000001100001100001001010000011100000111
0000000000000000000000000000000000000000000000000000000000000000000000000000000000000000001000000000100000000100000000000011000010110001000011010010010000010000000000011001000010100101101001100000000110100010100000110000010101100000011000000000000010101000
0000000000000000000000000000000000000000000000000000000000000000000000000000000000000000000100100000010000100001000011000000001000000000000011001000011110100000000011001001000010010001011111000100110100010010000110010010000000101000010110011000000001001000
0000000000000000000000000000000000000000000000100000000000000000000000000000000000000000000000000000001010100000000000000000000100010000000010000000000011000010000000110110100000101001000000101011000100100001000100000010100100000101100001100000001000011000
0000000000000000000000000000000000000000000000000001000100000000000000000000000000000000000000110000000000100000000001110111100000100011001110000100010001000101101000000011000000010111010101110001100101000000001110100001001111111110010000000110000011001010
0000000000000000000000000000000000000000000000000010000000000000000000000000100001000000000000000000000000010001101000010100001000000001000000000000011010001011100011001100000011001010001110000100000000001100100000000101000110010001001011000000000001000010
0000000000000000000000000000000000000000000000000000000000000000000000000010000000000001011100000100000100100000110000010001000100011000100000010100111111010101111101010100010011000000101010011011111100000100110010100101000010100011000000001000001001000010
0000000000000000000000000000000000000000000000000000000000000000000000000001000000000000000000000000001000010011110101110101000000010000000001000000001101000100100101010010000110100001010001000100001001011010001010010010010101000011011101110000010010001000
0000000000000000000000000000000000000000000000000000000000000000000000000000000000000000010010010000000000100100000100011001100000000001011000011000101000000100001101000100101000100001000001011010110100001101011110001000001001010100011101110001000010001101
0000000000000000000000000000000000000000000000000000000000000000000000000000001000000000000100001000000100101001000100000000000001100011110001101101010000000000110000000010000000010000000000010000000000111000010000000001110000100000001010100101001000011100
0000000000000000000000000000000000000000000000000000000000000000000000000000000000000000111000000000000000001000101100110000010100010110111000000010100000100100010001001010011111101010000111000100100000101000111110100000011100111011001011010111001100100001
0000000000000000000000000000000000000100000000000000000000000000000000000100000000000000100000000000000010000000100000100000000101010000010000100001001000011000110010100101100110001110110000000101111111111001011000010100000001000000100000100001000100011010
0000000000000000000000000000000000100000000000000000000000000000000000000000000010000000000000000000101100010010000000001000110000010001000100001011000000111100001010001101110000110001001000101010001111001001000110000101000010001110100000010001010010001000
0001000000000000000000000000000000000000000000000000000000000000000000000000000000000000000000000000000000001001100100000100001010000000000110001111110000111000000000000001101000000000101000000000100100010100100101000010100000010100100001000001000001000000
0000000000000000000000000000010000000000000000000000000000000000000000000000100000000000000100100000000001010000100010101000000000010001100000100000101010010100100001111010100001000110000001001011001100111101100000000101000101100101101000001101110100000110
0000001000000000000000000000000000000000000000000000100000000000000000000000000000000000000010010000000000000000001000000000000010010000101010010101011000000100001110001100000000010000100001000100100000101000000110100000000000000010010000100001100000010100
0000000000000000000000000000000000000000000000000000000000000000000000000000000000000000000000000000000000010001000000000110010000001001100000010000001110100011100010110000000101100101010111011011001011000101101110000000100001101001000000001010000000111011
0000000000000000000000000000000000000000000000000000000000000000000000000000000000000000000000100100000010000000000000000010000000000000000000001000100000001000000000010011001000010011000110001000100010010100001010010100000100011011000000000100000000000000
0000000000000000000100000000000000000000000000000000000000000000000000000000000000000000000000000000000000011000001011000010100100100010101100011001100100000100100101010000000010000011100101110010100010011110000001101010001000000010010100010000110000100100
0000000000000000000000000000000000000000000000000000000000000000000000000000010000000000000000000100010001000000000100000000000000100010000000000000100110100010001010001000001010000101010010001000101010000000000000011010000110110110000000001100000010000000
0000000000000000000000000000000000000000000000000010000000000000000000000000000000000010000001000000000000000100110000000000000000000000010100100110000100000101000100000101100010100011001000001010000100100000010011101001000011110110000100010001100000000110
0000000000000000000000000000000000100000000000000000000000000000000000000001000000000000000000001000000000010000000000000000000010000000000000010000011010010101000000000100000100100100000001010101001000000000000000000000110001001000100000101000000000001000
0000000000000001000000000000000000000000000000000000000000000000000000000000000000000000000001000000000000000101100001000001001110000000100000000000000000000100000100110001011010011010100111100010100011100100101010101000000010111010000000101001010110000100
0000000000000000000000000000100000000000000000000000000000000000000000000000000000000000000001000000010000001000001001000000010011000001000100101101001100100100000100000000100111100000000001100001010101000101001100000010010001110000100000000011000110000001
0000000000000000001000000000000000000000000000000000000000000000000000000000000000000000000000000000010000001001000010000001001000010000000101010010101101100100110001111000010110000101000001100110111101100001101110110000000011101001110101100110100010100001
0000000100000000000000000000000000000000000000000000000000000000000000000000000000000000000000000010000000011001000000010100000111100010100001100100101010000011000001000010001010111000110100000000001100010100001010010010001000000010000000000001010000010000
0000000000000000000000000000000000000000000000000000000000000000000000000000000000010000000000000000000001010000000000000010000001000000010001100000000000001111101101110001000000001101000110011001000101000111010101010101010100001100010100100100010000100100
0000000000000000000000000000000000000000001000000000000000001000000100000000000000000000000000000000000010000100000010100000000000000001000010000000000000001110000011000010100100000011010001010001000110001111010110001101000000000011000010000011010000000000
0000010000000000000000000000000000000000000000000000000000000000000000000000000000000000000100000100000100001010010001100001100100110011001000101000101010000100000001001101010100000010011010011011110000000011111001101000100111001100011000011011101011010001
0000000000000000000000000000000000001000000000000000000000000000000000000000000000000000000000000000000000000000000000000000000010111000001000001001101001001000000001000110110111110001000011000000011000001011000001010000100000000100100010000010000000010000
0010000000000000000000000000000000000010001000000000000000000000000000000000000000000000000000000000000000000000000011000000000000000000111000000001001000000111001011001010010101010000000010000100001000000001011001010001000010001000100000010000010000011000
0000000000000000000000000010000000000000000000000000000000000000000000000000000000000000000000000000000000000000001101000010000010110001000101000000000000000100001100001010001001000000000101000010010010000100010110000110100100000000100001000001010110000000
0000000000000000000000000000000000000000000000000000000000000000000000000000000000000000000000000000000000000000000001110100000011000100000111001010101110000011011111010000100100000100110010100100110100100000000010000110000010100000000001000010010010000000
0000000000000000000000000000000000000000000000000000000000000000000000000000001010000000000000000000010001000000000010000000000001000000000100100000000010100000001000000101000100000110010110000010110000000000001010100000000010011100001001010100000001000000
0000000000000000000000000000000000000000000000000000000000000000000000000010000000000000100000000000000100011000000000000000001000000100001100000000000011000000100010100000111100011111001110100111000001010000000111000001000000001100000100011000000000100100
0000000000000000000000000000000000000000000000000000000000000000000000000000000000000000000000000000000000000010000000000010000110000000100100000000000000001000010100000000000000100100110101101000000010000000000000100000000000110000000001000000100000001100
0000000000000000000000000000000000000000000000000000000000000000000000000000000000000000000000000000100000001000001001000010110000000000000001001110000100000000101101000000001100000000010011100000000100001000100100000110011010000000100001000010010000100000
0000000000000000000000000000000000000000000000000000000000000000000000000000000000000000000000000000000000000000000000010010000000000001010100000110001010000100000000001000000001000000000111011010000000011100000001010000100000000000010011000000000000100001
0000000000000000000000000001000000000010000000000000000000000000000000000000000000000000000000000000000000000000000000000000000001000000001110011011010001001000001011110000000100000011000010001000000100010000000100011010010010000001011000000000000000100000
0000000000000000000000000000000000000000000000000000000000000000000000000000000000000000000000000000000000000000000000000000000000101000100000110010000100000000010000001000000101000000000000010000010000000000000100000001000000000000100010001001010000001000
0000000000100000000000000000000000000100000000000000000000000000000000000000000000000000000000001000100000000001000000000000000000000000100000000101000000110111011000100111001000010011010001000000000101110100111011010000101000110010010010001011010000000001
0000000000000000000000000000000000000000000000000000000000000000000000000000000000000000000000000000000000000010000000010000000000000000000000000000000000000000100100000000000000000001100100000100000001010000000000000000000000100000000000000000001000000000
0000000000000000000000000000000000000000000000000000000000000000000000000000000000000000000000000000001000000000000000000000000001000000000101000000000000100000000000001101000000000001010000111001000010101000000000000010000000001000000010000001100000000101
0000000000000000000000000000000000000000000000000000000000000000000000000000000000000000000100000000000000000000000100000000000000000010000000000100001000010001000000000000000001000000000000000000000010001001000000000000000001000000010000000000000000000000
0000000000000000000000000000000000000000000000000000000000000000000000000000000000000000000000000000000000000000000000000000000001010000000000010000000000000000101000001000000000000000000000000000000000000001000000000001000000000000000100000000010000000000
0000000000000000000000000000000000000000000000000000000000000000000000000000100000000000000000000000000000000000000000000000000000000000000000000000000000100000000000000000000000000000000000001000000000000000100001000001000000001000000000000000000000000000
0000000000000000000000000000000000000000000000100000000000000000000000000000000000010000000000000000000000000000000000000000100000000000000000000000000000000000000000000000000000000000000100000000000000000000000000000000000000000000000000000000000000000000
0000000000000000000000000000000000000000000000000000000000000000000000000000000000000000000000000000000000000000000000000000000000000000001000000000000000000000000000000000000000000000000000000000000000000000000000000000000000000000000000000000000000000000
0001000000000000000000000000000000000000000000000000000000000000000000000000000000000000000000100000000000000000000000001100000000000000000000000000000000000000000000000000000000000000000000001000100000010000000000000010000000000000000000000000000000000001
0000000000000000000000000000000000000000000000000000000000000000000000000000000000000000000000000000000000000000000000000000000000000000000000000000000000000000000000000000000000000000000000000000010000000000000000000000000000000000000000000000000000000000
0000000000000000000000000000000000000000000000000000000000000000000000000000000000000000000000000000001000000000000000000000000100000000000000000100000000000000000000000000000000100000000000000000000000000000000000000000000000000000000000000100100000000000
0000000000000000000000000000000000000000000000000000000000000000000000000000000000000000000000000000000000000000000000000000000000000000000000000000000000000000001000000000000000001000000100000000000000000000010000000000000001000000000000000000000000000001
0000000000000000000000000000000000000000000000000010100000000000000000000000000000000000000000000000000000000000000000000000000000000000001000000000010000000000000000000000000000000000000000000000000000000000000000000000000000000000000000000000000000000000
0000000000000000000000000000000000000000000000000000000000000000000000000000000000000000000000000000100000000000000000000000000000000000000100000000000100011000000000000000000000000000000000000000000000000000000000000000000000000000000000000000000000000000
0000000000000100000000000000000000000000000000000001000000000000000000000000000000000000000000000000000000000000000000000000001000000000000000000000000000000000000000000000000000000000000000000000000000000000000000000010000000000000000000000000000000000000
0000000000001000000000000000000000000000000000000000000000000000000000000000100000000000000100000000000000000001000000000000000000000000000000000000000000010000000000000000000000000000000000000000000000000100000000010000000000000000000000000000000000000000
0000000000000000000000000000000000000000000000000000000000000000000000000000000000000000000000000100000000000000100000000010000000000000000000000001000000000000000000000000000000000000000000000000000000000000000000000000000000100000000100000000000100000000
0000000000000000000000000000000000000000000000000000000000000000001100000000000000000000000000000000000000000000000000000000000000000000000000000000000000000000000010000000000000000000000000000000000000000000001000000000000000000000000000000000000000000000
0000100000000000000000100000000000000000000000000000000010000000000000000000000000000000000000000000000000000011000000000000000000000000000000000000000000000000000000010000000000000000000000000000000000000000100000000000000000001000000000000001000000000001
0000000000000000000000000000000000000000000000000000000000000000000000000000000000000000000000000000000000000010000000000000000000000000000000000000000000000000000000000000000000000000000000000000000000000000000010000000000000000000000000000000000000000000
0000000000000000000000000000000000000000000000000000000000000000000000000000000000000000000000000000000000000000000000000000000000000000100000000000000000010000000000000000000000000000000000000000000000000000000000000001000000000000000001000000000000000000
0000000000000000010000000000000000000000000000000000000000000000000000000000000000000000000000000000000000000000000000010000000000000000000000000001001000000000000000000000000000000000000000000000000000000000000001000000000000000000000000000000000000000000
0000000000000000000000000000000000000000000000000000000100000000000000000000000000000000000000000000000000000000000000000000000000000000000000000001100010000000000010000000000000000000000000000000000000000000000000000000000000000000000000000000000000000000
0000000000000000000000000000000000000000000000000000000000000000000000000000000000000000000000000000000000000000000000000000000000000000000000000000000000000000000000000000000000000000000000000000000000000000000000000000000000000000000000000000000000000000
0000000000000000000000000000000000000000000000000000000000000000000000000000000000000000000000000000000000000010000000000100000000000000000000010000000000000000000000000000000000000000000001000000100000000000000000000000000010000000000000000000000000000001
0000010000000000000000000000000000000000000000000000000000000000000000000000000000000000000000000000000000010000000000000000000000000000000000000000000000000000000000000000000000000000000000000000000000000000000000000000000000000000000000000000000000000000
0000000000000000000000000000000000000000000000000000000000000000000000000000000000000000000000000000000000000000000000000000000000000000000000000000000000001000000100000000000000000000000000000000000000000000000000000000000000000000000001000001000000000000
0000000000000000000000000000000000000000000000000000000000000000000000100100000000000000000001000000000000000000000000000000000000000000000000010000000000000000000000000000000000000000000000000000000000000000000000000000000000000000000000000000001000000000
0000000000000000000000010000000000000000000000000000000000000000000000000000000000000000000000000000000001000000000000000000000000000000000000000000000000000000000000000000000000000000000000000000010000000000000000000000000001001000000000000000000000000000
0000000000000000010000000000000000000000000000000000000000000000000000000000000000000000000000000000000000000000000000000000000000000000000000000000000000000000000000000000000000000000000000000001000000000000000000000000000000000000000000000000000000000000
0000000001010000000000000000000000000000000000000000000000000000000000000000000000000000000000000000000000000000000000000000000000000000000000000000100000000000000000000000000001000000000001000000000000000000000000000000000000000000000000000000000000000001
0000000000000000000000000000000000000000000000000000000000000000000000000000000000000000000000000000000000000000000000000000000000000000000000000000000000000000000000000010000000000000000000000000000000000000000000000000000000000000000000000000000000000000
0000000000000000000000000000001000000000000000000000000000000000000000000000000000000000000000000000000000001001000000000000000010000000000000000000000000000000000000000000000000000000000000000010000000000000000000000000000000000100000010000000000000000000
0000000000000000000000000000000000000000000000000000000000000000000000000000000000000000001000000000100000000000000000000100000000000000000000000000000000000000000000000000000000000000000000000000000000000000000000000000000000000000000000000000000000000000
0000000000000000000000000000000000000000000000000000000000000000000000000000000000000000000000000000000000000000000000000000000000000000000000000000000000000000000000000000000000000000000000000000000000000000000000000000000000000000000000000000000000000000
0000000000000000000000000000000000000000000000000000000000000000000000000000000000000000000000000010000000000000000000000000000000000000000000000000000000000000000000000000000000000000000000000000000000000000000000000000000010000000000000000000000000000000
0000000000000000000000000010000000000000000000000000000000000000000000000000000000000000000000000000000000000000000000000000000000000000010000000000000000000000100000000000000000000000000000000000000000000000010000000000000000000000000000000000100000000000
0000000000000000000000000000000000010000000000000000000000000000000000000000000000000000000000000000000000000000000000001000000000000000000000000000000000000001000000000000000000000000000000000000000000000000000000000000000000000000000000000000000000000000
0000000000000000000000000000000000000000000000000000000000000000000000000000000000000000000000001000000000000000000000000000000000000000000000000000001000000000000000000000000000000000000000000100000000001000000000000000000000000000000000000000000000000000
0000000000000000000000000000000000000000000000000000000000000000000000000000000000000000000000000000000000000100000000000000000000000000000000000000000000000000000000000000000000000000000000000000000000000000000000000000000000000000000000000000000000000000
0000000000000000000000000000010000000000000000000000000000000000000000000000100000000000000000000000000000000000010000000000000000000000000000000000000000000000000000000000000000000000000000000000100000000000000000000100000000000000000100000000000000000000
0000000000000000000000000000000000000000001000000000000000000000000000000000000000000000000000000000000000000000000000000000000000000000000000000000000000000000000000000000000000000000000000000010000000000000000000000000000000000000000000000000000000000000
0000000000000000000000000000000000000000000000000000000000000000000000000100000000000000000000001000000000000000000000001000000000000000000000000000000000000000000000000000000100010000000000100000000000000000000000000000000000000000000000000000000000000000
0000000000000000000000000000000000000000000000000000000000000000000000000000000000000000000000000000000000000000000000000000000000000000000000000000000000000000000000000000000000000000110000000000000000000000000000000000000000000000000000000000000000000000
0000000000000000000000000000000000000000000000000000000000000000000000000000000000000000000000000000000000001000000000000000000000000000000000000000000000000000000000000000000000000000000000000100000000000000000000000000000000000000000000000000000000000000
0000000000100000000000000000000000000000000000000000100000000000000000000000000000100000000000000000000000000000000001000000000000000000000000000000000000000000000000000000000000000000000000000000000000000000000000000000000001000000000000000000000000000000
0000000000000000000000000000000000000000000000000000000000000000000000000000000000000000000000000000000000000000000000000000000000000000000000000000000000000000000000001000000000000010000000000000000000000000000000000000000000000000000000000000000000000000
0000000000000000000000000000000000000000000000000000000000000000000000000000000000000000000000000000000000000000000000000000000000000000000000001000000000000000000000000000000000000000000000000000000000000000000000000000000000000000000000000000000000000000
0000000000000000000000000000000000000000000000000000000000000000000000000000000000000000000000000000000000000000000000000000000000000000000000000000000000000000000000000000000000000000000000001000000000000000000000000000000001000000000000000000010000000000
0000000000000000000000000000000000000000000000000000000000000000000000000000000000000000000000000000000000000000000000000000000000000000000000000000000000000000000000000000000000000000000000000000000000000000000000000000000000000000000000000000000000000000
0000000000000000000000000000000000000000000000000000000000000000000000000000000000000000000000000000000000000000010000000000000000000000000100000000000100000000100000000000001000000000000000000000000000000000000000000000000000000000000000000100000000000000
0000000000000000000000000000000000000000000000100000000000000000000000001000000001000000000010000000000000000000000000000000000000000000000000000000000000000000000010000000000000000000000000010000000000000000000000000000000000000000000000000000000000100000
0000000000000000000000000000000000000000010000000000000000000000000000000000000000000000000000000000000010000000000000000000000000000000000000000000000000000000000000000000000000000000000000000000000000000000000000000000000000000000000000000000000000000000
0000000000000000000001000000001000000000000000000000000000000000000000000000000000000000000000000000000000000000000000000000000000000000000000000000000000000000000000001000000000000000000000000000100000000000000000000000100000000000000000000000000000000000
0000000000000000000000000000000000000000000000000000000000000000000000000000000000000001000000000000000000000000000000000000000000000000000000000000000000000000000000000000000000000000000000000000000000000000000001000000000000000000000000000000000100000000
0000000000000000000000000000000000000000000000000000000000000000000000000000000000000000000000000000000000000000000000000000000000000000000000000000000000000000000000000000000000000000000000000000000000000000000000000000000000001000000000000000000000000000
0000000000000000000000000000000000000000000000000000000000000000100001000000000000000000000000000000000000000000000100000000000000000000000000000000000000000000000000000000000000000000000000000000000000000000000000000000000000000000000000000000100000000000
0000000000000000000000000000000000000000000000000000000000000000000000000000100000000000000000000000000000000000000000000000000000000000000000000000000000000000000000000000000000000000000000000000000000000000000000000000000000000000000000000010000000001000
0000000000000000000000000000000000000000000000000000000000000000000000000000000000000000000000000000001000000000010000000000010000000000001000000000000000000100000000000000000000000000000000000000000000000000000000000000000000000000000000000000000000000000
0000000000000000000000000000000000000000000000000000000000000000000000000000000001000000001000000000010000000000000000000000000000000010000000000000000000000000000000000000000000000000000000000000000000000000000000000000000000000000000000000000000000000000
0000000000000000000000000000000000000000000000000000000000000000000000000000000000000000000000000000000000011000000000000000000000000000000000000000000000000000000000000000000000000000000000000000000000000000000000000000000000000000000000000000000000000000
0000000000000000000000000000000000000000000100000000000000000000000000000000000000000000000000000000000000000000000000000000000000000000000000000000000000000000001000000000000000000000000000000100000000010000010000000000000000000000000000000000000000000000
0000000000000000000000000000100000000000000000000000010000000000000000000000000000000000000000000000000000000000000000010010000000000000000000000000000000010000000000000000000000000100000000000000000000000000000000000000000000000000000000000000000000100000
0000000000000000000000001000000000000000000000000001000000000000000000000000000000000000000000000000000000000000000000000000000000000000000000000000000000000000000000010000000000000000000000000000000000000010000000000000000000000000000000000000000000000000
0000000000000000000000000000000000000000000000000000000000000000000000000000000000000000000000000000000000000000000000000000000000000000000000000000000000000000000000001000000000000000000000000000010000000000000000000000010000000000000000000000000000000000
0000000000000000000000000000000000000000000000000000000000000000000000000000000000000000000000000000000000000001000000000000000000100000000000000000000000000000000000000000000000000000000000000000000000000000000000000000000000000000000000000000000000000000
0000000000000000000000000000000000000000000000000000000000000000000000000000000000000000000000000000000000000000000000000000000000010000000000001000000000000000000000000000000000001000000000000000000000000000001000000000001000000000001000000000000000000000
0000000000000000000000000000000000000000000000000000000000000000000000000000000000010000000000000000000000000000000000000000000000000000010000000000000000000000000000000000000000010000000000000000000000000100000000000000000000000000000000000000001000000000
0000000000000000000000000000000000000000000000000000000000000001000000000000000000100000010000000000100000000000000000000000100000000000000000000000000000000000000000000000000000000000000000000000000000000000000000000000000000000000000000000000000100000000
0000000000000000000000000000000000000000000000000000000000000000000000000000000000000000000000000000000000010000000000000000000000000000000000000000000000000000000000000010000000000000000000000000000000000000000000000000000000000000000000000000000000000000
0000000000000000000001000000000001100000000000000000000000000000000000000000000100000000000000000000001000000000000000000000000000000000000000000000000000000000000000000000000000000000000000000000000000000000000000000000000000000000000000000000000000000000
0000000000000000000000000000000000000000000000000000000000000000000000000000000000000000000000100000000000000000000000000000000000000000000000000000000000000000000000000000000000000000000000000000000000000000000000000000000000000000000000000000000000000000
0000000000000000000000000000000000000000000000000000000000000000000010000000000000000000000000000000000000000000000000000000000000000000000000000000000000000000000010000100000000000000000000000000000000000000000000000000000000000000000000000000000000000000
0000000000000000000100000000000000000000000000000000000000000000000000000000010000000000000000000000000000000000000000000000000000000000000000000000000000000000000000000000000000000000000000000000000000000000000000000000000000000000000000000000000000000000
0000000000000000000000000000000000000000000010000000000000000000000000000000000000000000001000000000100000000000000000000000000000000000000000000000000000000000000000000000000000000000000000000000000000000000000000000000000000000000000000000000000000000000
0000000000000000000000000000000000000001000000000000000000000000000000000001000000000000000000000000000000000000000000000000000000000000000000000100000000000000000000000000000000000000000000000000000000000000000000000000000000000000000000000000000000000000
0000000000000000000000000000000000000000000000000000000000000000000000000000000000000000000000000000000000000001000000000000000000000010000000000000000000000000000000000000000000000000000000000000000000000000000000010000000000000000000000000000000000000000
0000000000000000000000000000000000000000000000000000000000000000000000000000000000000000000000000010000000000010000000000000000000000000000000000000000000000000000000000000000000000000000000000000000000000000001000000000000000000100000000000000000000000000
0001000000000000000000000000000000000000000000000000000000000000000000000000000000000000000000000000000000000000000000000000000000000000000000000000000000000000000000000000010000000000000000000000000000000000000000000000000000000000000000000000000000000000
0000000000000000000000000000000000000000000000000000000000000000000000000000000000000000000001000000000000000000000000000000000000000000000000000000000010000000000000000000100000000000000000000000000000000000000000000000000000000000000000000000000010000000
0000000000000000000000000000000000000000000000000000000000000000000000000000000000000000000000000000000000000000000000000000010000000000000000000000000000000000000000100000000000000000000000000000000000010000000000000000000000000000000000000000000000000001
0000000000000000000000000000000000000000000000000000000000000000000000000000000000000000000000000000000000001000000000000000000000000000000000000000000000000000000000000000000000000000000000000000000000000000000000000000000000000000000000000000000000000000
0000000000000000000000000000000000000000000000000000000000000000000000000000000000000000000000000000000000000000000000000000000000000000000000000000000000000000000000000000000000000000000000000000000000000000000000000000000000000000000000000000000001000000
0000000000000000000000000000000000000000000000000000000000000000000000000000000000000000000000000000000000000000000000000000010100000000000000000000000000000000000000000000000000000000000000000000000000000000000000000000000000000000000000000000000000000000
0000000000000000000000000000000000000000000000000000000000000000000000000000000000000000000000000000000000000000000000000000000000000000000000000000000100000000000000000000000000000000000000010000000000000000000000000000000000000000000000000000000000000000
0000000000000000000000000000000000000000000000000000000000000000000000000000000000000000000000000000000000000000000000000000000000000000000000000000000000000000000000000000000000000000000000000000000000100000000000000000000000000000000000000000100000000000
0000000000000000000000000000000000000000000000000000000000000000000000000000000000000000000000000000000000000000000000000000000000000000000000000000000000000000000001000000000000000000000000000000000000000000000000000001000000001000000000001000000000000001
0000000000000000000000000000000000000000000000000000001000000000000000000000000000000000000000000000000000001000000000000000000000000000000000000100000000000000000000000000000000000000000000000000000000000000000000000000000000000000000000000000000000000000
0000010000000000100000000000000000000000000000000000000000001000000000000000000000000000000000000000000000010000000000000000000000000000000010000000000000000000000000000000000000000000000000000000000000000000010000000000010000000000000000100000000000000000
0000000000000000000000000000000000000000000000000000000000000000000000000000000000000000000000000000000000000000000000000000000000000000010000000000000000000000000000000000000000000000000000000000000000000000000010000000000000000000000000010000000000000000
0000000010000000000000000000000000100000000000000000000000000000000000000000000000000000000000000000000000000000000000000000000000000000000000000000000000000000000000000000000000000000000000000000000000000000000000000000000000000000000000000000000000000000
0000000000000000000000000000000000000000000000000000000000000000000000000000000000000010000000000000000000000000000000000000000000000000000000000000000000000000000000000000000000000000000010000000000000000000000000000000000000000000000000000000000001000000
0000000000000000000000000000000000000010000000000000100000000000000000000000000000000000001000000001000000000000000000000000000000000010000000000000000000000000000000000000000000000000000000000000000000000000000000000000000010000001000000000000000000000000
0000000000000000000000000000000001000000000000000000000000000000000000001000000000000000000000000000000000000000000001001000000000000000000000000000000000000100000000000000000000000000000000000000000000000000000000000000000000000000000000000000000000000000
0000000000000000000000000000000000000000000000000000000000000000000000000000000000000000000000000000000000000000000000000000000000000000000000000000000000000000000000000000001000000000000000010000000000000000000000000000000000000000000000000000000000000000
0010000000000000000000000000000000000000000000000000000000000000000000000000000000000000000000000000000000000000000000000000000000000000000000000000000000000000000000000000000000000000000000000000000000000000010000000000000100000000000000000010000000000000
0000000000000000000000000000000000000000000000000000000000000000000000000000000000000001000000000000000000000000000000000000000000000000000000000000000000000000000000000000000000000000000000000000000000000000000000000000000000000000000000000000000000100000
0000000000000000000000000000000000000000000000010000000000000000000000000000010000000000000000000000000000000000000000000000000000000000000000000001000000000000000000000000000000000000000000000000000000000000000000000000000000000000000000000000000000000000
0000000000000000100000000000000000000000000000000000000000000000000000000000000000000000000100000000000000000100000000000000000000000000000000000000000000000000000000000010000000000000000000000000000000000000000000000000000000000000000000000010000000000000
0000000000000000000000000000000000000000000000000000000000000000000000000000000000000000000000000000000000000000000000000000000000000000000000000000000000000000000000000000000000000000000000000000000000000000000000000000000000000000000000000000000000000000
0000000000000000000100000000000000000000000000000000000000000000000000000000000000000000000000000000000000000000000000000000000000000000000000000000000000000000000000000000000000000000000000000000000000000000000000000000000001000000000000000000000000000000
0000000000000000000000000000000000000000000000000000000000000000000000000000000000000000000000000000000000000000000000000000000000100000000000000000000000000000000000000000000000000000000000000000000000000000000000000000000000000000000000000000000000000000
0000000000000000000000000000000000000000000000000000000000010000000010000000001000000000000000000000001000000000000000000000000000000000000000000000000000000000000000000000000000000000000000000000000000000000000000000000000000001000000000000000000000000000
0000000000000000000000000000000000000000000000000000000000000000000000000000010000000000000000000000000000000000000000000000000000000000000001000000000000000000000000000000000000000000000100000000000100000000000000000000000000000000000000000000000000000000
0000000000000000000000000000000000000000000000000000000000000000000000000001000000000000000000000000000000000010000000000000000000000000000000000000000000000000000000000000000000000000000000000000000000000001000010000000000000000000000000000000000000000000
0000000000000000000000000000000000000000000000000000000000000000000000000000000000000000000000100000000000000000000000000000000000000000000010000000000000010000000000000000000000000000000000000000000000000000010000000000000000000000000000000000000000000000
0000000000000000000000000000000000000000000000000000000000000000000000000000000000000000000000000000000000100000000000000000000000000000000000000000000000000000000000000000000000000000000001000000000000000000000000000000000000100000000000100000000000000000
0000000000000000000000000000000000000000000000000000000000000000000000000000000000000000000000000000000000000000000000000000000000000000000000000000000000000000000000000000000000000000000000000000000000000000000000000000000000000000000001000000000000000000
0000000000000000000000000000000000000000000000000000000000000100000000000000000000000000000000000000000000000000000000000000100000000000000000000000000000000000000000000000000000000000000000000000000000000000000000000000000000000000000000000000000000000000
0000000000000000000000000000000001000000000000000000000000000001000000000000000000000000000000000000000000000000000000000000000000000000000000000000000000000000000000000000000000000000000000000000000000000000000000000000000000000000000000000000000000000000
