0000000000000000000000000000000000000000000000000000000000000000000001000000000000000000000001000000000000000000000000000001000000000000000000000000000000000000000000000000000000000000000000000000000001000000000000000000000000000000000000010100000000000001
0000010000000000000010000000000000000000000000000000000000000000000000000000000000000000000000000000000000000000000000000000000000000000000000000000000000000000000000000000000000011000100000000000000000000000000000000000000001000000000000000000000000000000
0000000000000000000000000000000010000000000000000000000000000000000000000000000000000000000000000100000000000000000000000000001000000000000000000000000000000000000000000000000000010001000000000000000010000000000000000000000000000000000000100000000000000000
0000000000000000000000000000000000000000000000000000000000000000000000000000000000000000000000000000000000000000000000000000000000000001000001000000000000000000000000000000000000000000000000001000000000000000000000000000000000000000000000000000000000000000
0000000000000000000000000000000000000000000000000000000000000000000000000000000000000010000000000000000000000000000000000000100000000000000100000000000000000000000001000000000000000000000000000000000000000000000000000000000000000000100000000000000000000000
0000000000000000000010000000010000000000000001000000000000000100000100000000000100000000000100000000000000100000000000000000000000000000000000000000000000000000000000000000000000000000000000000000000000000000000011000000000000000000000000000000000000000000
0000000000000000000000000000000000000000000100000000000000000000000000000000000000000000000100000000000000000000000000000100010000000001000000000000000001000000000000000000000000000000000010000000000010000000000000010000000000000000000000000000000000000000
0000000000000000000000000000000000000000000000000000000000000000000000000000000000000000000001000000000000000000000000000000000000000000000000000000010000000000000000000000000000000000000000000000000000000000000000000000100000000000001000000000000000000000
0000000000000000000000000000000000000000000000000000000000000000000000000000000000000000000000000000000000000000000000001000000000000000000000000000000000000100000000000000010000000000000000000010000000000010000000000000000000000000000000000000000000000010
0000000000000000000000000000000000000000000000000000000000000000000000000000000001000000000000000000000000000000000000000000000000000000000010000000000000000000000000000001000000000000000000000000000000000000000000000000000000000000000000000000000001000000
0000000000000000010000000000000000000000000000000000010000000000000000000000000000000000000000000000000000001000000000000000001000000000000000000000000000000000010000000000000000000000100000000000000000000000000110001000000000000001000000000000000000000000
0000000000000000000000000000000000000000000000000000000000000000000000000000000000000000000000000000000000100000000000000000000000000000000000000000000000000000000000000000000000010000000000000000000000000000000000001000000000000000000000000000000000000000
0000000000000000000000000000000000100000000100000000000000010000000000000000000000000000000000000000000000000000000000000000000000000000100000000000000001000000000000100000000100000000000010000000000010100000100100000000010000000000000000000000000001000000
0000000000000000000000100000000000000000000000000010000000000000000000000000000000000000000001000000000000000000000000000000000000000000000000000000100000000000000000000000000000001000000000000000000000000000000000000010000000000100000000000000000000000000
0000000000000000000000000000000000000000000000000000000000000000100000000100000000000000000000000000000000000000100100000000000000000100000000000000100000100000000000000000000000000000000000000000000000000000000000000000000000000000000000000000001000000010
0000000000000000000000000000000000000000000000000000000000000000000000000000000000000001000000000000000000000000000000000000000000000000000000000000000000000000000000000000000000000000000000000000000000000000000000000000000000000000100000000000001000001000
0000010000000000000000010000000000000000000000000000000000000000000000000000000000000000000000000000100000100000000000000000000000000000000000000000000000000000000000000000000000000000000000000000000001000100000000000000000000000000000000000010100000000000
0000000000000000000000000000000000000000000000000000000000000000000000000000000000001000000000000000000001000000000000000000000010000000000000000000000000000000000000001000000000000000000000000000000000000000000000000000010000000000000000000000000000010000
0000000000000000000000000000000000000000000000000000000000010000000000010000000000000000000000000000000001010010000000000010000000000100000000000000000000000010010011000000000001000000000000001000000001000000000000000000100000000001000000000000000000100000
0000000000000000000000000000000000000000000000000000000000000000000000000001000000000000000000000000000000000000000000000000000100000000000000000000000000001000000000000000000000000000000000100000000000001000000000000000000010000000000000000010000000000000
1100000000000000000000000000010000000000000000000010000010001000000000000100000000000000000000000000100000000000000000000000000000000000000000000000000000000000000000000000000001000000000010000000000000000000000000001000000000000000000001000100000000000000
0000000000001000000000000000000000000000000000001000000000000000000000000000000000000000000000000000000000100000000000000000000000010000000000000000000000000000000000000000000000000000010000000001000000000000000000000000000000000000000000000000000000000000
0000000001000000000000000000000000000000000000000000000000000000100000000000000000000000010000000000000000000000000000000001000010000000000000000000000100000000000000000100000000000000000000000000000000000010000000001000000000000000000000000000000000010000
0000000000000000000000000000000000000000000100000000000000000000000000000000000000000000000100000000000000000000000000000000000000000000000000000000000000000000000000000000000000000000000000000000000000000100000000000000000001100000100000000000000000000000
0000000000000000000000000000000000000000000000000000000000000000000000000000000000000000000000010000000000000000000010000000000010000000001000000000000000000000000000000000010000000000000000000000000000000000000000000000000000000000000000000000000000000000
0000000000000000000000000000000000000000000000000000000101000000000000000000000000000000000000000000000000000000000000000000000000000000010000010010000000000000000000000000000000100000000000000000000000000001000000000000000000000000001101100000000000100000
0000000000000000001000000000000000000000000000000000000000000000000000000000000000000010000000000000000000000000000000000000000000000000000100000000000101000000000000000000000000000000100000100000000000000000010010100000000000000000000000000000000000000000
0000000000000000000000000000000000000000000000000000000000000000000000100000000000000000000000000000000000000000000000000000000100000000000000000000000000000010000000000000000000000000000000100000000000000000000000000000000000000000000000000000000000000000
0000000001000000000000000000000000000000000000000000000000000000000000000000000000000000000000000000100000000000000000000000000010000000000000000000000010000000000000000000000000000000000000000000001000000000000000000000000000000000000000100000000000000000
0000000100010000000000000000000000000000000000000000100000000000000000100000000000010100000000000000000000100000000000000100000000000000000000000000000000000000000000000000000000000000011000000000100000100001000000000000100000000000000000010000000000000000
0000000000001000000000000000000000000000000000000010000000000000000000000000000000000000000000000000000000000010000000000000000000000011000010000000000000000000100000000000010100000001100000100000010001001101000010011010000000000000000000100000000000100000
0000000000000000000000000000000000000000000000000000000000000000000000000000000000000000000000000000000000000000000000000000000000000000000000000000000100000010000000100000010100010000011100000001001100000000100000100000000100000000000000001000000000000000
1100000000000000000000000000000100000000000000000000000000000000000000100000000000000000100000000000000000000000000000000000000010000000000000010000000000000000100100001000010010100110110011000000000011010000000000000000011100000000000000010000000000000000
0000000000000000000000000000000000000000000000000000000000000000000000000000000000000000000000000000000000000010000000000000000000000100000000000000011100101001000100010000010000000001000000010000000000100011001100100000000010000000001000000000000000000000
0000000000000000000000000000000000000000000000000000000000000000000000000000000000000000000001000000000000000000000000000000100000000000000000000010001000000000000110000101000101111000001101010010010000100000000010000000000000000100000011110001000000001000
0000000000000010000000000000000000000000000000000000000000000000000000000000000100000000000000000000000000000000000011000000000000100000000000100000000000101001000001000000010010001000000011010100000010000100010000001000001001000010000100100010001000100000
0000000000000100000000000000000000000000000000000000000000000000000000000000001000000000000000000100100000000000110000000000000001010010000100000010010001100000111100000010110100001001011000010010000001101000001110110001110000000110010010000010000000000000
0000000000000000000000000000000000000100000000000000000000000000000000000000000000000010000000000000000000000000000000100000000000000000000100000000100000000100110100001000000100000010000000101000001000001100000000001000000100100000000100010000000010001100
0010000000000000000000000000000000000000000000000000000000000000000000000000000000000000000000000000000000000001000010000001101100010001000001000000100100100000010000010000111100001100110100001000110011010000001000000001100000000000000010000010000001000000
0000000000000000000000000000000000000000001000000000000000000000000000000000000000100100000000000000000100000000000001001000100000000001100100000000000010000000101110000100001001010001010100001101110001111010001010100100100000000100010100100101000110010000
0000000000000000000000000000000000000000000001000000000000000000000000000000000000000000000000000010000000000000010000000000000000010101000001110010001010100110001000000100010001101000101000000111100001110110110000011001000110111000001000010100100100101010
0000000000000000000000001000000000000000000000000000000000000000000000000000000000000000000000000100000000000001000000000000010011000000000100000000011000000000000011011010010001100000100100000001000100010110110111000000000100100000100000010110110001001000
0000000000000000000000000000000000000000000000000000000000000000000000000000000000000000000000000000000000000000000000000000100010101100100000000100001001000110011011011000001110001000100101100010001110011001001101010000001110110001110101110000111100010000
0000000000000000000000000000000000000000000000000000000000000000000000000000000000010000000000000000000000000000000010000000000010011010001100000000110010000001000100000011001001110100010111000001100010100101111001100000010010000110010100000010001000000000
0000000000000000010000000010000000000000000000000000000000000000000000000000000000010000000000000000000001001000000001001000000001111010011001101100101010001110101001101010011000100111011110000010011000011100100111000000110011010101100000111011000001000101
0000000000000000000000000000000000000000000000000001000000000000001000000000000001000000000000000000000000000011000000011100000011000100100100010000001000010001110001001110110000010101010001110010110010000111010101000101101010001000000001100001000000110000
0000000000000000000000000000000000000000000000000000000000000000000000000000000000000000001000000000100000001000000010001100110000100101100000010100101100110010000010000110010111011001001110011001010100111010110110110101000110010001100000110011000100001000
0000000000000000000000000000000000000000000000001100000000000010000000000000000000000000000000000000001000000000010001000000100100001101001010110111000101001000101100100100000101000000000100000100000001001011110010101000010000010011110001001000100000000000
0000000000000000000000000000001000000100000000000000000000000000000000000000000000000000000000000000000000000000000001000110101011000101001110110011100111100100110100000111010001100011100000100010000010000011010011111011101000000001111100010110110100001110
0000000000000000000000000000000000000000000000000000000000000000000000000100000000000000000000000000000000000000000100000111000100000010000100000000001010000000001011100000000100001010001010000010100000000000100101001000101000010010000010100110000101001010
0001000000001000000000000000000000000000000000000001000000000000000000000000000000000000000000000000010001101001100010000001000110110011110101110000101000000000111101001110100001101000101010101111100100110110011001001000111010011000000000001101010101000010
0100000000000000000000000000100100000000000000000000000000000000000000000000000000000000000000000000001000001000100000110001000000111000001001010000000000000001100001100000110010100100001110000010000110101110001111000100000010011001001011110000101111110000
0000000000000000000000000000000000000000000000000000000000000000000000000000000000000000000001000001100000010010000110000000000000010001100001001100110000000100011011001010110111111100000100001011011111101001101011101000001100001001001100100010111100010001
0000000000000000000000000000000000000000000000000000000000000000000000000000000100000000100000010000101000001000100101000100100000001010100010000010000001010101111010010111101000110111100110000100000101000001100000101110101100000001110010001010010001100000
0000000000000000100010000000000000000000000000000000000000000000000000000000000000000001000001000000000001110000001000010010000010000001000110110010111011111010101001111110100001001011101101000000001101010101001000001011011101110010101111110001110000100110
0000000000000000000100000000000000000000000000000000000000000000000000000000000100000010100010000000000001010000010000010011110111001100011001000000110001001010001001000000000000011000001000011100010100101100100001000000100010001000110101100010111001100100
0000000000000000000000000000000000000000000000000000000000000000000000000000000000000000010000000000000010000000100000110101100010000101010011010101100001011111111000001011100001100000100000001011011110001010100110111000100000001010110001011010000011000000
0000000000000000000000000000001000000000000000000000000000000000000000000000000000000000000000100000001000100000001010010000001100010000110111010100101100000100011111001101001000001100010000001011110100100000110001001000001110100001000000111101010000000010
0000000000000000000000000000000000000000000000000000000000000000000000000000000000000000000000000000010000101101000011011100001100100011000011010111010000101000111000011010110100011000110001010001111011010100101100000011010110100000010000110101000101101010
0000000000000000000000000000000000000000000000000000000000000000000000000000000000000000100000010001100001000100010010100001001101101000001000101110010101110110010011010010110101001001010010000010001000000110110010100000101000001001010011100010000100110000
0000000000000000000000000000000000000000000000010000000000000000000000000000000000000100001010000101000001001000001100010011010110011000010101001111001100100111111011011001110001001111101101101000100011110101011001101101001011101001100101111111001100100010
0100000000000000000000000000100000000001000000000000000000000000000000000000000000000000000000000001000000101100010010000111001011100001000101000010100000110011001000100000011010001101100001001001000011000000111100001000110000110000000100110101000111001110
0000000000000000000000000000000000000000000000000000000000000000000000000100000000000000110010000000001001000010100110000011110001110011011000100100000110000000000000011000111000010000101100100111100010011100010000111001100111011001100000010110011010001100
0000000000000000000000000000000000000000000000000000000000000000000000000000001000000010000100001100010010000100001101010011001100111100010110011010111001111111100011001100010100101001000101000100111001100000100110000011100001101101010000100000000110101000
0000000000000000100000000000000000000000000000000100000000000000000000000000001100000000000010000010010110001100011011000100100110000011111011101011111010100100101101101011110011001001000010010111011000110100000100001101110010100100010111001000110110001000
0000000000000000000000000000000000000000000000000000000000000000000100000000000000000000101010100000000000001000110010000111000010000001100011010100000101001011100101100100001101110011101010001001001000110100010000000101001011000100100010001000011010000100
0000000000000000000000000000000000000000000000000000000000000000000000000000001000000000100001010100101001101000000001100000011110001101101001110110000111110011100000010000101001000100100111100001011111011111111010111001001000011111011010111011000010011010
0000000000000000000100000000000000000000000000000000000000000000000000000000000001001100000001000000010100000000010000111000000110001010010001111001010001000100100101110011011000000100010000001111000001010000000110101010000100100101001101001001111111100010
0000000000000000000000000000000000000000000000000010000000010000000000000000000000000000010000010010001000001010100010010101000110011101011111010110010111110000000010010100100111111101011000100001011101101101101000111101011010110010100000111000011100100010
0000000000000000000000000000000000000000000000000000000000000000000000000100000000000000000000000010001101000100000100000000100000000001110100011010100011010101010101100001000001110101001101100001101100011110111100100111010000000001100100000000100100000110
0000000000000000100000000000000000000010000000000000000000000001000000001000000000010000001000100010001000000000101010000101001000010001110010101111101001000110101011011011011001000001110111001000000010010001111001010110001000001110010010110010100000000000
0000010100000000000000000000000000000000000000000000000010000000000000000000000010000000000100100111010010011000000110000110000011000000000000111101010101101010000100000000110010010011001000000110000100011011001000010000101000100001000001001000101000001000
0000000000000000000000000000000000000000000000000000000000000000000001000000000000010000000000101000100110100010010000000110011011101000011011011111011010011001010111011110101000001100110011101000100111101011000101001000100111000100100010010000100000000000
0000000000000000000000000000000000000000000000000000000000000000000000000010101000000000000000010000000000000000000101010001101001000110010110111011000011001001001000001001001100001110011000101010000000001001110100000000110000010100000000000000000000000000
0000000000000000000000000010000000000000000000000000100000000000000000000001000000000000001000010010010010100100001000100100010000001011000011100000010001000100010001000000101001100001000001000110000010001001000000000000000000000000000000000000000000000000
0000000000000000000000000000100000000000000000000000000000000000000000000000000000000000000000101010000101000111010110000010001000101001000101000010101010001000110000000000100000110000000001000000000000000000000000000000000000000000100000000000000000000000
0000010000000000000000000000000000000000000000000000000000000000000000000000000101000100011000010100001111100000111010010010000000000001000001100010111110000001000000010000000000000010100000010000000000010010000000000010010100000000000000100010000000000000
0000000000000000000000000000000000000000000000000000000000000000000000000000000000000011000000010000000000000000000000000000000000000000000000000000110000000000101100000000000000010001000000000100000000110000000000000000000000000000000000000000000100000000
0000000000000000000000000000000000000000000000001000000000000000101000000000000000000000000000000000000000000000000000000000000000000000000000000000000000000000000001000000000000000000000000000000000000000000000000000000000000000000000000000000010000000000
0000000000000000001000000000000000000000000000000000001000000000000000000000000000000000000000000000000000000000000000000010000000000000100000000000000000000000000000000000000000011000000000000100000000000000000000000000000000000000000000000010110000000000
0000000000000000000010000000000000000000000100000000000000000000000000010000000000000000000000000000000000000000000000000000100000000000000000000000000100000000000000001000000100000000000000000001000000000000000000000000000000000000000000000100000000001000
0000000000000000000000000000000000000000000000000000000000000000000000000000000000010000000000000000000001000000001010000000000000100000000001000001000000010000000000000000000000000000000000000000000000000000000000000000000000000000000001000000000000000000
0000000000000000000000000000000000000000000000000000000000000000000000000000000000000000000000000000000000000000000001000000000000000000001000000000000000011000000000000000001000000000000000000000000000000000000000000000000000000000000000000000000010000000
0000000000000000000000000000000000000000000000000000000000000000000000000000000000000000000000000000000000000000000000000000000001000000000000000000000000000000000000000000000000000000000000000000000000000000000000000000000000000000000000000000100000000100
0000000000000000000000000000000000001000000000000001000000000000000000000000000100000000000000000000000000000000010000000000000000000000000100000000010000000010000000000000001000000000010000000010000000000000101000000000000000011000000000100000010000000000
0000000000000000000100000000000000000000000000000000000000000000000000000000000000000000000010010000000000000000000000000000000000000000000000000010000000000000000010000000010000000000000000000000000000000000000000000000000100000000000000000000000010000000
0000000000000000000000000000000001000000000000000010000000000000000000000000000000000000000000000000000000000010000100100000000000000000000010000000100000000010000100000000000000000100000000000000000100000000001001001100100000000000000000000000000000000000
0000000000000000000000000000000000000001000000000000000000000000000000000000000000000000000000000000000000000000000000100100000000000000000000000000000000100000000000000000000000000000000000000010000000000000000000000000000001000000000000000000000000000000
0000000000000000000000000000000000000000000000000000000000000000000000000000000001000000000000000000000000000001000000000000000000000001000000000000100000000000000000000000000100000000000000000000000000000001000000000000000000000000000000000000000000000000
0000000000000000000000000000000000000000000000000000000000000000000000000000000000000000000000000000000000000000000000000000000000000000000000000000001000000000000001000000000000000000000000000000000000000000000001000000100000000000010000000000000000000100
0000010000000000001000000000000000000000000000000000000000000000000000000000000000000100000000000000000000000000000000000000000000100000000000010000000000000000000000000000000000000000000000000000000000010000000000000000000001000000001000000000000000000011
0000000000000000000000000000000000000000000000000000000001000000000000000000000000000000000000000000000000000000000000000000000000000000000000000000010000000000000000000000000000000000000011000000000000000000000000001000001000100100000100001000001010000110
0000000000000000000000010000000000000000000000000000000000000001000000000000000000000000000000000000000000100000000000000000000000000000010000010000000000000000000100000000000001000100000000000000000000000001000101000100010011100010101000100100000110100110
0000000000000000000000000000000000000000000000000000000000000000000000000000000000000000000000000000000010000000000000001000000000100000000000000000000000000000000000000100100000000000000000010000100000000000000000101000100000001010010000110000001100110000
0000000000000000000000000000000000000000000000000000000000000000000000000000000000000000000000000000000000000000000000000000000000000100000000000000000000001100000010000000000000000000000000101101001000000000100010110000011101010010100011001011000100101010
0000000000100000000000000000000000000000000000000000000000000000000000000000000000000000000000000000000000000000000000000000000001000000000000000000000000000000100000101000000000000100100000100100111000000101010001001000001010000000000010110001100000000000
0000000000000000000000000000000000000000000000000000000000000000000000000000000000000000000000000000000000000000000000000000000000000001010000001000001010100000011010000000001100000110000100010000010011010111000001011011110011100011010101000100000010001110
0000000000000000000000000000000000000000000000000000000000000000000000000000000000000000000000000000001000000001000000000000010000000000000000000000101000110010000010100000000000001100100000010000000000111001010000000100101000001000101010100010101110110000
0000000000000000000000000000000000000000000000000000000000000000000000000000000000000000000000000000000000000000100000100000000010000101010010000000000010111001101010100101000010000100000010001100010111100110111110110010100011011000101010011010000010111010
0000000000000010000000000000000000000000000000000000000000000000000000000000000000000000000000000000000000100000000001011100000000000000100011000001010000110000100000000100110000000010000110111000001001111011000010010011011001100000001100001001001000100000
0000000000000000100000000001000000000000000100010000000000010000000000000000000000000100000000010000010010000110000000000100100001000010010011000110010100001110000101100001111110101000101001111000000011001100101000100110111110111001100111101101001101111000
0000000000000000000000000000000000000000000000000000000000000000000000000100000000000000010000000010000001000100100000010000010100000111101101110010111000010101101010101000001000000010000111000000100011000100001000100001001101010100001000001000100000110100
0000000000000000000000000000000000000000000000000000000000000000000100000100000000010000000100110101000011000111101110000000000001011000011010010100010100110010011011101110100100111010011010001101110001011001111010010100110100100001110101001010001001111000
0000000000000000000000000000000000000000000000000000000000000000000000000000000001000000010100110010001000000010010001101000011110100000110000110001010001111000001110100100010101100000111011100001100010100001101001100000101000000000010001000101101010100110
0000000000000000000000000000000000000001000000000000000000000000000000000000010000010000110001000000100001100001010001101001111001111001000000011111010001000100011111111010110011000001011011001000101111011110101110011110111000101011101010111000001100010000
0000000000000000000000000000000000000000000000000000000000010000000000000000001000100000000110010100001000000010111111001011000110000001010000000000100100000010000010010111001111000100101101001001000000100000010001000101001001001010100010011110001010000110
0000000000000000000000000000000000000000000000000000000000000000000000000000000000000001001000000110101000100000000000111010001001101010110001110010110010000100110110011000101111111110001000000011101010011111001011001000011011001001011011111000011001001100
0000000000000000000000000000000000000000000000000000000000000000000000000000000010110000000000000011000100001100110101000100010101000011000111010100100000000111000000111000010101101001010011000100001101111101000001111010100011010000000000000000100100110010
0000000000000000000000000000000000000000000010000000000000000000000000000000101100001000000011000010000000011101010100001010110011000010110111101100111101001111001000110010100111110011111110100010101001110101000011100100100000011010101111110001011110010100
0000000000000000000000000000000000000000000001000000000000100000000000001000000000101000000000010010000101000010000010010000000000100101000100000001010110110110000011100011011100010010100101011111111011010010101000000111000000101000011011100000010011010000
0000000000000000000000000000000000000000000000000010001000000000000000000000000000000000001010100000000101000001000110101011000001000111011100000011100010010011011000100110011011101110101011100011010010100111010001000010011111011111111001011100110000101000
0000000000000000000000000000000000000000000000000100000000000000000000000100000000000000000000010010100000100001111001110000010100100100000000000000010100010110000110011000000110010110011100011010101010000001001101001001001100100010101110000100010110100110
0000000000000000000000000000000000000000000000000000000000000000000000000100000000100000010100101001100011001001100011100011101000100101100000110111011110001011111010001001110101000001111100111111111111011000100100101011001101001110001001111001011010000000
0000000000000000000000000000000000000000000000000000000000000000000000001000000000000000001000110000000000000010101111101010000101100011101111001010001110011001001010100101111100101110100010001010010010110110011100100100101001001000110111101010101110010000
0000000000000000000000000000000000000000000000000000000000000000000000000000100000000001000000100000100000100010000110110011000000000010111000000001110110000010011011011001010010001011101111111101101101011010011111111000110001001101011011010011000010001000
0000000000000000000000000000000000000000000000000000000000000000000000000000010000000010000001010000000000010011001100100000110001111011100001111110100001011101010010000101100010100010000010100000001011010010100011000000100000100100010101001011010000011000
0000000000000000000000000000000000000000000000000000000000000000000000000001001100000000100000000001000000000000011000111000110110101001010100110111110111010000110110010100011001010000011111101001001000110101111110100010011011110110111011001101110100100110
0000000000000000000000000000000000001000000000000000000000000000000000001000000000000000000000000010000000000100000001000000101000000001100001010000111001010001100111001001000010111001000010100010111111110111110000001101010110000000100011100110011000100000
0000000000000000000000000000000001000000000000000000000000000000000000000000000000001000000010000101010000000001100001011010100001100110001101011110000001111000100010111011101001110010111001110000011111000010100100100011111111111111101010010111101101000110
0010000000000000000000000000000000000000000000000000000000000000000000000000000000000000000010000010000000001011001000001000111111010010101101001111100001010110000100100010000100001001001110000001011100101001111010010101000001001000000101001111001010100000
0000000000000000000000000000100000000000000000000000000000000000000000000000000000000000011001010000000010101000010000100011101010101101000101100011000101001001001010010101000010101111000000011010011010111001101000001110001001001011011100011010101001111100
0000010000000000000000000000000000000000000000000001000000000000000000000000000000010000001010110000000100000000010010010000101100100001010110101000000001001001010011111001010000000011000000101010010111110010001001010010011000000010100001010010000000001000
0000000000000000000000000000000000000000000000000000000000010000000000000000000000000001001010001101000000100010001010100110000000010010101111110010011111001000110101100010001101101011100000100111001110101011011100100001000011110110000000010100000101110110
0000000000000000000000000000000000000000000000000000000000000000100000000000000000000000000000000000100100100000000010100100010110001000000001010000000000010000001011110100010001110110011110010001000110101000010110100011011000111010000100010000000001101100
0000000000000000001000000000000000000000000000000000000000000000000000000000100001000000000100000000000001010000000100101011001011001101101100100011000100001101011111100100001001101110111010000101000101111000000011110011010000110110101110001111100101001000
0000000000000000000000000000000000000000000000000000000000000000000000000000100000000010000110000001100000000000000000100100100010001100000000000001001101110100111100000000010011001010110001011010000101110000000100111110001100111100000100011001001101010000
0000000000000000000000000000000000000000000000000100000000000000000000011000000000000000000000000000000000011000111000010011101000101010000000001100001000101100100111001101001100000110111000100101101111010000101111111001001111110010101010110001000010000110
0000000000000000000000000000000001000000000000000000000000000000000000000010000000010000010010000000010011000001000010011000011100110000001100100000110100111010110011111101001101111010000010111010110000001000000001010101100011011101000011001000100000000000
0000000000000000000000000000000000000000000000000000000000000000000000000000000000000000000000000100010000000001000010100101011100000001001001100100010010010000001011101110111100100101101111001001010111010101101101011100000101111100101010110010001100000110
0000000000000000000000000001000000000000000000000000000000000001000000000000000000000000000000000000000000010000111000000000000110000010000001111110011001000100010000010101001010010011000111001000001011000010010001110110100011101001000010101000001000000000
0000000000000000010000000000000000000000000000000000000000000000000000000000000000000000100000100000000000000010000100010010110001011101010010100101011101000010111011110000100110101010001011001001111001000111011111100101101010111010000011001010110111001000
0000001000000000000000000000000000000000000000000000000000000000000000000000000000000000000010101000100100100111001000000000101010001101000001001001110100000111000010000101010001110001001010100001111000101000110100010100110000011101110110010010100000110000
0000000000000000000000000000000000000000000000000000000000000000000000000010000000100000000001000000000000100000010010000010000001101010011001101001111010011011110110001000000110011010111110110001000010000111101010101100101010100000000001101010101001000000
0000000000000000000000000000000000000000010000000000000000010000001000000000000000000000000000000000010010000001010111100000000000010010101011010100001010010101000100000111010000000110110110000011001000110111100100111011010010110111001000100100100001000000
0000000000000000000000000000000000000000000000000000000000000000000000000000000000000000001000010000000000010100100000100000010110000010011001100111111100001011000100100001111111010111011110110101100010110111110110110001101110100000001010101011110011000000
0000000000000000000000000000000000010000000000000000000000000000000000000000000000000000000000000000000001000100010010000000000100100000010000010001011001010100011011011101001111100000000100010011101000010110110010101001100010011001110100000100100010000100
1100000000000000000000000000000000000000010000000000000000000000000000000000000000000000000000000100000010100001000010001000001111101101010000000010111010001011010110110100101010001000011010011011110010000010111100111010100110110001001101100000100010111010
0000000000000000000000000100000000000000000000000000000000000000000000000000000000000000000000000000000000010000000000000100000111000011000010000000011101001110011000010000010011000001001010001001101110011001000100001100011010100001000010000110100001001000
0000000000000000000000000000000000000000000000000000000000000000000001000000000000000000000000000000000000000000000010101100000110000000011010010001100101000101110110101001010010101001101111010011011100000110011010111101001101000101001010000000100100000000
0000000000000000000000000000000000000000000000000000000000000000000000000000000000000000000000000000001000000010010100001001010000010000010100110000000101110000000000000000101110100100001100011101000000110110010111000001000000111000110010100100000010001000
0000000000000000000000000000000000000000000000000000000000000000000000000100000000000001000000000000000001100000001000010100010000100000110000000000000010010110011101101011111001010110111101011110100010100011001101011010001001101001010011110000000001001100
0000000000000000000000000000000000000000000000000000000000000000000000000000000000000000000000000000000000000010000000100100000000001001011101000000000000010001100100101000000001001001101011011000100111100000001111011001010001111000100011100110000000001010
0000000000000000000000000000000000000000000000000000000000000000000000000000000000000000000000000000000000000000010001000000000000000101011001011100011010001001000010111100101000000110001110110001100000011101101100101000100010000101001101100101000101100010
0000000000000000000000000000000000000000100000000000000000000000000000000000000000000000000000000000011000000000000110000000000000101110100000001101110101000000000100111000101000010000001100110110101000111101010000100000000010100010000100000000000000110000
0000000000000000000000000010000000000100000000000000000000000000000000000000000000000000000000000000000000000000000110001000000000000010011000101010100110011000010011101100111000100010100110100110101000000000000101110111010100000010000000001000000101000000
0000000000000000000000000000000000000000000000000000000000000000000000000000000000000000000000000000000000000000000000000000010000001101100111000101001000010000000000110100100010000010000000100000111110001000000001010011011000100011000101100101100111000000
0000000001000000000000000000000000001000000000000000000000000000000000000000000000000000000000010001000000000000001010000000000000100000000001001001000001001010010111001011011000000111100100000100000010101001110110100011000011100111010000110011101010000000
0000000000000000000000000000000000000000000000000000000000100000000000000000000000000000000000000000000000000000000100000000000000100000000001000000001000011100001111010000000111000010100000000001100000100000000100011010010001001000000000001001011000100000
0000000000000000000000000000000000000000000000000000000000000000000000000000000000000000000000000000000000000000000000000000000010000110010010000000000011000100010100001011011000000011100101010100110000000000010000100100010100101101000100000011110110001010
0000000000000000000000000000000000000000000000000000010000000000000000000000000000000000001000000000000000000100000000000000000001100100000001001000110000100010000000100100100110000000010010000000000100111010000010001000000100100001000010000000000100000000
0000000000000000000000000000000000000000000000000000000000000000000000000000000000000000000000000000000000000000000000000000000001100000000000001101101000000000001010000000100110000010000100000010000010000000000100000010100010000001000001000100000011000000
0000000000000000000000000000000000000000000000000000000000000000000000000001000000000000000000000000000000000000000000000000000000100000001000000000000000000000010100000000000000000000000001010000000000100000000000000100000000000000000000000000000000000000
0000000000000000000000000000000000000000000001000000000000000000000000000000000010000000000000000000000000000000000000000001000000000000000000000000000000000000000000000000000000000000001000000000000000000000000000000000000000000000000000000000000000000000
0000000000000000000000000000000000000000000000000000000000000000000000000000000000000000000000000000000000000000000000000000000000000000010000000001000000000000000000001000000010000000000000000000000000000000000000000100000000000000000000000000000000000000
0010000000000000000000000000000000000000000000000000000000000000000000000000000000000000000001000000000000000000000000101000000000000000000000000000000000000000000000000000000000001000000000000001000000100000001000000000000000000000000000000000000000000010
0000000000000000000000000000000000000000000000000000000000000000000000000000000000000000000000000000000000000000000000101000000000000000000000000000000000000000000010001000000000000000000000000000000000000000000000000000000000000000000000000000000100000000
0000000000000000000000000100000000000000000000000000000000000000000000000000000000000000000000000000010000000010000000000000000000010000000000000000000000000000000100000000000000000000000000000000000000000000000000000000000000000000000000001000000000000000
0000000000000000000000000000000000000000000000000000000000000000000000000000000000000000000000000000000000000000000000000000000000000000000000000000000000000000010000000000000000000000000000100000000000010000100000000000000010000000000000000000000000000010
0000000000000000000000000000000000000000000000000101000000000000000000000000000000000000000000000000000000000000000000000000000000000000010000000000000000000001000000000000000000000000000000000000000000000000000000000000000000000000000010000000000000000000
0000000000000000000000000000000000000000000000000000000000000000000000000000000000000000000000000001000000000000000000000000000000010000001000000000001000010000000000000000000100000000000000000000000000000000000000000001000000000000000000000000000000000000
0000000000001000000000000000000000000000000000000010000000000000000000000000000000000000000000000000000000000000000000000000010000000000000000000000000000000000000000000000000000000000000000000000000000000000000001000000000000000000000000000000000000000000
0000000000010000000000000000000000000000000000000000000000000001000000000001000000000000001000000000000000000010000000000000000000000000000000000000000000000000000000000000000000000000000000000000000000000000000000000000000000000000000000000000000000000000
0000000000000000000000000000000000000000000000000000000000000000000000000000000000000000000000001000000001000001000000000100000000000000000000000010000000000000000000000000000000000000000000000000000000000000001000000000000001000000001000000000001000000000
0000000000000000000000000000000000000000000000000000000000000000011000000000000000000000000000000000000000000000000000000000000000000000000000000000000000000000000000000000000000000000000001000000000000000000000000000000000000000100000000000000000000000000
0001000000000000000001000000000000000000000000000000000100000000000000000000000000000000000000000000000000000010000000000000000000000000000001000000000000000010000000100000000000000100001000000000000000000000000000000000000000010000000000000000100000000010
0000000000000000000000000000000000000000000000000000000000000000000000000000000000000000000000000000000000000000000000001000000000000000000000000000000000000000000000000000000000000000000000000000000000000000000000000000000000000000000000000000000000000000
0000000000000000000000000000000000000000000000000000000000000000000000000000000000000000000000000000000000000000000000000000000000000011000000000000000000100000000000000000000000000000000000000000000000000000000000000010000000000000000010000000000000000000
0000000000000000100000000000000000000000000000000000000000000000000000000000000000000000000000000000000000000000000000100000000000000000000000000000010000100000000000000000000001000000000000000000000000000000000010000000000000000000000000000000000000000000
0000000000000000000000000000000000000000000000000000001000000001000000000000000000000000000000000000000000000000000000000000000001000000000000000001000100000000000100000000000000000000000000000000000000000000000000000000000000000000000000000000000000000000
0000000000000000000000000000000000000000000000000000000000000000000000000000000000000000000000000000000000000000000000000010000000000000001000001000000000000000000000000000000000000000000000000000100100000000000000000000000000000000000000000000000000000000
0000000000000000000000000000000000000000000000000000000000000000000000000000000000000000000000000000000000000100000000001000000000000000000000000000000000000000000000000000000000000000000010000001000000000000000000000000000000000000000000000000000000000010
0000100000000000000000000000000000000000000000000000000000000000000000000000000000000000000000000000000000000000000000001000000000000000000000000000000000000000000000000000000000000000000000000000000000000000000000000000000000000000000000000000000000100000
0000000000000000000000000000000000000000000000000000000000000000000000000000000000000000000000000000000000000010000000000000000000000000000000000000000000000000001000000000000000000000000000000000000000000010000000000000000000000000000010000010000000000000
0000000000000000000000000000000000000000000000000000000000000000000101000000000000000001000010000000000000000000000000000000000000000000000000100000000000000000000000000000000000000000000000000000000000000000000000000000000000000000000000000000000000000000
0000000000000000000000100000000000000000000000000000000000000000000000000000000000000000000000000000000100000000000000000000000000000000000000000000000000000000000000000000000000000000000000000000100000000100000000000000000010010000000000000000000000000000
0000000000000000100000000000000000000000000000000000000000000000000000000000010000000000000000000000000000000000000000000000000000000000010000000000000000000000000000000000000000000000000000000000000000000000000000000000000000000000000000000000000000000000
0000000010100000000000000000000000000000000000000000000000010000000000000000010000000000000000000000000000001000000000000000000000000000000000000001000000000000000000000000000000000000000000000000000000000000000000000000000000000000000000100000000000000000
0000000000000000000000000000000000000000000000000000000000000000000000000000000000000000000100000000000000000000000000000000000000000000000000000000000000000000000000000000000000000000000000000000000000000000000000000000000000000000000000000000000000000000
0000000000000000000000000000010000000000000000000000000000000000000000000000000000010000000000000000000000010011000000000100000100000000000000000000000000000000000000001000010000000000000000001100000000000000000000000000000000001000000100000000000000000000
0000000000000000000000000000000000000000000000000000000000000000000000000000000000000000010000000001000000000000000000001000000000000000000000000000000000000000000000000000000000000000000000000000000001000000000000000000000000000000000000000000000000000000
0000000000000000000000000000000000000000000000000000000000000000000000000000000000000000000000000000000000000000000000000000000001100000000001000000000100000000000000000100000000000000000000000000000000000000000000000000000000000000000000000000000000000000
0000000000000000000000000000000000000000000000000000000000000000000000000000000000000000000000000100000000000000000000000000000000000000000000000000000000000000000000000000000000000000000000000000000000000000000000000000000100000000000000000000001000000000
0000000000000000000000000100000000000000000000000000000000000000000000000000000000000001000000000000000000000000000000000000000000000000100000000000000000000000000000000000000000000000000000000000000000000000100000000000000100000000001000000001000000000000
0000000000000000000000000000000000100000000000000000000000000000000000000000000000000000000000000000000000000000000000010000000000000000000000000000000000000010100000000000000000000000000001000000000000000000000000000000000000000000000000000000000000000000
0000000000000000000000000000000000000000000000000000000000000000000000000000000000000000000000010000000000000000000000000000000000000000000000000000010000000000000000000000000000000000000000001000000000010000000000100000000000000000000000000000000000000000
0000000000000000000000000000000000000000000000000001000000000000000000000000000000000000000000000000000000001000000000000000000000000000000000000000000000000000000000000000000000000000000000000000000000000000000000000000000000000000000000000000000000000000
0000000000000000000000000000100000000000000000000000000000000000000000000001000000000000000000000000000000000000100000000000000000000000000000000000000000000100000000000000000000000000000000000001000000000000000000001000000000000000000000000000000000000000
0000000000000000000000000000000000000000010000000000000000000000000000000000000000000000000000000000000000000000000000000000000000000000000000000000000000000000000000000000000000000000000000000100000100000000000000000000100000000000000000000000000000000000
0000000000000000000000000000000000000000000000000000000000000000000000000000000010000000000000010000000000000000000000010000000000000000000000000000000000000000000000000100001000000000000001000000000000000000000000000000000000000000000000000000000000000000
0000000000000000000000000000000000000000000000000000000000000000000000000000000000000000000000000000000000000000000000000000000000000000000000000000000000000000000000000000000000000001000000000000000000000000000000000000000000000000000000000000000000000000
0000000000000000000000000000000000000000000000000000000000000000000000000000000000000000000000000000000000000000000000000000000000000000000000000000000000000000000000000000000000001000000000001000000000000000000000000000000000000000000000000000000000000000
0000000001000000000000000000000000000000000000000001000000000000000000000000000001000000000000000000000000000000000010000000000000000100000000000000001000000010000000000000000000000000000000000000000000000000000000000000000010000000000000000000000000000000
0000000000000000000000000000000000000000000000000000000000000000000000000000000000000000000000000000000000000000000000000000000000000000000000000000000000000000000000000000000000000100000000000000000000000000000000000000000000000000000000000000000000000000
0000000000000000000000000000000000000000000000000000000000000000000000000000000000000000000000000000000000000000000000000000000000000000000000010000000000000000000000000000000000000000000000000000000000000000000000000000000000000000000000000000000000000000
0000000000000000000000000000000000000000000000000000000000000000000000000000000000000000000000000000000000000000000000000000000000000000000000000000000000000100000000000000000000000000000000010000000000000000000000000000000000000000000000000000100000000000
0000000001000000000000000000000000000000000000000000000000000000000000000000000000000000000000000000000000000000000000000000000000000000000000000000000000000000000000000000000000000000000000000000000000000000000000000000000000000000000000000000000000000000
0000000000000000000000000000000000000000000000000000000000000000000000000000000000000000000000000000000000000000100000000000000000000000001000000000000000000001010000000000010000000000000100000000000000000000000000000000000000000000000000001000000000000000
0000000000000000000000000000000000000000000001000000000100000000000000010000000000000000000000000000000000000000000000000000000000000000000000000000000000000000000100000000000000000000000000100000000000000000000000000000000000000000000000000000000001000000
0000000000000000000000000000000000000000100000000000000000000000000000000000000000000000000000000000000100000000000000000000000000000000000000000000000010000000000000000000000000000000000000000000000000000000000000000000000000000000000000000000000000000000
0000000000000000000010000000010000000000000000000000010000000000000000000000000000000000000000000000000000000000000000000000000000000000000000000000000000000000000000010000000000000000000000000001000000000000000000000000100000000000000000000010000000000000
0000000000000000000000000000000000000000000000000000000000000000000000000000000000000010000000000000000000000000000000000000000000000000000000000000000000000000000000000000000000000000000000000000000000000000000010000000000000000000000000000000001000000000
0000000000000000000000000000000000000000000000000000000000000000000000000000000000000000000000000000000000000000000000000000000000000000000000000000000000000000000000000000000000000000000000000000000000000000000000000000000000010000000000000000000000000000
0000000000000000000000000000000000000000000000000000000000000001000010000000000000000000000000000000000000000000001000000000000000000000000000000000000000000000000000000000000000000000000000000000000000000000000000000000000000000000000000000001000000000000
0000000000000000000000000000000000000000000000000000000000000000000000000001000000000000000000000000000000000000000000000000000000000000000000000000000000000000000000000000000000000000000000000000000000000000000000000000000000000000000000000100000000010000
0000000000000000000000000000000000000000000000000000000000000000000000000000000000000000000000000000010000000000100000100000100000000000010000000000000000001000000000100000000000000000000000000000000000000000000000000000000000000001000000000000000000000000
0000000000000000000000000000000000000000000000000000000000000000000000000000000000000000010000000000000000000000000000000000000000000110000000000000000000000000000000000000000000000000000000000000000000000000000000000000000000000000000000000000000000000000
0000000000000000000000000000000000000000000000000000000000000000000000000000000000000000000000000000000000110000000000000000000000000000000000000000000000000000000000000000000000000000000000000000000000000000000000000000000000000000000000000000000000000000
0000000000000000000000000000000000000000000000000000000000000000000000000000000000000000000000000000000000000000000000000000000000000000000000000000000000000000010000000000000000000000000000001000000000100000100000000000000000000000000000000000000000000000
0000000000000000000000000001000000000000000000000000100000000000000000000000000000000000000000000000000000000000000000100100000000000000000000000000000000100000000000000000000000001000000000000000000000000000010000000000000000000000000000000000000001000100
0000000000000000000000010000000000000000000000000000000000000000000000000000000000000000000000000000000000000000000000000000000000000000000000000000000000000000000000100000000000000000000000000000000000000100000000000000000000000000000000000000000000000000
0000000000000000000000000000000000000000000000000000000000000000000000000000000000000000000000000000000000000000000000000000000000000000000000000000000000000000000000010000000000000000000000000000100000000001000000000000100001000000000000000000000000000000
0000000000000000000000000000000000000000000000000000000000000000000000000000000000000000000000000000000000000010000000000000000001000000000000000000000000000000000000000000000000000000000000000000000000000000000000000000000000010000000000000000000000000000
0000000000000000000000000000000000000000000000000000000000000000000000000010000000000000000000000000000000000000000000000000000000100000000000010000000000000000000000000000000000010000000000000000000000000000010000000000010000000000010000000000000000000000
0000000000000000000000000000000000000000000000000000000000000000000000000000000000100000000000000000000000000000000000000000000000000000100000000000000000000000000000000000000000100000000000000000000000001000100000000000000000000000000000000000000000000000
0000000000000000000000000000000000000000000000000000000000000010000000000000000001000000100000000001000000000000000000000001000000000000000000000000000000100000000000000000000000000000000000000000000000000000000000000000000000000000000000000000000000000000
0000000000000010000000000000000000000000000000000000000000000000000000000000000000000000000000000010000000000000000000000000000000000000000000000000000000000000000000000000000000000000000000000000000000000000000000000000000000000000000000000000000000000000
0000000000000000000001000000000001000000000000000000000000000000000000000000000100000000000000000000001000000000000000000000000000000000000000000000000000000000000000000000000000000000000000000000000000000000000000011000000000000000000000000000000000000000
0000000000000000000000000000000000000000000000000000000000000000000000000000000000000000000000100000000000000000000000000000000000000000000000000000000000000000000000000000000000000000000000000000000000000000000000000000000000000000000000000000000000000000
0000000000000000000000000000000000000000000000000000000000000000000000000000000000000000000000000000000000000000000000000000000000000000000000000000000000000000000010000100000000000000000000000000000000000000000000000000000000000000000000000000000000000000
0000000000000000000100000000000000000000000000000000000000000000000000000000010000000000000000000000000000000000000000000000000000000000000000000000000000000000000010000000000000000000000000000000000000000000000000000000000000000000000000000000000000000000
0000000000000000000000000000000000000000000010000000000000000000000000000000000000000000000000000000100000000000000000000000000000000000000000000000000000000000000000000000000000000000000000000000000000000000000000000000000000000000000000000000000000000000
0000000000000000000000000000000000000001000000000000000000000000000000000001000000000000000000000000000000000000000000000000000000000000000000000100000000000000000000000000000000000000000000000000000000000000001000000000000000000000000000000000000000000000
0000000000000000000000000000000000000000000000000000000000000000000000000000000000000000000000000000000000000001000000000000000000000010000000000000000000000000000000000000000000000000000000000000000000000000000000000000000000000000000000000000000000000000
0000000000000000000000000000000000000000000000000010000000000000000000000000000000000000000000000010000000000010000000000000000000000000000000000000000000000000000000000000000000000000000000000000000000000000001000000000000000000100000000000000000000000000
0001000000000000000000000000000000000000000000000000000000000000000000000000000000000000000000000000000000000000000000000000000000000000000000000000000000000000000000000000010000000000000000000000000000000000000001000000000000000000000000000000000000000000
0000000000000000000000000000000000000000000000000000000000000000000000000000000000000000000001000000000000000000000000000000000000000000000000000000000010000000000000000000100000000000000000000000000000000000000000000000000000000000000000000000000010000000
0000000000000000000000000000000000000000000000000000000000000000000000000000000000000000000000000000000000000000000000000000010000000000000000000000000000000000000000100000000000000000000000000000000000010000000000000000000000000000000000000000000000000001
0000000000000000000000000000000000000000000000000000000000000000000000000000000000000000000000000000000000001000000000000000000000000001000000000000000000000000000000000000000000000000000000000000000000000000000000000000000000000000000000000000000000000000
0000000000000000000000000000000000000000000000000000000000000000000000000000000000000000000000000000000000000000000000000000000000000000000000000000000000000000000000000000000000000000000000000000000000000000000000000000000000000000000000000000000001000000
0000000000000000000000000000000000000000000000000000000000000000000000000000000000000000000000000000000000000000000000000000010100000000000000000000000000000000000000000000000000000000000000000000000000000000000000000000000000000000000000000000000000000000
0000000000000000000000000000000000000000000000000000000000000000000000000000000000000000000000000000000000000000000000000000000000000000000000000000000100000000000000000001100000000000000000010000000000000000000000000000000000000000000000000000000000000000
0000000000000000000000000000000000000000000000000000000000000000000000000000000000000000000000000000000000000000000000000000000000000000000000000000000000000000000000000000000000000000000000000000000000100000000000000000000000000000000000000000100000000000
0000000000000000000000000000000000000000000000000000000000000000000000000000000000000000000000000000000000000000000000000000000000000000000000000000000000001000000001000000000000000000000000000000000000000000000000000001000000000000000000001000000000000001
0000000000000000000000000000000000000000000000000000001000000000000000000000000000000000000000000000000000000000000000000000000000000000000000000100000000000000000000000000000000000000000000000000010000000000000000000000000000000000000000000000000000000000
0000010000000000100000000000000000000000000000000000000000001000000000000000000000000000000000000000000000010000000000000000000000000000000010000000000000000000000000000000000000000000000000000000000000000000010000000000000000000000000000100000000000000000
0000000000000000000000000000000000000000000000000000000000000000000000000000000000000000000000000000000000000000000000000000000000000000010000000000000000000000000000000000000000000000000000000000000000000000000010000000000000000000001000010000000010000000
0000000010000000000000000000000000100000000000000000000000000000000000000000000000000000000000000000000000000000000000000000000000000000000000000000000000000000000000000000000000000000000000000000000000000000000000000000000000000000000000000000000000000000
0000000000000000000000000000000000000000000000000000000000000000000000000000000000000010000000000000000000000000000000000000000000000000000000000000000000000000000000000000000000000000000010000000000000000000000000000000000000000000000000000000000001000000
0000000000000000000000000000000000000010000000000000100000000000000000000000000000000000000000000011000000000000000000000000000000000010000000000000000000000000000000000000000000000000000000000000000000000000000000000000000010000000000000000000000000000000
0000000000000000000000000000000001000000000000000000000000000000000000001000000000000000000000000000000000000000000001001000000000000000000000000000000000000100000000000000000000000000000000000000000000000000000000000000000000000000000000000000000000000000
0000000000000000000000000000000000000000000000000000000000000000000000000000000000000000000000000000000000000000000000000000000000000000000000000000000000000000000000000000001000000000000000010000000000000000000010000000000000000000000000000000000000000000
0010000000000000000000000000000000000000000000000000000000000000000000000000000000000000000000000000000000000000000000000000000000000000000000000000000000000000000000000000000000000000000000000000000000000000010000000000000100000000000000000010000000000000
0000000000000000000000000000000000000000000000000000000000000000000000000000000000000001000000000000000000000000000000000000000000000000000000000000000000000000000000000000000000000000000000000000000000000000000000000000000000000000000000000000000000100000
0000000000000000000000000000000000000000000000010000000000000000000000000000010000000000000000000000000000000000000000000000000000000000000000000001000000000000000000000000000000000000000000000000000000000000000000000000000000000000000000000000000000000000
0000000000000000100000000000000000000000000000000000000000000000000000000000000000000000000100000000000000000100000000000000000000000000000000000000000000000000000000000010000000000000000000000000000000000000000000000000000000000000000000000010000000000000
0000000000000000000000000000000000000000000000000000000000000000000000000000000000000000000000000000000000000000000000000000000000000000000000000000000000000000000000000000000000000000000000000000000000000000000000000000000000000000000000000000000000000000
0000000000000000000100000000000000000000000000000000000000000000000000000000000000000000000000000000000000000000000000100000000000000000000000000000000000000000000000000000000000000000000000000000000000000000000000000000000001000000000000000000010000000000
0000000000000000000000000000000000000000000000000000000000000000000000000000000000000000000000000000000000000000000000000000000000100000000000000000000000000000000000000000000000000000000000000000000000000000000000000000000000000000000000000000000000000000
0000000000000000000000000000000000000000000000000000000000010000000010000000001000000000000000000000001000000000000000000000000000000000000000000000000000000000000000000000000000000000000000000000000000000000000000000000000000001000000000000000000000000000
0000000000000000000000000000000000000000000000000000000000000000000000000000010000000000000000000000000000000000000000000000000000000000000001000000000000000000000000000000000000000000000100000000000100000000000000000000000000000100000000000000000000000000
0000000000000000000000000000000000000000000000000000000000000000000000000000000000000000000000000100000000000010000000000000000000000000000000000000000000000000000000000000000000000000000000000000000000000001000010000000000000000000000000000000000000000000
0000000000000000000000000000000000000000000000000000000000000000000000000000000000000000000000100000000000000000000000000000000000000000000010000000000000010000000000000000000000000000000000000000000000000000010000000000000000000000000000000000000000000000
0000000000000000000000000000000000000000000000000000000000000000000000000000000000000000000000000000000000100000000000000000000000000000000000000000000000000000000000000000000000000000000001000000000000000000000000000000000000100000000000100000000000000000
0000000000000000000010000000000000000000000000000000000000000000000000000000000000000000000000000000000000000000000000000000000000000000000000000000000000000000000000000000000000000000000000000000000000000000000000000000000000000000000001000000000000000000
0000000000000000000000000000000000000000000000000000000000000100000000000000000000000000000000000000000000000000000000000000100000000000000000000000000000000000000000000000000000000000000000000000000000000000000000000000000000000000000000000000000000000000
0000000000000000000000000000000001000000000000000000000000000001000000000000000000000000000000000000000000000000000000000000000000000000000000000000000000000000000000000000000000000000000000000000000000000000000000000000000000000000000000000000000000000000
