0000000000000000000000000000000000000000000000000000000000000000000000010000000000000000000000010000000000000000000000000000000000000000000100000000000000000000000000000000000000000000000000000000000000010000000000000000000000000100000000000001000000000000
0100000100000000000000000000000000000000000000000000000000000000000000000000000000000000000000000000000000000000000000000000000000000000000000000000000000000000000000000000000000000000001000000100000000000000000000000000000000010000000000000000000000000000
0000000000000000000000000000000000100000000000000000000000000000000000000000000000000000000000000000000000000000000010000000000010000000000000000000000000000000000000001000000000000100010000000000000000010000000000000000000000000000000000000000000000000000
0000000000000000000000000000000000000000000000000000000000000000000000000000000000000000100000000000000000000000000000000000000000000000010000010000000000000000000000000000000000000000000000000010101000000000000000000000000000000000000000000000000000000000
0000000000000000000000000000000000000000001000000000000000000000000000000000000000000000100000000000000000000000000000000000001000000000000001000000000000000000000000010000000000000000000000000000000000000000000000000000000000000000001000001000000000000000
0000000000000000000000100000000100000000000000000000000000000001000001000000000001000000000001000000000000001000000000000000000000000000000000000000000000000100000000000000000000000000000000000000000000000000000000100000000000000010100000000000000000000000
0000000000000000000000000000000000000000000001100000000000000000000000000000000000000000000001000000000000000000000010010001000100000000010000000000000000010000000000100000000000000000001000000000000000100000000000000100000000000000000000000000100000000000
1000000000000000000000000000000000000000000000000000000000000000000000000000000000000000000000010000000000010000000000000000000000000000000000000000000000000000000000000000000000000000000000000000000000000000000000000000000000000000000010000000000000000000
0000000000000000000000000000000000000000000000000000000000000000000000000000000000000000000000000000000100000000000000000010000000000000000000000000000000000001000000000000000100000000000000000000100010000010000000000000000000000000000000010001100000000000
1000000000000000000000000000000000000000000000000010000000000000000000001000000000010000000000000000000000000000000000000000000000000000000100000000000000010000000000000000010000001000000000000000010000000000000000000100001000000000000000000000000000010000
0000000000000000000100000000000000000000000000000000000100000000000000000000000000000000000000000000000000000000000000000000000010000000000110000000000000000000010100000010000000000000001000000000000000000000000010100000000000000000010000000000000000000000
1000000000000000000000000000001000000000000000000000000000000000000000000000000001000000000000000000000000000000000000000000000000000000000000000000000000000000000000000000000000001100000000000000000000000000000000000000000100000000001000000000000000000000
0000000000000000000000000000000000001000000000000000000000000000000000000000000000001000010000000000000000000000000000000000000000000000000000000000000000010000000000001000000001000000001000000000000000001000000001000000000000000000001000000000000000010000
0000000000000000000000001000000000000000000000000000100000000000000000000000000000000000000000010000000000000000000000000000000000000000000000000000001000000000000000000000000000000010000000000000000000000000000000000000100000000001000000000000000000000001
0000000000000000000000000000000000000000000000000010000000000000001000000001000000000000000000000000000000000000001001000000000000000001000000000000001000001000000000000000000000000000000000000100000000000000001000000000100000000000000000000110000010000000
1000000000000000000000000000000000000000000000000000000000000000000000000000000000000000000000000000000000000000000000001000000000000000000000000000100000000000000000000000000000000000000010000000000000000000000000000000000000000000001001000000000010000010
0000000100000000000000000100000000000000000000000000000000000000000000000000000000000000000000000000000000011000000100000000000000000000000000000000001000000000000000000000000001000000000000000000000000010000100100000100000000001000000000000000101001100000
0000000000000000000000000000000000000000000000000000000000000000000000000000000000000000000000000000000000010000000000000000000000100000000000000000000000000000000000000010000000000000000000000000000000000000000000000000000000000000000000000000000000010100
0000000000000000000000000000000000000000000000000000000000000100000000000100000000000000000000000000000000010100000000000000000000000000000000000000000000010000000100100000000000010000000000000000000000010000000000000000001000000000000000000000000000001000
0000000000000000000000000000000000000000000000000000000000000000000000000000000000000000000000000000001000100000000000000100000000000000000001000000000000000010000000000000000000000000000000001001000000000000000000000000000000000000000000000000100000000000
0001000000000000000000000000000100000000000000000000100000000010000000000001000000000000000000000000000000000000000000000000000000000000000000000000000000100000000000000000000000010000000000100000000000000000000000000100000000000000000000010001001000000000
0000000000000010000000000000000000000000100000000010000000000000000000000100000000000000000000000000000000011000000000000000000000000000000000000000000000000000000000000000000000100000000000000000000000000000000000000000000000000000000000000000000000001000
0000000000000000000000000000000000000000010000000000000000000000000000000000000000001000000100000000000000000000000000000000010000000000010000000010000010000000000000001001000000100000000000000000001000000000100000000010000000000000000000000000000000000010
0000000000000000000000000000000000000000000001000000000000000000000000000000000000000000000001000010000000000000000000000000001000000000000010000000000001000000010000000000000000000000000000000000000000001001000000000010000000000000000000000000000100000000
0000000000000000000000000000000000000000000000000000000000000000000000000000000000000000000000000100000000000000000000100000000000000001000010000000000000000000000000000000000000000000000000000000000000000000100100000000000000000000000000100000000000000100
0000000000000000000000000000000000000000000000000000000001010000000000000000001000000000000000000000000000000000000000000000000000000001000000000000000000000000000000000000000000000000000000100000000000000000110000000000100100000000000011111000000000000000
0000000000000000000010000000000000000000000000000000000000000000000010000000000000000000000000000000000000001000000000000000000000000000000000000000000000000000000000000000001000000000000000000100000000000000000000001000000000000000000000000000000000000000
0000000000000000000000000000000000000000000000000000000000000000000000001000000000000000000000000000000000000000000000000000000001000000001000010000000000000000100000000011100000000100000000000001000100100000000000000000000000000000000000000000000000000000
0000000000010000000000000000000000000000000000000000000000000000000010000000000000000000000000000000001000000000000000000000000011100000000000000000100000000000000000000000100000100000000001100000000000000000000000001100000000000000000000000000000000000000
0000000001000100000000000000000000000000000000000000000000000000000000001000000000000101000000000000000000001000000000000000000000000000000000000000000000000000000001000000101000001010000000000100001000000001100000000000000000000000000000000100000000000000
0000000000000000000000000000000000000000000000000000100000000000000000001000000000000000000000000000000000000000100000000000000000000000100000000000000000001000001100100000000101101000110000001000011100110000010000100100101000000000000000011000000000001100
0000000000000000000000000000000000000000000000000000000000000000000000000000000000000000000000000000000000000000000000000000000000000100001000000000001000100011100010000000100101100100000100000000010011001010000000000010000000000010000000001000000000000000
0001000000000000000000000000000001000000000000000000000000000000000000001000000000000000001000000000000000000000000000000000000000000000000000000000001000000001111000000110100100100001011100011010101000010000010100001000100011001010010001000110000001000000
0000000000000000000000000000000000000000000000000000000000000000000000000000000000000000000000000000000000000000000000000000000000001001000000000100001011010010010001001001001101100000100000010100000010001101111011100100100001000000001010010000000000000000
0000000000000000000000100000000000000000000000000000000000000000000100000000000000000000000000010001000000000000100000000000001000010001000000000000000010000010000000110001011101011110111110010100000110001000000010110000100111001100001001011101110000001000
0000000000000000000000000000000000000000000000000000000000000000000000000000000001000000000000000000000000000000000000001000000010011110100000001010000000001111110100010010100100110001100001110111001110010101010100100010011110000101010111001000110010001010
0000010000000000000000000000000000000000000000100000000000000000000000000000000010000000000000100001001000000010001010000000001001010100000100001000110010011010011101000011101101000100110110100101111010010111110101101100101100101001100000011011010000010000
0000000000000000000000000000001000000001000000000000001000000000000000000000000000000000100000000010000100000000000000010000000000000100001000000000000001100011001001000000000011000000111100001011101110000111001001100010101100101101101001000000000001100001
0000100000000000000000000000000000000000000000000000000000000000000000000000000100000000101000000000000000100000100001001011001000001100111010100010000100001000010100100110101011100001111110001110100101010100011011001101011100000000100100100100010001010010
0000000000000000000000000000000000000000000010000000000000000000000000000000000000001001000000000000000001000000000000000000001100001000011001010001000010110000101011100001000010000110010101000011011100111110110011101011001000011001000101111011010101110110
0000000000000000000000000000000000000000001000010000000000000000000000000000000000101000000000001000000000000000000100001100101000001101000101010100100001001001010011010001000110110000010110000001101001011110101100110111110101101110110110110001101111001011
0000000000000000000000000010000000000000000000000000000000000000000000000000000000000000000000000001000000000000000000000010100010010000001011000000000100011000100000111100111101001000011111100011010001000111111100110001000011011000000100100110111001000000
0000000000000000000000001000000000000000000000000000000010000000000000000000000000000000000000000000001001000100000010110000001100110010011001000001010000010011110111000110000011101110000111011010100011111111011001110100111111101110001110101111010111001001
1000000000000000000000000000000000000000000001000000000000000000000000000000000000000100000000000100000000000000010000001100000000000001100011100100100100100000010001010000110010110101000100100000110010101011011110011101010110100011100101010000101111001000
0000000000000000000100000000100000000000000000000000000000000000000000000000000000000000000000010000001000000110000010010100001100011010100101110011001110001011101010011010111110101001110111100011111110110111011111110010101100011101011000101101100011000011
0100000000000000000000000000000000000000000000000000010000000000000010000000000000010000000000000000000010000000100000100010001000010001001101100110000010000100001100010110111100001101000110011101101100110101100111110001011111101010000000011010010000011000
0000000000000000000000000000000000000000000000000000000000000000001000000000000000000000000000000000001111000000111010101101001011010000010001000101001011001110101000100010010111111110010011100010101101011100101000101101011000100100011010111101111010110100
0000000000000000000000000000000000001000000000000011000000000000100000000000000000000000000000000010000000000000000100010010000001000011010110101101010101010011001011101001000100110000001001000000000000110011110111111110000100011100111101010010000010001000
0000000000000000000000000000000010001001000000000000000000000000000000000000000000000000101001000000000000100000000000010010101011110011110011101100111001111111101101010001111100001000010010101010001010100100101110111111111010100101011111000110001101001001
1000000000000000000000000000000000000000000000000000000000000000000000000001000000000000000010001000010000101001000001000101100001000110100000000010010010101100010011110100000101000110100010100010111000101000001101001110100110000000111000111001100001011010
1000010000000010000000000000000000000000000000000000010000000000000000001000000000010000000100000000010100011110001011110100001011111100111101011100001110011001001110110011101101011010001001101001111101101011111011000010011111110110010000010111110011110001
1001000000000000000000000000001001000000000000000000000000000000000000000000000000000000010010000100010000000011000010000110011100100110111010010101000000110000011101111000001100001001000011100000101001001011110010110001000100000010110010111100000111111101
0000000000000000000000000000000000000000000000000000010000000000000000000001000010000001000000000000010010001101000001000000111010101100111011011001001110010111010111110111100101101111000001001110110111111010011011011010100111000011010111101001101111100111
0100000000000000000000000000000000000000000000000000000000000000000000000000100001000000000000010000010010000110001001010001101000000010111000100001100000110101011111100111111001001101111011101011000000000000111111011111111011010010011100101011101100101010
0000000000000000001000100000000000000000000000001000000000000000000000000000000000000101000001011000100000011001100010111110001100100100000010101101101111111110101011111111101001010010111011010000101011110101011010000010110111011100001011111100011000111111
1000000000000000000001000000000000000000000000000000000000000000000000000000000000000000010000000000000010000101100100000100111101110111100110110000001100010100110010010001000000001110111110000111011101001011001001010000000000100011001101011000111110011001
0000000000000000000000000000000000000000000000000000000000000000000000000000000000000000000001000010000000110000101100011111010101100001010111110101011110000111111110000010111100011001001001100010110111101110111011101110001000000110111101110101110110111000
0000000000000000000000000000000010000000000000000010000000000000000000000000000000000000000000000000000010001100010011100001000010000110001101111101001011000001101111010011111000000011000100110010011111001000001101111111000011101000010010001111110110100000
1000000000000000000000000011000000000000000000000000000000000000000000000000000000000101001000100000000110001001010111011111010111000101110010110101110100001111011011000110101001000110111110011100111110111101001011000000111101111001100110011101011011111010
1000000000000000000000000000000000000000000000000000000000000000000000000000000000000000010110000010010100010001000100100000011011011100000010001011100111011101101101110100101100110110110101100001100110100111101100101100011010010110000100111000110011011101
0000000000000000000000000000000000000000000000000100000000001000000000000000000000000001000000100001001010011010100001010100010101101110101101010011111011001011110110001111101101010111101011011111101000110101110110111011011110111011011101011111110011101001
1001000000000010000000000000001000000000010000000000000001000000000000000000000000000000000011000000111001001101000001100001110010101100010001010010101000011010010011001001110110100011011000011010001100110111000101000011000100001100000101001101010001111010
0000000000000010000000000000000000000000000000000000000000000000000000000001000000000000101110001110010001011011001001100000111110001101011100001001001001100000010010011111111111110101101111011011111001100111001100001110011001111111011110011101100110100011
0000000000000000000000000000000000000000000000000000000000000010000000000000000000010100000000000001100000000001000001000101111011101111000101100110100110011111111000111011011111001010010101011111101110011011000001100001111010111011111110001000000001101010
0000000000000000001000000000000000000000000000000000100000000000000000000000010010000010100000000011100110011111011110000001001000101011111111111010111110101001001110011010111101110010010000101101110111101101110111110111011101101000100111111010101111101011
0000000000000000000000000000000000000000000000000000000000000000000001000000000100000001001010001110000000100010101100110000010000100110110010111101000011110010111101111000000011011100111011100011010010001111001100000011010010110101001010100010000111100000
0000000000000000000000000000010000000000000000000000000000000000000000000000000000100000101000100101000110111000001010011000100111100111011010011101101111111100111000100101001010011001011000111000110111110111110110100111111110000111110110101110110110101100
1000000000000000000001000000000000000000000000000000000000000000000000001000001000000000010100001000101010100000010000001110101001100010100100011110010101000001011001111101110110001001000100001111110000010100000001101000100001001001110010111011011111011000
0000000000000000000000000000000000000000000000000000100000000100000000000001010010000010000000000101101011001001100000100101110001100011011110110101100101110100100000100101001001111111010110111000111101010111011110001101010111111110101110100010101111101011
0000000000000000000000000000000000000000000000000000000000000000000000000001110000000000001001101000100111010011000100000100011010110000001101000110101000110101010101111010010000001101010011011010001011000111100111011001110111000010110001100110000101100011
1000000000000000001000000000000000000000100000000000000000000000010000000000100000000001001000100000100110001011001010100100011110001110011110101111111010010111111110010111110111011000011101111111000011100110011000111101100100001010100100010110100000001000
0000000100000000000000000000000000000000000000000000000000100000000000000000000000000100000000100000100100100110000001111001110100111000010000001111011111010010100001000001001100100100110011010001100001100110011010101100011110001001010000010110010000000000
0000000000000000000000000000000000000000000000000000000000000000000000010000001100000100000100010010000101000000110101111001110011111010000110110111111110100111011101101101111111011011001111101111001011110010110001001011001001110001000000001000000001100000
0000000000000000000000000000000000000000000000000000000000000000000000000001001010000001000000000101000001001000001001010100001010010101100101101110111010110110010010000010110011010001111011001110110000000010011111000001000100000101010000000000100000000000
0000000000000000000000000000100000000000000000000000001000000000000000000000000010000011101000100110101010001001100000001001101110100000111000111010000100010001001111010011111010101011010001010010101011001010110100000000000100000000000000001000000000000000
0000000000000000000000000000001000000001000000000001000000000000000000000000000000000100011000001100100001010001100101100000011111001010000001011010000000100001001100101010110000001110000000010010000101000000000000010000000000000100011000000000000000010000
0000000100000000000000000000000000000000000000000000000000000000000000000100101001010100000101000010000010110111101110110000101111000010010010101101111111100100001000000011100000001011100000010100000000001100100000000000111001100000000000101010000000000000
0000000000000000000000000000000000000000000000000000000000000000000000010000000000000000110000000000000000011001000000010010000000000000001010010100101100010000000000000000000000000000010100000000000000000000000110000000000000000000000000000010000000000000
0000000000000000000000000000000000000000000000000010000000000000000010000000000000000000000000000000000000000000000000010000000001000000000001000000000000000010000001000000000000001000000000000010000000000000000100000000001000000010000000000000000000000000
0000000000000000000000000000000000000000000000000000000010000000000000000001000000000000000000000000000000000000000000000010000000000000001000000000000000000110000000100000000000001010000000000000000000000000001000000000000000010000000000000000000100000000
0000000000000000000000000000000000000000000001000000000000000000000000000100000010000000000000000000001000000000010001000000001000000000000000100000000000000000000000000010100000000000000001000000000000000000000000001000000001000001010000000001000100000010
0000000000000000000000000000000000000000010000000000000000000000000000000000000000000101000000000000001000000000000010100000000000000000000000100000010000000100000000000000000000000000000000000000000000000000000000000010000000100000000000010000100000000000
0000000000000000000000000000000000000000000000000000000000000000000000100000000000000000000000000000000000000010000000110000000000000000000000010000000000000100000010000000000010011000001000000000010000100000000000000000000000010100000000000000000000000000
0000000000000000000000000000000000000000000010000100000000000000000000000000000000000100000000000000000000000000010000000000000000000000000000000010000000000000000000000000000000000000000000000100000000000000001000000000000001000000000000000000000000000000
0000000000000000000000000000000000000010000000000000010000000001000000000000000001000000000000000000000000000000000000000000000000100000000100010000000000010000100000001000000010000000000100100000100000000000000000000000000000000100000000001000000100000000
0000000000000000000001000000000000000000000000000000000000000000001000000000000000000000000000000100000000000000100000000000000000000000000000000000000010000000000000100000000000000000110000000000000111000001010100010000000001000000100000000000000000000000
0000000000000000000000000000000000010000000100000000100000000000000000100000000000000000000000000000000000000000100000000000000000010000001001100000000000100000100000000000010000000000000000010001010000000000000000000100000101001000000000100000000000000000
0000000000000000000000000000000000000000010100000000000000000000000000000000000000000000010000000000000000000000000101001001100000100000000000000000100000001000001000000000100000000000000000000000110010000010000001000000000000010000000001000000000000010000
0000000000000000000000000000000000000000000000000000000000000100000000000000000000000000001000000000000000000000000010000010000000000000010000000000001000000000000000000000000101000101000000000000010000000000010000000000000000000001000000000000000000000000
0000000000000000000000000000000000000000000000000000000000000000001000000000000000000010000000000000000000000000000000000000000000000000000000100000000000000000000000000000000000000000000000000000000000000010000000000000000000000000000000000000000000000100
1000000000000000000010000000000000000000000000000000000000000000000000000000000000000001000000000000010000000000000000000000000000000001100100000100001001000000000000000000000000000001000000100000000001000001000000000000000000000000000110000000000000000011
0100000000000000000000000000000000000000000000000000000000010000000000000010000000000000000000000000000010000000100000000000000000100000100000000000000100000000000000000000010000000000000000000000000000000000000000000010000111011010001101001000000000000000
0000000000000000000000000100000000000000000000000000000000000000010000000000000000000000000000000000000000001000000100000000000000000001000100001000000000000000000101100000010000010000010000100010000000000000100011010001000111111000111111101010000100101011
1000000000000000000000000000001000000000000000000000100000000000000000000000000000001000000000000000000000100010000000000010000000000000000000000000000000000000000000000000001000000000000000100100101000000001010010100000001000000000110100001000000011001110
0000000000000000000000000000000000000000000000000000000000000000000000000000000000000000000000000000000000000010000000000000000000100000000000000000000100000010000001100010100000000000100101111111010001100001111010101110010111011100101000011010110001101111
1000000000001000000000000000000000100000000000000000010000000000000000000000000000000000000000000001000000000000000000000000000000010000001000000011000000001000011100000100010001000001000000110001000100011001010100011000000011010010010001101100010110000000
0000000000000000000000000000000000000000000000000000000000000100000000000000000000000000000000000000000000000001000000000000000100000000010000000011000110100100100111010001111010011001101011010010100101110110111110010111110100111000111110011011001000101111
1000000000000000000000000000000000000000000000000000000000000100000000000000000000000000000000000000000010000000000000000000000000000101000100001000000010111100110011101000001001010011001100001101011000111110010000001011101110010010000110110000101001111101
0000000000000000000000000000000000000000000000000000000000000000000000000000000000000000000000000000000000000000000000000000001100100100000101001101001010001111000100101101011011110011001011100101000111111011101111101100101000110110001110101110101010101110
0000000000000000100000000000000000000000000000000000000000000010000000000000000011000100110000000010000100000000100000011100000000000001000010110000010000101000000001000001011100100000100101101110010110011110110000100100110110001010000011000010010010001001
0000000000000000000000000000010000000000000001000000000000000100000000000000000000000011101000000100000010110100101000100101001001111000101001110001100101010101100001011011111111111010011011011111100000110011001110001001101111101110111100111011000011010110
1000000000000000000000000000000000000000000000000000000000000000000000000000000000010010000100000100000001100010001001000101011001000001110011011101000110100101011011101010000010000000100001110000001000101001000110101000010011010101000010100011011000001101
0000000000000000000000000000000000000000000001000000000000000000000001000000000000001110010000100110010000100000111011100000101100110110100010100101000101001100100110111011101011101110110111111011011100110110011111111101101111001001011111110111101111011110
1000000000000000000000000000000000000000000000010000000000000000000000000000000000001000000101001101100000001000101000111111000111111000001101001100010110011110100010101011110101111100001110111100010000111100011010011000000010001001000100011100111011001011
0000000000000000000000100000000100000000010000000000000000000000000000000000100000100000001000010000001110001010010101011010111100011110010100000100111100011101100111111110101100110010011110110010001011010110101011101111101110101110111010101111111011100100
0000000000000000000000000000000000000000000000000000000000000000000000001000000000000000100000110100000010000000101011111010111001101010010100000000001001101000110000101101110011110001100011011010010000101000010100010001110010010010111000100111101000100001
1000000000000000000000000000000000000010000000000000000000000000000000000000000010000001010110000000101010101100011000111010101010011010101100011100101100101001001101100101001011111111100010011000111110101111111010111110100110110110110010111110011111010011
1000000000000000000000000000000000000000000000000010000000000000000000000000100000000100101100000110011001001011001101010001101100011001110001111101001000001001110000001110100101011010110100110011000011011111010010011110101010110100001100000000001001011100
0000000000000000000000000000000000000000000000000000000000000000000000001000001001000001000010010000100100010011101001110010101100110000101111111111001111110111111011101100110001111110111111101001111010011101010001111001011000010110101011111100010011101110
0000000000000000000000000000000000000000000000010000000000000000000000000000000000001001100100101000000111010010100011001000010010001000010001000001010101101101100000111011110111000100100001010111111110110100101010000011110010001010110110111000000100111100
0000000000000001000000000000000000000000000000000000100000000000000100000000000000010001100000011101110001011010001001111110110010010001110111000010111100010111111110001001100110111011101010111100111110101001101111010001100111111101111110100111101111000111
0000000000000000000000000000000000000000000000000001000000000000000000000000010000000000000001000100000000001010010111011010000101101001100001010100001101011101111001100110000101100101101111100110101011100111010011011010110011001000101111100001100101101101
0000000000000000000000000000100000000000000000000000000000000000000000000001000000001000011101010010111101110011011010111000111010001101011010001111111111101010111110101000011111110001011111001111111111100110011001011010100011010011100100011110011110000001
0000000000000000000000000000000000000000000000000000000000000000000000000000101010000100100000100101010001001000111110101110100101011000110011110010110111100110010010101001011111001111101000101010100100101111100111001001001010110011001111111010101011100001
0000010000000000000000000000000000000000000000000000000000000000000000000000000000010110011000000110011000011100001011100110111010000000111110111101111101100000100110110110010100110010111011101111011011010110101111111110001101111011011110111100100001100110
1000000000000000000000000000000000000000000000000000000000000000000000000000000100000000110010011001001010110001110010001000000100110110111001111111101000010111011100100001011000001000100000101000000000110100101000110000111000011001000101010010110100011010
0000000000000000000000000000000000000000000000000100000000000000000000000000000011000000011000000000010000001000000100111100001101101011111111001111111101011110001111100111001101010101000111111010010010011101111111111100101110111101101111101011111111011001
1000000000000000000000000000000000000010000000000000000000000000000000000010000000000101000011011100100110000111010000010000001010101000011000111100101010011110101001110010110001101111111000001010111111111101111100001111010101111000001000111001100110001101
0000000000000000000000000000000000010000000000000000000000000000000000000011000000001001010000100101110010000001111000010010101000111111100011000111100101011100001101101110111010011100101111011101000111110100111001001000111111111011111010011101111011110111
1000100000000001000000000000000000000000000000000000000000000000000000000000000010100000000000000110101000000011110010000011101111010100001011011111011000011111100001001000111100000001010111000110010111001010011110100101011000011010010001110001110000101000
0000000000000000000000000000001000000000000000000000000000000000000000000000000000001000010100010101011001101000110101011111110010101011010101011001110101010010010010111101011011101111110000110111110111101101111010110111100111110010100111010111011010011111
0000000100000000000000000000000000000000000000000000010000000000000001000001000000000000010001001100000001000100010100100100101011011000000101000010101100110010010111110110011110001000110000101010100101111100101011010000100110000001001000010100110000001110
1000000000000000000000000000000000000000000000000000010001000000000000000000000000010000100010000001100101111101100011111111101001001100111011111100100101100011111101111000100011111010111011111111110110101010111111001010001000111110001100110101000001111101
1000000000000000000000000000000000000000000000000000000000000000000000000000000000000000000000011000001000111000000000001001100101001010000000010100010000000100000010111101101100011101101101110100011011101010010101101010111110000111100101000110000000010011
0000000000000000000010000000000000000000000000000000000010000000000000000000000000000010001000001010000100111100100100001001010110111000011111111100110111000111010111111001000011011111111111111001110001111111000010111111110100101101101110100011111001010110
1000000000000000000000000000000000000000000000000000000000000000000000000000001000000000000001000000001110100001000010001001000100110011000000000100010011001101001111000100010101110010101100010111100111011100100011001111100011011111000011100110010011011100
0000000000000000000000000000000000000001000000000001000000000000000000000000000000000000000110100010000100010110101110001000111010101010100000110010000010100011011010110011010001110001101110001101011011110100001011111111111011110111101011101110110010100011
1000000000000000000000000000000000010000000000000000000000000000000001000000100000000100100001000001000100110010000110100000001101001100000011001100001101001111101100111011010010011110110000111110101101010110000010110111011000100101110000110110011000000000
0000000000000000000000000000000001100000000000001000000000000000000000000000000000011000000000100000100100000010000010100001111111000000011111111001100100100110010010111011101110101101011011110011010111111111011110010111000001011101001010111100110011111011
1000000000000000000000000000010000000000000000000000000000000000000000000000000000000000000000000000001000000000000100000001010001100000100010011110100110010011000100010001010001110100110101111010001010110010100100011101111000111011010010101011011011000000
0000000000000000000100000000000000000000000000000000000000000000000000000000000000000100100000011010001101000100100011110110101101011111010101111001110111110000111110111100101011011110100010111011011110110001110111110101111011111100011010110011011001110111
1000000010000000000000000000000000000000000000100000000000000000000000000000000000000000000001001000000001000000001010011001111000010011010110111011011101100001100000100011010101011100011010101000011110001010001111001101001101010110010101100100100000001010
0010000000000000000000000000000000000000100000000000000000000001000000000000000000001000000000010010010000100000100100011010100000111010101110111010111010100111111111111010110001100110111111101100010000110011111010101011111010111110001111011011101010011110
1000000000000000000000000000000000000000000100000000000000000100000010000000000000010000000000000000010000000000011100111000000001000100101010110100000010100101010001100001110111000001111101101000110011001111101011001110111100100111110001111001111010010000
0000000000000000000000000000000000000000000000000000000000000100000000000000000000000000100010100100000010000101001000111110000001011011110100011111111111100010111001101111111111110101011011001101111000101101111101111101010011101110001100100111111100111000
1000000000000000000000000000000000000100000000000000000000000000000000000000000000000000000000000000000001010010000011000000100001011001000100000101010110110101000110110111011011111000101101000100111110000101111100101010011000100110011101100001101000101000
0001000000000000000000000000000000000000000100000000000000000000000000000000000000000000000001011001111000110001010001110110000111011011010110100001101110111111111101101101101111101001000101100110111100100001101111001110101011101110101110011011101010110110
1000000000000000000000000001000000000000000000000000010000000000001000000000000000000000000010000100000000001100101110110001100100111001111111101110000100010011100110000101000111110010110110100011011001101110011011000011010110101000010111100001111111010101
0000000000000000000000000000000000000000000000000000000000000000000000000000000000000000000000000000000100100000001000010000001001100110011111101101111111000000001111101110111011101010111011110110011111011001100111111111111011010000110111101010001011100110
0000000000000000000000000000000000000000000000000000000000000000000000000000000000000000000000000000000000000010100100001000010101100000000011011100000111011100000100000010101011101011101011000111111000101101100111010000110011001010010100001010000000100010
0000000000000000000000000000000000000000000000000000000000000000000000000001000000000000010000000000000000111010110100010010100100001010000100000010011001101111111011010110111110010111101111011111100000111100110011111011100000011100011110111111111001000011
0000000000000000000000000000000000000000000000000000000000000000000000001000000000000000000000000000000000000000110000000011000010010000110111011000000010011000001011001110000000010010011000110110010101011110000010111110010000001110001001111001110010000010
1000000000000000000000000000000000000000000000000000000000000000000000000000000000000100000000000000000100100100000000111100111010001101011111110111010110110001010010101111011110101000101001110100011110000001011010001011101111110001110111100001011010111000
0100000000000000000000000000000000000000000000000000000000000000000000000000000000000000000000000000000000000000000000011011000001000011011100010011011101011010001001000110001010100100010011101101101010001111011100101000011000001100111001110000000000011100
0000000000000000000000000000100000000001000000000000000000000000000010000000000000000000100000000000010000000010000000000011110000100000101110101111101011101001000101111011001110000001101001101101101010111001010111111101101101101000000100011110001010100000
1000000000000000000000000000000000000000000000000000000000100000000000000000000000000000000000000000001000000000000000000100000100000110010000101101010010001100011100101101001110100000110000001010001111100000100010010110001010101000111000000101111000000010
0000000000010000000000000000000000000010000000000000000000000000000000010000000000000000000000000100010000000000000000101011100000010000010111000110000000010011111100110011110110001011111001100001000111101010011101101000100111101001001101011101001001101000
1000000000000000000000000000000000000000000000000000000000000000000000000000000000000000000000000000000000000000000000000001000000000110000101100010000010000001010011110100000011110000111010000010011100101000110001000110100100000010000010001010010100000100
0000000000000000000000000000000000000000000000000000000000000000000000000000000000000000000000000000000000000000000100100000000101010000110100000000001001010001111101000110110111000110111011110100100110111101011011001101100001000101010011011001001100000010
1000000000000000000000000000000000000000000000000000000100000000000000000001000000000000000010000000000000000000000000010000100000010010000000000010101110010000000000101001100001100000010010100000000100001110100110010000010101001000111010110000000100000000
1000000000000000000000000000000000000000000000000000000000000000000000000000000000000000000000000000000000000000000000100000000100000010000001000000010011000101110000011110110001000011101000100001110100001000000111000110101100100000010111001001001000001100
0000000000000000000000000000000000000000000000000001000000000000000000000000010000000000000000000000000000000000000000000000000000000010000000000000000000000001000000000000011000001000010001000001010010100000000000000100000001010000010000000000000000000000
0000000000000000000000001000000000000000000000010000000000000100000000000000000010000000000000000000100000000000000001000000010000000000000000110000000000000000000000000000000000000000000010000000000010100001000000001100010001001000000000000000000000100000
0000000000000000000000000000000000000000000000000000000000000000000000000000000000000000000000000000000000000000000000000000000000000000000100000000000000000000000000000000000000100000000000000000000000000000001000000000000000000000000000000000000000000000
0000100000000000000000000000000000000000000000000000000000000000000000000000000000000000000000010000000000000000000000000010000000000000000000000000001000000000000000000000000000000000001000000000010000001100000000000000000000000000000010000000000000000000
1000000000000000000000000000000000000000000000000000000000000000000000000000000001000000000000000000000000000000000000000000000000000000000000000000000000000001100000000000000000000100000000000000000000001000000000000000000000000000000000000000100000000000
0000000000000000000000000001000000000000000000000000000000000100000000000000000000000000000000000000000100000100010000010000000000000000000000000000000000000000000000000000000000000000000000000000000000000000000000010000000010000000000000001010000000000000
0000000000000000000000000000000000000000000000000000000000000000000000000000000000000000000000000000000000000000000000000000000000000000000000000000000000000000000000000000000000000000000010011000000000010000001000001000000000100000000010000000000000000000
1000000000000000000010000000000000000100000000000001010000000000000000000000000000000000000000000000010000000000000000000000000000000000000100100010001000000001000000000000000010000000000000000000100000010000000000000000000000000010000000000000000000000000
0000000000000000000000000000000000000000000000000000000000000000000000000000000000000000000000000000010000000000000000000000000000000000000010000000000010000100000001000000000000000000000000000000000000000000000000000000000000000000000000000000000000000000
0000000000000010000000000000000000000000000000000000100000000000000000000000000000000000000000000000000000000000000000000000000100000000000000000000000000000000000000000000000000000000000000000000100000000000000000001000000000000000000000000000000000000000
0000000000000100000000000000000000000000000000000000000000000000000000000000010000000000000010000000000000000000100000000000000000000000000001000000000000000000000000010000000000000000000000000000000000000000000000000000000000101000000000000000000000000000
0000000000000000000000000000000000000000000000000000000000000000000000000000000000000000000000000010000000000000010000010001000000000000000000000000100000000000000000000000000010000000000000000000000000000100001000000000000000010000000010000000000011010000
0000000000000000000000000000000000000000000000000000000000000000000110000000000000000000000000000000000000000000000000000100000000000000000000000000000000000010000000000000000000000000000000000000000000000000000000000000000000000000000000000000000000000000
0000010000000000000000010000000000000000000000000000000001000000000000000000000000000000000000000001000000000000100000000000001001000000000000000000000000000000000000001000000000000000000000000000100000000000000000010000000000000100000010000000000000000010
1000000000000000000000000000000000000000000000000000000000000000000000000000000000000000000000000000000000000000000000000000000000000000000000000000000000000000000000000000001000000000000000000000000000000000000000000000000001000000001000000000000000000000
0000000000000000000000000000000000000000000000000000000000000000000000000000000000000000000000000000000000000000000000000000000000000000010000000000000000001000000000000000000000000000000000000000000000000000000000000000100000000000010000100000000000000000
0000000000000000001000000000000000000000000000000000000000000000000000000000000000000000000000000000000000000000000000001000000000000000000000000000000100000000000000000000000000000000000000000000000100000000000000100000000000000000000000000010000000000000
0000000000000000000000000000000000000000000000000000000010000000010000000000000000000000000100000000000000000000000000000000000000000000000000000000010001000000000001000000000000000000000000000000000000001000000000000000000000000000000000000000000000001000
0000000100000000000000000000000000000000000001000000000000000000000000000000000000000000000000001000000000000000000000000000000000100000000000000000000000000000000000000000000000000000010000000000000000000000000000000100100000000000000000000000010100000000
0000000000000000000000000000000000000000000000000000000000000000000000000000000000000000000000000000000000000001000000000010000000000000000000000000100000000000000000000000000000000000000000100000010000100000000000000000000000000000000000000000000000000000
1000001000000000000000000000000000000000000000000000000000000000000000000000000000000000000000000000000000000000000000000000000000000000000000000000100000000000000000000000000000000000001000000000000000000000000000010000000000000000000000000000000000000000
0000000000000000000000000000000000000000000000000000000000000000000000000000000000000000000000000000000000000000000000000000000000000010000000000000000000000000100010000000000000000000000000000000000000000000000000000000000100000000100000100000100000000000
0000000000000000000000000000000000000000000000000000000000000000000000010000000000000000000000100000000000000000000000000000000000000000000000001000000000000000000000000000000000000000000000000000000000000000000000000000000000000000000000000000000000000000
0000000000000000000000001000000000000000000000000000000000000000000000000000000000000100000000000000000000001000000000000000000001000000000000000000010100000100000000100000000100000000000000000000001000000000000010000000000000100100000000100000000000001000
0000000000000000001000000000000000000000000000000000000000000000000000000000000000000000000000000000000000000000000000000000000000000000000000000000000000000000000000000000000000000000000000001000000000000000000000000000000000000100000000000000000000000000
0000000000101000000000000000000000000000000000000000000000000000000000000000000000000000000000000000000000000000000000000000000000000000000000000000010000000000000010000000000000011000000000000000000000000000000000000000000000000000000000000000000000000000
0000000000000000000000000000000000000000000000000000000000000000000000001000000000000000000000000000000000000000000000000000000010000000000000000000000000010000000000000100000000000000000000000000100000000000000000000000000000000000000000000000000100000000
0000000000000000000000000000000100000000000000000000000000000000000000000000000000000100000000000000000000000100101000000000000001000000000000000000000000000000000000010010000000000000000000000001000000000100000000110000000000000110000111000000000000000000
0000000000000000000000000000000000000000000000000000000000100000000000000000000000000000000100000000010000000000000000000010000000000000000000000000000000000000000000000000000000000000000000000000000000000000000000000000000000000001000000100000000000000000
0000000000000000000000000000000001100000000000000000000000000000000000000000000000000000000000001000000000000000000000000000000000000000000000000000000000000000000000000001000000100000100000000000000000000000100000000000000000000001000000000000000000000000
0000000000000000000000000000000000000000000000000000000000000000000000000000000000000000000000000001000000000000000000000000000000000000000000000000000000000000000000000000000000000000000000000000000000000000000000000000000001000000000000000000000010000000
0000000000000000000000000001000000000000000000000000000000000000000000000000000000000000000000000000000000000000000000000000000000000000001000000000000000000000000000000000000000000000000000000000000000100000001000000000000000000000000000000000010000000000
0000000000000000000000000000000000001000000000000000000000000000000000000000000000000000000000000000000000000000000000000100000000000000000000000000000000000000100000000000000000000000000000000000000000000000000000000010000000000000000000000000000000000100
0000000000000000000000000000000000000000000000000000000000000000000000000000000000001100000000000100000000000000000000000000000000000000000000000000000100000000001000000000000000000000000000000010000010000110000000000000000000000000000000000000000000000000
0000000000000000000000000000000000000000000000000000000000000000000000000000000000000000000000001000000000000010000000000000000000000000000000000000000000000000100000000000000000000000000000000000000000000000000000001000001000000000000000000000000000000000
0000000000000000000000000000001000000000000000000000000000000000000000000000010000000000000000000000000000000000001000000000000000000000000000000000000000000000000000000000000001000000000000000000000000000000000000000010000000000000000000000010000000000000
0000000000000000000000000000000000000000000100000000000000000000000000000000000000000000000000000000000000000000000000000001000000000000000000000000000000000000000000000000000000000000000000000001000000000000000000100000000000000000000000000000000010000000
0000000000000000000000000000000000000000000000000000000000000000000000000000000000000000000000000100000000000000000000000100000000000000000000000000000000010000000000000000000010000100000000010000000000000000000000000000000000000000000000000000000000000000
0000000000000000000000000000000000000000000000000000000000000000000000000000000000000000000000000000000000000000000000000000000000000000000000000000000000000000000000000000000000000000010000000000000000000000000000000000000000000000000000000000000000000000
0000000000000000000000000000000000000000000000000000000000000000000100000000000000000000000000000000000000000000000000000000000000000000000000000000000000000000000000000000000000000000000000000110000000000000000000000000000000000000000000000000000000000000
0000000000010000000000000000000000000000000000000000010000000000000000001000000000010000000000000000000000000000000000100000000000000000000000000000000000000000000000000000000000000100000010000000000000000000100000000000000000100000000000000000000000000000
0000000000000000000000100000000000000000000000000000000000000000000000000000000000000000000000000000000000000000000000000000000000000000000000000000000000010000000000000000000000000001000010000000000000000000010000000000000000000000000000000000000000000000
0000000000000000000000000000000000000000000000000000000000000001000000000000000000000000000000000000000000000000000000000000000000000000000000000100000000000000000000000000000010000000000000000000000000000000000000000000000000000000000000000000000000000000
0000000000000000000000000000000000000000000000000000000000000000000000000000000000000000000000000000000000000000000000000000000000000000000000000000000000000000000000000000000000000000000000000100000001000000000000000000000000000000000000000000001000000000
0000000000000000000000000000000000000000000000000000000000000000000000000000000000000000000000000000000000000000000000000000000000000000000000000000000000000000000000000000000000000000000000000000000000000000000000000000000000000000000000000000000000000000
0000000000000000000000000000000000000000000000000000000000000000000000000000000000000000000000000000000000000000001000000000000000000000000010000000000010000000010100000000000100000000000000000000100000000000000000000000000000000000000000000010000000000000
0000000000000000000000000000000000000000000000010000000000000000000000000100000000000000000001000000000000000000000000000000000000000000000000000000000000000000000001000000000000000000000000001000000000000000001000000000000000000000000000000000000000010000
0000000000000000000000000000000000000000001000000000000000000000000000000000000000000000000000000000000001000000000000000000000000000000000000000000000000000000000000000000000000000000000000000000000000000000000100000000000000000000000000000000000000000000
0000000000000000000000100000000100000000000000000000000100000000000000000000000000000000000000000000000000000000000000000000000000000000000000000000000000000000000000000100000000000000000000000000010000000000000000000000010000000000000000000000000000000000
0000000000000000000000000000000000010000000000000000000000000000000000000000000000000000100000000000100000000000000000000001000000000000000000000000000000000000000000000000000000000000000000000000000000000000000000100000000000000000000000000000001010100000
0000000000000000000000000000000000000000000000000000000000000000000000000000000000000000000000000000000000000000000000000000000000000000000000000000000000000000000000000100000000000000000000000000000000000000000000000000000000000100000100000000000000000000
0000000000000000000000000000000000000000000000000000000000000000010000100000000000000000000000000000000000000000000010000000000000000000000000000000010000000000000000000000001000000000000000000000000000000000000000000000000000000000000000000000010000000000
0000000000000000000000000000000000000000000000000000000000000000000000000000010000000000000000000000000000000000000000000000000000000000000000001000000000000000000000000000000010001000000000000000000000000000000000000000000000000000000000000001000000000100
0000000000000000000000000000000000000000000000000000000000000000000000000000000000000000000000000000000100000000001000001000001000000000000100000001000000000010000000000000000000000000000000000000000000000000000000000000000000000000000000000000000000000000
0000000000000000000000000000000000000000000000000000000001000000000000000000000000100000000100000000000000000000000000000000000000000001000000000000000000000000000000000000000000000000010000000000000000000000000000000000000000000000000000000000000000000000
0000000000000000000000000000000000000000000000000000000000000000000000000000000000000000000000000000000000001100000000000000000000000000000000000000000000010000000000000000000000000000000000000000000000000000000000000000100000000001000000000000000000000000
0000000000000000000000000000000000000000000000000000000001000000000000000000000000000000000000000000000000000000000000000000000000000000000000000000000000000000000100000000000000000000000000000010000000001000001000000000000000000000000000000000000000000000
0000000000000000000000000000010000000000000000000000001000000000000000000000000000000000000000000000000000000000000000001001000000000000000000000000000000001000000000000000000000000010000000000000000000000000000000000000000000000000000000000000000000010001
0000000000000000000000000100000000000000000000000000000000000000000000000000000000000000000000000000000000000000000000000000000000000000000000000000000000000000000000001000000000000000000000000010000000000001000000000000000000000000000000000000000000000000
0000000000000000000000000000000000000000000000000000000000000000000000000000000000000000000000000000000000010000000000000000000000000000001000000000000000000000000000000100000000000000000000000000001000000000000000000000001000000000000000000000000001000000
0000000000000000000000000000000000000000000000000000000000000000000000000000000000000000000000000000000000000000100000000000000000010000000000000000000000000000000000000000000000000000000000000000000000000000000000000000000000000000000000000000000000000000
0000000000000000000000000000000000000000000000000000000000000000000000000000000010000000000000000000000000000000000000000000000000001000000000000100000000000000000000000000000000000100000000000000000000000000000100000000000100000000000100000000000000000000
0000000000000000000000000000000000000000000000000000000000000000000000000000000000001000000000000000000000000000000000000000000000000000001000000000000000000000000000000000000000001000000000000001000000000010000000000000000000000000000000000000000000000000
0000000000000000000000000000000000000000000000000000000000000000100000000000000000010000001000000000010000000000000000000000010000000000000000000000000000000000000000000000000000000000000000000000000000000000000000000000000000000000000000000000000000000000
0000000000000000100000000000000000000000000000000000000000000000000000000000000000000000000000000000000000000000000000000000000000000000000000000000000000000000000000000000000000000000000000000000000100000000000000000000000000000000000000000000000000000000
0000000000000000000000010000000000010000000000000000000000000000000000000000000001000000000000000000000010000000000000001000000000000000000000000000000000000000000000000000000000000000000000000000000000000000000000000000000000000000000000000000000000000000
0000000000000000000000000000000000000000000000000000000000000000000000000000000000000000000000001000000000000000000000000000000000000000000000000000000000000000001000000000000000000000000000000000000000000000000000000000000000000000000000000000000000000000
0000000000000000000000000000000000000000000000000000000000000000000000000000000000000000000000000000000000000000000000000000000000000000000000000000000000000000000000100001000000000000010000000000000000000000000000000000000000000000000000000000000000000000
0000000000000000000001000000000000000000000000000000000000000000000000000100000100000000000000000000000000000000000000000000000000000000000000000000001000000000000000000000000000000000000000000000000000000000010000100000000000000000000000000000000000000000
0000000000000000000000000000000000000000000000100000000000000000000000000000000000000000000000000000001000000000000000000000000000000000000000000000000000001000000010000000000000000000000000000000000000000000000100000000000000000000000000000000000000000000
0000000000000000000000000000000000000000010000000000000000000000000000000000010000000000000000000000000000000000000000000000000000000000000000000001000000000000000000000000000000000000000000000000000000000000000000000000000000000000000000000000000000000000
0000000000000000000000000000000000000000000000000000000000000000000000000000000000000000000001010000000000000000010000000000000000000000100000000000000000000000000000000000000000000000000000000000000000000000000000000000000000000000000000000000000000000000
0000000000000000000000000000000000000000000000000000000000000000000000000000000000000000000000000000100000000000100000000000000000000000000000000000000000000000000000000000000000000000000000000000000000001000000010000000000000000001000000000000000000000000
0000010000000000000000000000000000000000000000000000000000000000000000000000000000000000000000000000000000000000000000000000000000000000000000000000000000000000000000000000000100000000000000000000000000000000000000000000000000000000000000000000000000000000
0000000000000000000000000000000000000000000000000000000000000000000000000000000000000000000000010000000000000000000000000000000000000000000000000000000000100000000000000000001000000000000000000000000000000000000000000000000000000000000000000000000000100000
0000000000000000000000000000000000000000000000000000000000000000000000000000000000000000000000000000000000000000000000000000001100000000000000000000000000000000000000001000000000000000000000000000000000000100000000000000000000000001000000000000000000000000
0100000000000000000000000000000000000000000000000000000000000000000000000000000000000000000000000000000000000010000000000000000000000000000000000000000000000000000000000000000000000000000000000000000000000000000000000000000000000000000000000000000000000000
0000000000000000000000000000000000000000000000000000000000000000000000000000000000000000000000000000000000000000000000000000000000000000000000000000000000000000000000000000000000000000000000000000000000000000000000000000000000000000000000000000000000010000
0000000000000000000000000001000000000000000000000000000000000000000000000000000000000000000000010000000000000000000000000000000101000000000000000000000000000000000000000000000000000000000000000000000000000000000000000000000000000000000000000000000000000000
0000000000000000000000000000000000000000000000000000000000000000000000000000000000000000000000000000000000000000000000000000000000010000000000000000000101000000000000000000000000000000000000000100000000000000000000000000000000000000000000000000000000000000
0000000000000000000000000000000000000000000000000000000000000000000000000000000000000000000000000000000000000000000000000000000000000000000000000000000000000000000000000000000000000000000000000000000000001000000000000000000000000000000000000000001000000000
0000000000000000000000000000000000000000000000000000000000000000000000000000000000000000000000000000000000000000000000000000000100000000000000000000000000000000000000010000000000010000000000000000000000000000000000000000010000000010000000000010000000000000
0100000000000000000000000000000000000000000000000000000010000000000000000000000000000000000000000000000000000010000000000000000000000000000000000001000000000000000000000000000000001000000000000000000000100000000000000000000000000000000000000000000000000000
0000000100000000001000000000000000000000000000000000000000000010000000000000000000000000000000000000000000000100000000000000000000000000000000100000000000000000000000000000000000000000000000000000000000000000000100000000000000000000000000001000000000000000
0000000000000000000000000000000000000000000000000000000000000000000000000000000000000000000000000000000000000000000000000000000000000000000100000000000000000000000000000000000000000000000000000000000000000000000000100000000000000000000000000100000000000000
0000000000100000000000000000000000001000000000000000000000000000000000000000000000000000000000000000000000000000000000000000000000000000000000000000000000000000000000000000000000000000000000000000000000000000000000000000000000000000000000000000000000000000
0000000000000000000000000000000000000000000000000000000000000000000000000000000000000000100000000000000000000000000000000000000000000000000000000000000000000000000100000000000000000000000000100000000000000000000000000000000000000000000000000000000000010000
0000000000000000000000000000000000000000100000000000001000000000000000000000000000000000000000000000110000000000000000000000000000000000100000000000000000000000000000000000000000100000000000000000000000000000000000000000000000100000010000000000000000000000
0000000000000000000000000000000000010000000000000000000000000000000000000010000000000000000000000000000000000000000000010010000000000000000000000000000000000001000000000000000000000000000000000000000000000000000000000000000000000000000000000000000000000000
0000000000000000000000000000000000000000000000000000000000000000000000000000000000000000000000000000000000000000000000000000000000000000000000000000000000000000000000000000000010000000000000000100000000000000000000000000000000000000000000000000000000000000
0000100000000000000000000000000000000000000000000000000000000000000000000000000000000000000000000000000000000000000000000000000000000000000000000000000000000000000000000000000000000000000000000000000000000000000100000000000001000000000000000000100000000000
0000000000000000000000000000000000000000000000000000000000000000000000000000000000000000010000000000000000000000000000000000000000000000000000000000000000000000000000000000000000000000000000000000000000000000000000000000000000000000000000000000000000001000
0000000000000000000000000000000000000000000000000100000000000000000000000000000100000000000000000000000000000000000000000000000000000000000000000000010000000000000000000000000000000000000000000000000000000000000000000000000000000000000000000000000000000000
0000000000000000001000000000000000000000000000000000000000000000000000000000000000000000000001000000000000000001000000000000000000000000000000000000000000000000000000000000100000000000000000010000000000000000000000000000000000000000000000000000100000000000
0000000000000000000000000000000000000000000000000000000000000000000000000000000000000000000000000000000000000000000000000000000000000000000000000000000000000000000000000000000000000000000000000000000000000000000000000000000000000000000000000000000000000000
0000000000000000000001000000000000000000000000000000000000000000000000000000000000000000000000000000000000000001000000000000000000000000000000000000000000000000000000000000000000000000000000000000000000000000000000000000000000010000000000000000000000000000
0000000000000000000000000000000000000000000000000000000000000000000000000000000000000000000000000000000000000000000000000000000000001000000000000000000000000000000000000000000000000000000000000000000000000000000000000000000000000000000000000000000000000000
0000000000000000000000000000000000000000000000000000000000000100000000100000000010000000000000000000000010000000000000000000000000000000000000000000000000000000000000000000000000000000000000000000000000000000000000000000000000000010000000000000000000000000
0000000000000000000000000000000000000000000000000000000000000000000000000000000100000000000000000000000000000000000000000000000000000000000000010000000000000000000000000000000000000000000001000000000001000000000000000000000000000000000000000000000000000000
0000000000000000000000000000000000000000000000000000000000000000000000000000010000000000000000000000000000000000100000000000000000000000000000000000000000000000000000000000000000000000000000000000000010000000010000100000000000000000000000000000000000000000
0000000000000000000000000000000000000000000000000000000000000000000000000000000000000000000000001000000000000000000000000000000000000000000000100000000000000100000000000000000000000000000000000000000000000000000100000000000000010000000000000100000000000000
0000000000000000000000000000000000000000000000000000000000000000000000000000000000000000000000000000000000001000000000000000000000000000000000000000000000000000000000000000000000000000000000010000100000000000000000000000000000001000000000001000000000000000
0000000000000000000000000000000000000000000000000000000000000000000000000000000000000000000000000000000000000000000000000000000000000000000000000000000000000000000000000000000000000000000000000000000000000000000000000000000000000000000000010000000000000000
0000000000000000000000000000000000000000000000000000000000000001000000000000000000000000000000000000000000000000000000000000001000000000000000000000000000000000000000000000000000000000000000000000000000000000000000000000000000000000000000000000000000000000
0000000000000000000000000000000000010000000000000000000000000000010000000000000000000000000000000000000000000000000000000000000000000000000000000000000000000000000000000000000000000000000000000000000000000000000000000000000000010000000000000000000000000000
