0000000000000000000000000000001000000000000000000000000000000000000000010000000000000000000000010000000000000000000000000000000000000000000100000000000000000001000000000000000000000000000000000000001000010000000000000000000000000000000000000001000000000000
0100000100000000000000100000000000000000000000000000000000000000000000000000000000000000000000000000000000000000100000000000000000000000000000000000000000000000000000000000000000000000001000000000000000001000000000000000000000000000000000000000000000000000
0000000000000000000000000000000000100001000000000000000000000000000000000000000000000000000000000001100100000000000010000000000010000000000001000000000001001000000000000000000000000100010100000000000000000000000000000000000000000010010000000101000001000000
0000000000000000000000000000000000000000000000000000000000000000000000000000000000000000000000000000000000000000010000000000000000000000010000010000000000000000000000000000000000000000000100000010100000000000000000000000000000000000000000000000000010000000
0000000000000000000000000000000000000000000000000000000000000000000000000000000000000000100000000000000000000010000000000000001000000000000001000000000000000000000000010000000000000000000000000000000000000000000000000000000001000000001100000000000000000000
0000000000000000000000100000000100000000000000010000000000000001000001000000000001000000000001000000000000001000000000000000000000000000000000000000000000000000000000000000000000000000000000000100000000000000000000100000010000000000000000000000000000000000
0000000000000000000000000000000000000000000001000000000000000000000000000000000000000000000001000000000001000000000000000001000100000000010000000000000000010100000000000010000000000000000000000001000010100000000000000100000000000000000000000000010000000000
0000001000000000000000000000000000000000000000000000000000000000000000000000000000000000000000010000000000000000000000000000000000000000000000000000000000000000000000000000000000100000000000000000101000010100000000000000000000000000000010000000000100000000
0000000000000000000000000000000000000000000000000000000000000000000000000000000000000000000000000000000000000000000000000010000000000000000000000010000000000001000000000100000100000000000000000000100000010010000000000000000000000000101000000000000000000000
1000000000000000000000000000000000000000000000000000000000000000000000000000000000010000000000000000000000000000000000000000000000000000000000000000000000000001100000000000010000000000000000000000100000000000000000000000000000000000000000000000000000010000
0000000000000010000100000000000000010000000000000000000100000000000000000000000000000000000000000000000000000000000000000000000011000000000000000000000000000000000100000000000000000000001000000000000000000000000001100000000000000000010101000000000000000000
0000000000000000000000000000001000000000000000000000000000000000000000000000000000000000000000000000000000000000000000000000000000000000000000001000000000000000001000000000000000000100000000000000000000000000001010000000000000100000001000000000000000000000
0000000000000000000000000000000000001000000000000000000000000000000000000000000000000000000000000000000000000000000000100000000000000000000000100000000000010000000000001000000001000000000000000000000000001000001001000000000000000000000000000000000000010000
0000000000000000000000001000000000000000000000000000100000000000000000000000000000000000000000010000000000000000000000000000000000000000000000000000001000000000000000000000000000000010000000000100000000000000000000000000000000000001000000000000000000000000
0000000000000000000000000000000000000000000000000000000000000000001000000001000000000000000000000000000000000000001001000000000000000001000000000000001000101000001000000000000000000010000000000000000000000000000000000000000000000000000000100000000010000100
1000000000000000000000000000000000000000000000000000000000000000000000000000000000000000000000000000000000000000000000001000000000000000010000000000000000000000000000000000000000000000000001000000000000001000000000000000110000000000101000000000000010000010
0000000100000000000000000100000000000000000000000000000000000000000000000000000000000000000000000000000100011000000000000000000000000000000000000000000000000000000000000000000000000000000000000100000100010000000000010000000000000000000000000000101001001000
0000000000000000000000000000000000000000000000000000000000000000000000000000000000000000000000000000000000010000000000000000000000100000000000000000000000000000000000000010000000000000000000000010000000010000000000000000000100000000000000000000000000000100
0000000000000000000000000000000000010000000000000000000000000100000000000100000000100000000000000000000000010100000000100000000000000000000000100000000000000000000100100000000000010000000000000000000010010001000010000000001000000000000000000000000000001000
0000000000000000000000000010000000000000000000000000000000000000000000000000000000001000000000000000000000000000000000000000000000000000000000000000000000000010000000000000000000000000000000100000000000000000000000000000000000000000000000000000100000001000
0001000000000000000000000000000110010000000000000000100000101000000000000001000000000000100000000000000000000000000000000000010000000000000000000000000000000000000000000000000000010000000000100000100000000010000000000000000000000000000000010001000000001010
0000000000000010000000000000000000000000100000000010000000000000000000000000000000000000000000000000000000001000000000000000000000000000001000000000000000000100000000000000000000000000000000000001000000000000000000000000000100000000001000001100000000000000
0000000000000000000000000000000000100000000000000000000000000000000000000000000000000000000100000000000000000000000000000000010000000010000000000000000010000100000000000000000001000000000000000000001000000011100000010010000000000000011000000000000000000000
0000000000000000000000000000000000000000000001000000000000000000000000000000000000000000000001000000000000010000000000000000000010000000000000000010000000000000010000000000000000000000000000000000000000000001000000000000000000000000000000000000000100000000
0000000000000000000000000000000000000000000000000000000000000000000000000000000000000000000000000100000000001000000000100000000000000001000010010000010000000000010000000000000000000000010000000000000000000000000000000100000000000000100000000101000100000000
0000000000000000000000000000000000000000000000000000000001010000000000000000000000000000000000000000000000000010000000100000000000000000000000000000000000000000000000000000000000000000000000000000000000000000010000000000000000000000000010011000000000000000
0000000000000000000010000000000000000000000000000000000000000000000000000000000000000000000000000000000000000000000000000100000000000000000000000100000000000000000000000000000000000000000000000000100000000000000010001000000000000000000000010000000001000000
0000000000000000000000000001000000000000000000000000000000000000000000001000000000000000000000000000000000000000000000000000000001000000000000000000000001000000100000000000010000000000000000000000000000000000000000000000000000100000000000000001100000000000
0000000000010000000000000000000000000000000000000000010000000000000000000000000000000000010000001000001000000000000000001100000000100000000000100000100000001010000000100000000000000010000001000001000100000000000100001000000001000000000000000000000000000000
0000000001000100000000000000000000000000000000000000000000000000000000001000000000000101000000000100000001001000000000000000000000000000000000000000000000000000000000000000000001001010100000000000010000000001101000000000000011000001000001000001000000000000
0000000000000000000000000000000000000000000000000000100000000000000000001000000000000000000000000000001000000000100000000000000000000000100000000000000000110000001000000000000101111010111000001100111000110001000000000100110000011000000000001100000100001100
0000000000000000000000000000000000000000000000000000000000000000000000000000000000000000000000000000000000000000000000000100000000000000000000000000000000100110100010101100100101100100000111001000010011001000001100001010101001000000010000001000000000000000
0001000000000000000000000000000001000000000000000000000000000000000000001000000000000000001100000000001000000000000000000001000100000001101010010101000001010000111001110110100101101101111100110000101100111100010000111001100101011010010000001000010010000000
0000000000000000000000000000000000000000000000000000000000000000000000000000000000000000000000000000010000000000000000000000000000100000001001000100001011011010010101001101001111100100100000000000010111001100111001100011100101111000100000010001000000000000
0000000000000000000000000000000000000000000000000000000000000000000000000000000000000000000000010000000010000000000000000000010000010110000000001001001110110111000011110001011101011011111111110100100100001000000011110001000011100100011000111100110000000100
0000000000000000000000000000000000000000000000000000000000000000000000000000000001000000000000000000000000000000000001111100000000001000000000001010001010101111011100010010100100100101100000110111011110110001000100100010000110000110100101101000001010000110
0000000000000000000000100000000000000000000000000000000000000000000000000000010010000000000000000001001000000010100010000000100001010100000001011011110111011110110111000011101101100110000111100100111010001111100111101000011100100010101100111001010010010100
1000000000000000000000000000000000000001000000000000000000000000000000000000000000000000100000000000001000000000000000100000001000000000101000010010001001100011011101100010100011000000111100101001101110100111000001001010101101101100100011000110001001100011
0000100000000000000000000000000000000000000000000000000000000000000000000000000010100000000100000000000100100000100001101110111010011100111110111100000101001100010100110110100111101011110110101110101101110100011111101101011100000000100110100101111011110000
1000000000000000000000000000000000000000000010000000000000000000000000000000000000011001000000000000000000000000000000000010001000001010011001010001000010111000001011100001000010010000010101000111011100011110110011101111101000001001000111010001110111110111
0000000000000000000000000000000000000000000000010000000000000000000000000000000000000000000000000000100000000100000100101000100010011101110101111100101011001111110010111001010110111010011110010001111101011110101100111111110100101100110110010101101111001010
1000000000000000000000000010000000000000000000000000000000000000000000000000000000000000000000000001111000110000110001100011000110110011000011100000001010001110100000111110111101001000011110110011011001000101101101110001000011011000101000100101111101110010
0000000000000000000000000000000000000000001000000000000000000000000000000000000000000000000000100010001001000001100010110000001100111111011001000011010010011011110100010110101011101100001111011010100011011111011011110100111111101110111111011111111011101100
1000000000000000000000000000000000000000000000000000000000000000000000000000000000000100000001000100001100100000001000001110000000100111100011000100101000100000010001000000100010111101000101110000101000111011011010011101010010100011100101010000101111101010
0000000000100000000100000000100000000000000000000000000000000000000000100000000000000000000000000000001000000110001011011000011000111110110110110011101110101011101110011010111110101011110111100011111110100111011111110010101100111101011010101110110111000011
0100000000000000000000000000000000000000000000000000010000000000000010000000000000010000000000000000000000001000100000100111001100010001001101100110000010001100011100010110111110001101010100011101101000010111110011110001011111101010000000111001010000011100
1000000000000000000000000000000000000000000000000000000000000000000000000000000001000000000000010000110011001010111110101001001111111000111000100101001011101100110000100011110111111110010011100110111111011110101101101101011001100100011010111101111011110110
1000000000000000000000000000000000000000000000000011000000000000100000000000000000000000000000000000000100010010000000010000011101000011010010111101110001000011001111101001000101110100001001000001000000110001110111111110000000010100111101010010100010001011
0000000000000000000000000001000010000001000000000000000000000000000000000000000000010000100100000000000100100110100000110011101011110111111001111101111101111111101101010001111100011000010010001010001010100100111110111111111010100101011111000110101101001011
1000000000000000000000000000000000000000000000000010000000000000000000000001000000000000000000000010010011101001000011001111000001100110100001000010010010100100011011111100000101000110100010100110111000101000001101011110100110100100111100011001100011011011
1000010000000010000000000100000000000000000000000000010000000000000000000000000000000000000110000101010001010110001111111100011011111100111111011000001110011001001111110011101101001010001011101011101101101011111111001010011111110100110001010111110100110001
1001000000000000000000000000001001000000000000000000000000000000000000000000000000000000011000001101110011000110001010001010011100001110111010010101000100110000011110111000001110101001000011100000101001101011110011110001000100100110110010011100101111111101
0000000000000000000000000000000000000000000000000000000000000000000000000000000000000000000000000000011010001011001001100001011000101111111011011011001110000011000111110111101101111111000001001110110111111010011010111010100111100011010111101011101111100111
0100000000000000000000000000000000000000000000000000000000000000000000000000000001000000000000010100010010000110101000010001111000000010111000100001100000110101111111101111111011001101110011101011000101010000110111011011111011010110011110100011100100111010
1000000000000000001000100000000000000000000000000000000000000010000000000000000000000100001000111000100000011101010010111100110100001000010111101101101111111110101011011111101001010010111011010000111011110101011010000010110111011100101011111110011110110011
1000000000001000000001000000000000000000000000000000000000100000000000000000000001001000001000000000100010010001100000000100110111110111000110000010001100010010110011110001001000101110111010000111011101001011001001011000001000100011001101011000111110011001
0000000000000000000000000000000000000000000000000000000000000000000000000000000001000100000111101001000010000100001100001111111101100001010101110101011110010111111110000110111100011001001001100010110111101110111111101110010000000010111101110011110100111000
0000000000000000000000000000000010000000000000000000000000000000000000000000000000000000000010000000000010001010010010100101100011000110001101110101101011001000101111110011011010000011000100010010111110101000001101111111000011101000010000000111110110100000
1000000000000000000000010000000000000000000000000001000000000000100000000100000000000000100100101010000101001111010111111101000011000100110000110111110101001111011111000110101111000110111110011100011110011101001011000000111111111001000110001101011011111011
1000000000000000000000000000000000000000000000000000000000000000000000000000010000000000011100010010100100010000000101101000011011011110000000001011100111011101101101110100101101110110111101000101100111100111101101101100011010010110010100111010111011011101
0000000000000000000000000000000000000000000000000100000000000000000000000000000100000001100010111011001010011111100011010100110101101100101101010011111011001011111110110110111101010111001011011111101000111101110110111011011110111001011101111111110011101001
1001000000000000000000000000001000000000010000000000000000000000000000000000000000110000100011000010010001001101010101101001110010111100010001010010101000001110100011101000010110100011011000011010011100111111001111000011001100001100000001101101010011111011
1000000000000000000000000000000000000000000000000000000000000000000000000001000010000000010110001011011011011010101011100000111110011101101110001001001001100110010000011111111111111100101111011111111001100111000100001110011011111101011110011101101110100001
1000000000000000000000000000000000000000000000000000000000000000000000000000010000010000100001001111100100101001001001010101111011101111000101100010101110011111111000111011011111011000010101011111101110011011000001100001111000111011111110101000000001101010
0000000000000000001000000000000000000000000000000000000000000000001000000000000010000010101001010001001011111111011110010111101011101011111111111110111100101001001111011110111101100010010000100101110111101101110101110111111100101001100111111010101111101011
0000000000000000000000000000000000000000000000000000000000000000000001000000000000100001010010101010000010000010101100110001110000100110111010111101000011110011110101111001000011111100111011100011010010001111001100000011010010110101001010110010000111100001
0000000000000000100000001000010000000000000000000000000000000000000000000010100001000110110011111100101010101111001010011000100011100111011010011101101111111100111000100111101010010101011011101000110111110111111110101111111111001111110110101110110100101110
1000000000000000000001000000000000000100000000000000000000000000000000000000010000000110001100011110001111110000010110001111101010100010100100011110010100010001011001111101110100001001000100011111110000010100101001101010100001000001110011111011111111111100
0000000000000000000000000000000000000000000000000000100000000100000000000000000010001000000001010100101011001001101000100101101001100101011111110101100101110100100000100101001101111111010110111000110111011111011110001111010111101110101110101100100111101011
1000000100000000000000000000000000000010000000000000000000000000000000000001000000000000000000100000110110110011010111000000011010010000011101000110101000110101010111111011010000011101010011010010111011000111101111011001110101000001111011100110001101101111
1000000000000000001000000000001000000000100000000000000000000000010000000110001000000101101001101000101110001011011010101100011110001110011110101110111010010111111110111111110111011000011101111111001001100110011110101101100100101011101100111110101000101000
0000000100000000000000000000000000000000000000000000000000100000000000000000000000110001000000000010100010000110000011101001010100111000010000001111011111011010100001001001001101100100110011000001100011000110011010111101011110001000010001110100111010100010
0000000000000000000000000000000000000000000000000000000000000000000000010000000110000100100000011010011101101000111101111001110111111010010100111111111110000111011101111111111111111011001101011101101011111010110011011011001001100010000001110101000010001000
0000000000000000000000000000000000000000000000000000000000000000000000000001001100001000000000010001000001000000000001010100111010010101100001100110111010111110010010000010000011010001111100001110110001000010011101000011000110000101000100010000000000000000
0000000000000000000000000000100000000000000000000000101000100000000000000000001000000001100010110110101111101001110010000010101110100000111000111010100100010001011101010011111110011001110001010011100010000000101011000000000100000000000000000000000000001000
0000000000000000000000000000001000000011000000000000000000000000000000000000000000000000110000001100110001010001000101010000010111011010010001101000100000100011001100001010111000000110001000110010000001001110000000010000001000000000001001001000101000000000
0000000100000000000100000010000000000000000000000000000000001000000000000000001001010101000110000101000011111110100110100100001111000010010001111111100101101110111000010100100000001010101000000100010000000100100000001000100001100010000010101000000000000000
0000000000000000000000000000000000000000000000100000000000000000000000000000100010000000110000000000100000000001000001010000100000000101000000000100100000010000000010000000000000000000010000000000000000100001000000000000000000000000000000000000001000000000
1000000000000000000000000000000000000000000000000010000000000000001010000000000000010000000000000000000000000010000000010000000000000001000000001000000000000010000000000000000010000000000000000000000010000100000000000000100010010000000001000111000001000000
0000000000000000000000000000000000000000000000000000000010000000000000000010000000000000000000000000000000000000000000001000000000000010001000010000000001000010000000000000010000000110000000000010001010100000000000000000000000000000010000000000010100000000
0000000000000000000000000000000000000100000001000000000000000000000000000100010000000000000000000000010000000000001000000000001001000000010000000000000100000100000000000010000000001000000000000010000000001001000000000000000000000000000000000001101100000010
0000000000000000000000010000001000000000000000000000000000000000000000000000000000000100000000000000000000010000000010100001000010000000000000000000010000000110000010000000000000000000000000000000000000000000000010000000000000001000000000010000000000000000
0000000000000000000000000000000000000000000000000000000000000000000000000000000000000000000010000000000000000000000000000000000100000000000000000000000000001100010000100001000010000000001000000010100000000100010000000010000000000000000000010000110001000000
0000000000000000000000000000000000000000000000000000000000000000000000000000000000000000000100000001100000100000010000000000100100000000000000000000001000000000000001000000010000000000000000001000100100000000000000000000000001100000000000000000000000000000
0000000000000000000000000000000000000010000000000000010000000000000000000000000001000000010000000000010000000000000110000000000000000000000010000000000000010000100000001000000010000000000110000001100000000001001000100011001000000100000000000000000000000000
0000000000000000000001000000000000000000000000000000000000000000000000000000000000000000000000000100000000000000000100000000000000000000000000000000000000000000000000100100000010000000010000000000000001001000000000000000000001000000100000000000000001000000
0000000000000000000000000000000000010000000000000000100000000000000000000000000000000100000110000000000000000000100000000011000001110000000000111001001001100000100001000000000100000100000010000001100001010000000010000100001100000000000000100000000000000000
0000000000000000000000000000000000000000010000000000000000000000000000000000000000000000010000000001000000000000000001100001000000000010000000000000100000001000000101011000000000000010000110000000100001000000000000000000000000000000000000000000000000011110
0000000000000000000000000000000000000000000000000000000000000000000000000000000000010000000000000001000000000000010000000001000000100000010000000001011000000000010000100000010001000011100010000010000000000000010000000000000000100000000000100000010000100000
1000000000000000000000000000000000000000000000000000100000000000000000000000000000000010000000000000000000000000000000000000000000000000000000000000000000001000000010000000000100000000000000001000000000000100000000000000000000000000000100000000100000000000
1000010000000000000010000000000000000000000000000000000000000000000000000000000000001001000000000000000000000000000010000000000000000000001000000100001001000000000001000000000000000000000000000000101000010000000010000010000000101010000010000010000000100010
1100000000000000000000000000000000000000000000000000000000010000000000000000000000000000000000000000000000000000000000000000000000000000100000000000000000000000000000000000000000000000000110010000000000000000000010000010000011111100001101100010000000100001
0000000000000000000000000100000000000000000000000000000000000000010000000000001000000000000000000000000000001000000001000000000000000011001100000000000000100000000001001000000000010010001000000001000011100001110000100101100111111011111101111011000111001011
1100000000000000000000000000000000000000000000000000000000000000000000000000000000000000000100000000000000100100000000010010000010000000000000100000001001000000010010100000000000000000000001100100100000101010011010001010001100100010100100011001010011101110
0000000000000000000000000001000000001000000000000000000000000010000000000000000000000000001000000000010000000000000000000000000010100000000000001000000000000001100000000000001000000001000100111111010111101011011110101110110111011100101100111010110101101111
1000000000001000000000000010000010000000000000000000000000000000010000000000000000000000010000000000000000000000000000000000000000010000000000100000000101100000010100001100011001010001000000111010101110110001010000011011000011110010010001111100011110000010
0000000000000000000000000000000000000000000000000001000000000000000000000000000000100000010000000000001000000010000000000010000001100010010110010100000100101101101111011001111011011001110011111110101101111111001110010010111100111110111111011011001010101011
1000000000000000000000000000000000000000000000000000000000000000000000000000000000000000000000010000000010000000000000000001000000000010100110001001010011111100110001101000001000000011001100001101011001011110010100001011101110010010010110111000101011111110
0000000000000000000000000000000000000001000000000000000000000000000000000100001000001000000000000000000000000000000000001000000100100000000111001101001011011111111110001101111011110011101001000111000111111010101111101110101100110110011110101110111110101110
1000000000000000100000000000000000000000000000000000000000000001000000000000000000000000000010000001000000000000011000001101100001100000001010110000010100101110001011010101011100100000110101101110010110011110110000100100110110011010000011000010010010001001
0000000000000000000000000000010000000000000001000000000000000100000000000000000000000001000000010011001000000111101010100101001101011100100100110001100101000011110001011011111111111010011011011101101000110011001110011001101111101110111111111011111111011110
1000000000000000000000000000000000000000000000000000000000000000000000110001000000010001000100000000001001010011001001000101011001000001111011011101000110100101011011101010000010000000100001110000001000111001000110101000010011010101000010100011011000001101
0000000000000000000000000000000000000000000000000000000000000000000001100000000000101111011010101101010110110001111001100100101100110110000110100101000101001100100110111011101011101110111111111011011100110110011111111101101111001001011111110111101111011111
1000000000000000000000000000000000000000000000000000000000000010000000010110000000001001100101001101100011001000101100111111000111111100001101001100010110011110100011101011110101111100001110111100011000111101011010011000001010001001000100011101011011001011
0000000000000000000000000000000000000100000000000000000000000000010000000100010100000100001000010000011101111000010101011010011110011110010110000111111100011101100111111110101100110010011111110010001011111111101011101111101110101110111010101110111011100100
0000000000000000000000000000000000001000000000000000000000000100000010000000000000000000101001110101001010010001101111111110101011101010000100000000001001101000110000101101110011110001000011011010010000101000010100010001110010010010111000101111101010100000
1000000000000000000000000000000000000000000000000000000000000000000000010000000000101000010010000011001010111100011000111110101011111010101100011100101100101001101101100111001011111111100010011000111110100111111010110110100110110110110110111110111111010011
1000000000000000000000000000000000000000000000000000000000000000000010000000100000100000101000101100111001000111001001000001101101011011110001111111001010001001110000001110100001011010110100110011000011011111010110011110101010110100001100000000001001011100
0000000000000000001000000000000000000000000000000000000000000000000000010000111001100110000010010010101010011111111101110010101100111000101111111111001111010111111011101100111001111110111111101011111010011101010011111001011000010110101011111100110111101111
0000000000000000000000000000000000000000000000010000000000000000000000000010000000001000000100001101000111010011100011101100010010001001010001000001010101101101000000111011110111010100101000010111111110010100101010000011110010001010110110111000010100111100
0000000000000000000000000000000000000000000000000001100010000000000000000000000001011001110101110101011001011001011011111111110010010001110111000110111100110111111110001001100110111011101010111101110110101001111111010101100111111111111110110111101111101111
0000000000000000000000000000000000000000000000000001000000000000000000001001000000001010100000010101000010001011111101011110000101100001100001010100001101011101111001100110000101100101101111100110101011100011010011111010110011001000101111110001100101101101
0000000000000000000000000000000000000000000000000000000000000000000000100001000000001000101010010010111101000010011001111010111010001101011000001110111101101010111110101010011101110011011111001111111111110110011001011010110011010011100110010111011111100001
0000000000000000000000000000000000000000000000000000000000000000000000000000000000000000101001101001000000001110101111111111100101011000111011110010110111100110010010101001011111011111101000101010100100101111100101001001001010110011101101111010011011101101
0000000000000000000000000000000000000000000000000000000000000000000000000010000000000000011111100110011000111110011011101011111010010000111110111101011101100010100110110110110100111010111001101111011011010110101111111110001101111011011110111100100001100110
1000000000000000000000000000000000000000000000000000000000000000000000000000000100001100110000011001000010110101110010001000100100111111111001111111101000010111011100100001011000101000000000101000000010111000101010110000111000011001000101010010110100011010
0000000000000000000000000000000000000010000000000000000000000000000000000000001000010000001001000000010000101000010100111100001111101011111111001111111111111100001101100111001111110101000111111010010010011101111111111100101110111101101111111011011110111001
1000000000000000000000000000000000000010000000000000000000000000000000000010000000001000000010001100100111000111011000010000001010101000011000111100101110011110111001110010110011101111011000101000111111111101111100001111010101111000011000111001100110001101
0000000000000000000000000100000000010000000000000001000000000000000000000000000010000001110000100100110010001001111000010110111000111111100111010111100001011110001101111110111010011100101111011101000111110100111001001010111111111111111010111101111011110111
1000100000000000000000000000000000000000010000000000001000000000000000000000100001100000011000000110011100000110110000000011101111110100101011011101111000011111100001001000111101000011010111100100010111001010011110100101011000010010110001110011110010101000
0000001000000000000000000000001000000000000000000000000000000000000000000000000000000011000110110101011101101110110101011111101000101011110111011001110101011010010010111101011011101011110000110111111111111111111010100111100111110010110111010111111010011111
0000000100000000000000000000000000000000010000000000010000000000000000000000000000000111011001001000000001010100010100100000100011111000010101101010101100010010010111011110011110001000110000101010110101111100101011010100100110000001101000010100110000011110
1000000000000000000000000000000000000000000000000000000001000000000000000000000000000110000011101011010000111101100011111011001001101101111011111101000111110011111101111000100011111010111011111101110111101010111101000010011000010111101100110101010001111101
1000000000000000000000000000000000000000000000000000000000000000000000000000000000000000000000011010001011101000000000100001001101101000000000010100010000000100000010111101101100011101101111110100010011101010010101101010110110001101100100000110000000011011
0000000000000000000010000000000000000000000000000000000010000000000100000000001000000000101000001000001110110111110001101001110110111011011111111100110011000111010111111001010011011111111011111001110001111111000010111111110100101111101111101011111001010110
1000000000000000000000000000000000000000000000000000000000000000000000000001001000000001000110100110010000101001000010011001011100110011000000000100010001011100001111000100010101110010101101010111110111011100100011001111100011011111000011100110010011011100
0000000000000000000000000000000000000000000000000001000000000000000000010000000000000000111100100000000101100110111110001111011010111010100000110011000010101011111011110011110011110101111110001101011011110000000011111111011011111111101010001110110010100011
1000000000001000000000000000000000010000000000000000000000000000000000000000100000000000000000000001000100101100010110010110001101001100010011001100011101001111101100111111011011011110110000111110111101010110000010110111011000100111111000110110011000000100
0000000000000000000000000000000000000000000000000000000000000000000000010000100100000000000000100011101010000111100010101011111111100010011111111011100100100110010010111011101111101101011011111011010111111111011111011111000001011111101010111100111011111011
1000000000000000000000000000010000000000000000000000000000000000000000000000000000000000000000000100001000000100001010100101010001110000100010011111100110010011000100010101010011110100110001111010101010110010100110011101111000111011110000101011111011000000
1000000000000000000100000000000000000000000000000000000000000000000000000000000000000000000010011000000101000100000011110110101101111111010111111001111111110010111110111100101011111110100010111011011110110001110111111101111010111110111010110001111000110101
1000000010000000000000000000000000000000000000010000000000000000000000000000100000000000000001001010001001001000010010011000011011110010010110111010011101100011110000100011010101011100011010101000010110001010001111001101001101010111011101100000111000001100
0000000000000000000000000000000000000000000000000000000000000000000000000000000000001000010000010000110000000100100110111011110000111010101110111010111110110111111111111010110001100100111111101100110000110011111010101011111010111110001111010011111110011110
1000000000000001000000100000000000000100000100000000000000000100000010000000000000000000000000110000010000011110001111111000001001000100101011110101000010101111010001100001110111000001111101101000110011001111111011001110110100101101110011111001011010010000
0000000000000000000000000000000000000000000000000000000000000000000000000000000010000000000010000010000010000101000100111110110111111000110110011011111111100010111001101111111111110101111111001101111000101101111101111101011011101110001110101111111101011000
1000000000000000000000000000000000000100000000000000000000000000000000000010000000000000000000000000010001100011000111000000100001011100000100000100010100110101000110110101011011111000101101100100111110000101111100101010011001100110011101100001101001101000
0001000000000000000000000000000000000000000100000000000000000000000000000000000000000000000011001000101000110001110000100110000111011011010110101001101110111111011101101101101111101011000111100110111110100001101111101110101111101110111111011011100010111110
0000000000000000000000000001000000000000000000000000010000000000000000000000000000000000000000010010000010101100100110110001100100111001111111101110000111010011100110000101000111110110110110100011011011101110011011000011000110101000010111100001111011010011
0000000000000100000000000000000000000000000000000000000000000000000000000000000000000000000100000100101000001000100010100010001001111011011111001111111111010011111101101110111111101010111011110110111111011001100111011111011001010001111010101001011011101010
0000000000000000000000000000000000000000000000000000000000000000000000000000000000000000000000000000001000100010000010000010010101110000000011011100000111011100000100000010101111101011101011100111110000101100100111110000110001001110011100101011000010100010
0000000000000000000000000000000000000000000000000000000000000000000000000001000000000000010000000001100000101010110110010101000100001010001110000010011001101111111111011110111101011111101111111111101000111100110111110011100010011110001100111101110000010010
0000000000000000000000000000000000000010000000000000000000000000000110000000000000000000000000010000000000000000000010000011001011110010110111011000000010011000001111001110000000010010011010110110011101111110000011111110010100010110001010111001110010000110
1000000000000000000000000000000000000000000000000100000000000000000000000000000000000000000000000010010001011101100101110101111010011100011001100111110100110011010110101111011110101001100011111100011110000111011011001001101111010001110111111001111011111000
0000000000000000000000000000000000000000000000000000000000000000000000000000000000000000000000000000000100010000001000111011000001000010111100011011011101011000001001001110001010101100010011001101101010101111011100101000011000101100111101110001010000011000
0000000000000000000000000000100000000001000000000000000000000000000000000001000000000000000000000000000000000010000001001101000101110000100111001111101001101111000111111011001110001001101001101101101010111000010011111101111101001000001101010110001011110000
1000000000000000000000000000000000000000000000000000000000000000000000000000000000000000000000000001000000000000000000000000011001010100011001101111010010001000011100101101001110100000110001001010001111100010100010010110101110101001110001011101011001110010
0000000000010000000000000000000000000010001000000000000000000000000000000001000000000000000000000100010000000000010010000000011000100000110001110110100000011011111101110011110110101011111001100001010111111010111101001000110111011101111101010101101111101000
1000000000000000000000000000000000010000000000000000000010000000000010000000000000100000000000000000000000000000000001001000000010001010001101110010010010000111000011010101000011110000110010000010011000101000110001000100100100010110000000001010010110001000
0000000000000000000000000000000000000010000000000000000000000000000000000000000000000000000000000000000000000000000000101000100101100100110111110001001011110001010111101110110111111110111011011111101111111101011111101101100101001110010011100011110100000010
1000000000000000000000000000000000000000000000000000000000000000000000000000000000000000000010000000000000000000000000000000000000011001010001000010001110010000100000001001001001100000000111010011100100001100100110110110011111001010101010111000000001001000
1000000000000000000000000000000100000000000000000000000000000000000000000000000001000000000000000000000000000000000000000001010001000101010000000001100111000010100001111100101001100011111010100001110100001000100101001110101101000000010111001011001000100100
0000000000000000000000000000000000000000000000000000000000000000000000000000010100000000000000000000000000000000000000000000000000000000000000000001000001000001001010010000000010000000010100000001000000100000001000010000000100010001010000010000010000000000
0000000000000000000000000000000000000000000000010000000000000000000000000000000000000000000000000000100000000000000000000000010000100000000000010000000000000000001000000000010000000000000110001000000000000000100000001000000000000000001000000000000000000000
0000000000000000000000000000000000000000000000000000000000000000000000000000000100000000010000000000000000000000000000000000000001000000000100000000000000000000000000000000000000000000000100000000000000000000000000001000100010000000000100000000000000000001
0000100000000000000000000000000000000000000000000000000000000000000000000000000000000000100000010000000000000000000000000010000000000000000000010000000000010000000000000010000000000000000100100000010100001000000000000000000010010000100000000001000000010000
1000000000000000000000000000000000000000000000000000000000000000000000000000000010000000000010000000000000000000000000000000001000000000100000000000001000000000001000100100000000000010000000100100010000000000000000000000000100010000000000000000100000010000
0000000000000000000000000001000000000000000000000000000000000000000000000000000000000100000000000000000100000000000000000000000000000000000000000000000000000000000100000001000000000100000000000000010000000000000000000000000000000000000000100010000000000000
0000000000000000000000000000000000000000000000000000000000000000000000000000000000000000001000000000000000000000000000000000000000000000000000000000000000000000000000000000010000000000000000000000000010000000001000000010000000100000000000100000000000000000
1000000000000000000000010000000000000000000000000001010000000000000000000000000000000000000000000000000000000000000000000000000010000000010101000010011000000000000000000000000000000001010000000000100000000000000000000100000000100010000000000000000000000000
0000000000000000000000000000000000000000000000000000000000000000000000000000000000000000000000000000010000000000000010010000000000000000000010000100000010000100000000000000010010000100000010000000000000000000000000000000010000000000000000000000000000000000
0000000000000011000000000000000000000000000000000000100000000000000000000000000000000000000000010000001000000000000000000000000100000000000000000000000000000000001000000000000100000000000000000100000000000000000000000000000000000001001000000000000000100000
0000000000000100000000000000000000000000000000000000000010000000000000000000010000000000000010000000000000000000100000000000000000000000000001000000000000000000000000000000000000000000000000000001010000000000000000000000000100000000000000000000100000000000
0000000000000000000000000000000000000000000000000000000000000000000000000000000001000000000000000010000000000000010110000001000000001000000000000000100000000000000000000000000000000000000000000010000000000000000000000000000000010000000110000000000010000000
0000000000000000000000000000000000000000000000000000000000000000000110000000000000000000000000000000000000000000000000000100000000000000000000000000000000000000000000000000000000000000000000000000000000000000000000000000001000000000000000000000000100000000
0000010000000000000000010000000000000000000000000000000001000000000000000000000000000000000000000000000000000001100000000000000000000000000100000000000000000000000000101000000000000000000000000000000000000000000010000000000000101100000000000000000000000000
1000000000000000000000000000000000000001000000000000000000000000000000000001000000000000000000000000000000000000000000000000000000000001000000000010000000000000000000000000000000000000000001100000000000000100000001100000000000000010000000000000000000000000
0000000000000000000000000000000000000000000000000000000000000001000000000000000000000000000000000000000000000100000000000000000000000000010000000000000000001010000000000000000000000000000000000000000000000000000000000000100010000000000001100010001010000001
0000000000000000001000000000000000000000000000000000000000000000000000000000000000000000000000000000000000000000000000001010000000001000000000000000000100000000000000000000001000000000000000001000000100000000000000100000000001000000000000000000000000000000
0000000000000000000000000000000000000000000000000000000010000000010000000000000000000000000000000000000000000000000000000000000010000000000000000000010001000000000001000000000000000000000000000000000000000000000000000000001000000000000000000000000000001000
0000000000000000000000000000000000000000000001000000000000000000000000000000000000000000000000000000000000000000000000000000000000100000000000000010000000000000000000000000000000000000000000000000000000000000000000000000000000000000000000000000000001000000
0000000000000000000000000000000000000000000000000000000000000000000000000000000000000000000000000000000000000001000000000010010000000000001000000000000000000000000000000000000000000000000000100000010000000000000000000000000000000000000000000000010000000000
1000001000000000000000000000000000000000000000000000000000000000000000000000000000000000000000000000000000000000000000000010000000000000000000000000000000000001000000000100000000000000000000000000000000000000010000000000000000000000000000000000000000000000
0000000000000000000000000000000000000000001000000000000000000000000000000000000000000000000000000000000000000000000000000000000000000000000000000000000000100000000010000000000010000000000000000000000000000000000000000000000000000000000000100000100000000000
0000000000000000000000000000000000000000000000000000000000000000000000010000000000000000010000100000000000000000000000000000000000000000000001001000000000000000000000000000000000000000000000000100000000000000000000100000000000000000000000000000000000000000
0000000000000000000000001000000000000000000000000000000000000000000000000000000000000100000000000000000000000000000000000000000000000000000000000000000000000010000000000000000000000000000000000000001000000000000000000000100000100100000000000001000000000000
0000000000000000001000000000000000000000000000000000000000000000000000000000000000000000000000000000000000000000010000000000000000010000000101000000000000000000000000000000000000000000000000000001000100000000000000000000000000000000000000000000000000000000
0000010000101100000000000000000000000000000000000000000000000000000000000000000000000000000000000000000000000000000000000000000000000000000000000000010000000000000000000000000000000000000000000000010000000000000000000000000000000000000000000000000000000000
0000000000000000000000000000000000000000000000000000000000000000000000000000000000000000000000000000000000000000000000000000000000000000000000000000000000000000001000000000000000000000000000000000000000000000000000000000000000000000000000000000000000000000
0000000000000000000000000000000100000000000000000000000000000000000000000000000000000000000000000000000001000100100000000000000001000000000000000000000000000000000000000000000100001000000000000001000000000010000000000000000000000010000111000000000000000000
0000000000000000000000000000000000000000000000000000000000000000000000000000000000000000000100000000010000000000000000000010000000000000000000000000000100000000000000000000000000000000000000000000000000000000000000000000000000000000000000000100000000000000
0000000000000000010000000000000000100000000000000000000000000000010000000000000000000000000000000000000000000010000000000000000000000000000000000000000000000000000000000001100000000000000000000000000000000000000000000000000000000000000000001000000000000000
0000000000000000000000000000000000000000000000000000000000000000000000000000000000000000000000000001000000000000000000000000000000000000000000000000000000000010000000000000000000000000010000000000000000000000000000000000000101000000000000000000000011000000
0000000000000000000000000001000000000000000000000000000000000000000000000100000000000000010000000000000000000000000000000100000000000000001000000000000000000000000000000000100000000000000000000000000000000000001000000000000000000000000000000010010000000000
0000000000000000000000000000000000001000000001000000000000000000000000000000000000000000000000000000000000000000000000000100000000000000000001000000000000000000100000000000000000000000000001000000000000000000000000000000000000000000000000000000000000000100
0000000000000000000000000000000000000000000000000000000000000000000000000000000000000000000000100100010000000000000000000000000000000000000000000000000100000000001000000000000000000000000000000010000010000101000000000000000000000000000000000000000000000000
0000000000000000000000000000000000000000000000000000000000000000000000000000000000000000000000000000000000000010000000000000000000000001000000000000010000000000000000000000000000000000000000000000000000000000000000000010000000000000000000000000000000000000
0000000000000000000000000000001000000000000000000000000000000000000000000000010000000000000000001000000000000000001000000000000000000000000000000000000000000000000000000000000000000000000000000000000000000001000000000010000000000000000010000000000000000000
0000000000000000000000000000000000000000000100000000000000000001000000000000000000000000000000000000000000000000000000000000000000010000000000000000001000000000000000000000000000000000000000000001000000000000000000000000000000000000000000000000000010000000
0000000000000000000000000000000000000000000000100000000000000000000000000000000000000000000000000100000000000000000000100100000000000000000000000000000000000000000000000100000010000000000000010000000100000000000000000000000000000000100000000000000000000000
0000000000000000000000000000000000000000000000000000000000000000000000000000001000000000000000000000000000000000000000000000000000000000000000000000000000000000000000000000000000000000010000000000000000000010000000100000000000000000000000000000000100000000
0000000000000000000000000000000000000000000000000000000000000000000000000000000000000000000000000000000000000000000000000000000000000000000000000000000000000000000000000000000000000000000000000010000000000000000000000000010000010000000000000000000000000000
0000000000010000000000000000000000000000000100000000010000000000100000000000000000010000000000000000000000000000000000100000000000000000000000000000000000000000000000000000000000000000000000000000000000000000000000000000000000100000000000000000000000000000
0000000000000000000000000000000000000000000000000000000000000000000000000000000000000000000000000000000000000000000000000000000000000000000000000000000000000000000000000000000000000001000000000000000000010000000000000000000000000000000000000000000000000000
0000000000000000000000000000000000000000000000000000000000000000000000000000000000000000000000000000000000000000000000000000000000000000000000000100000000000000000000100000000000000000000000000000000000000000000000000000000000000000001000000000000000000000
0000000000000000000000000000000000000000000000000000000000000000000000001000000000000000000000000001000100000000000000000000000000000000000000000000000000000000000000000000001000000000000000010101000000000000000000000000000000000000000000000000001000000000
0000000000000000000000000000000000000000000000000000000000000000000000000000000000000000000000000000000000000000000000000000000000000000000000000000000000000000000000000000000000000000000000000010000000000000000000000000000000000000000000000000000000000000
0000000000000000000000000000000000000000000000000000000000000000000000000000000000000000000000000000000000000000001000000000000000000000000010000000000010010000010100000000000100000000000000000000000000000001000000000001000000000000000000000010000000000000
0000000000000000000000000000000000000000000000010000000000000000000000000100000000000000000001000000000000000000000000000000000000000000000000000000000000000000000001000000000000000000000000001000000000000000000000000000000000000000000000000000000000010000
0000000000000000000000000000000000000000001000000000000000000000000000000000000000000000000000000000000001000000000000000000000000000000000000000000001000010000010000000000000000000000000000000000000000000000000000000000000000000000000000000011000000001000
0000000000000000000000100000000100000000000000000000000100000000000000000000000000000000000000000000000000000010000000000000000000000000000000000100000000000000000000000100000000000000000000000000010000000000000000000000010000000000000000000000000000100000
0000000000000000000000000000000000010000000000000000000000000000000000000000000000000000100000000000000000000000000000000000000000000000000000000000000000000100000000000000000000000000000000000000000000000000000010100000000000000000000000000000000010000000
0000000000000000000000000000000000000000000000000000000000000000000000000000000000000000000000000000000000000000000000000000000000000000000000000000000000000000000000000000000000000000001000000000000000000000000000000000000000000100000000000000000000000000
0000000000000000000000000000000000000000000000000000000000000000010000100000000000000000000000000000000000000000000010000000000000000000000000000000010000000000100000000000000000000000000001000000000010000000001000000000010000000000000000000000010000000000
0000000000000000000000000000000000000000000000000000000000000000000000000000010000000000000000000000000000000000000000000000010000000001000000000000000000000000000000000000000000000000000000000000000000000000000000000000000000000000000001000001000000000100
0000000000000000000000000000000000000000000000000000000000000000000000000000000000000000000000101000000100000000001000001000001000000000000100000000000000000010000000000000000000000000000000000000000000000000000000000000000000000000000000000000000000000000
0000000000000000000000000000000000000000000000000000000000000000000000000000000000100000000100000000000000000000000000000000000000000001000000000000000000000000000000000000000000000000000000000100000000000000000000000000000000000000000000000000000000000000
0000000000000000000000000000000000000000000000000000000000000000000000000000000000000000000000000000000000001100000000000000000000001000000000000000000000000000000000000000000000000000000000000000000000000000000000000000000000000000000000000000000000000000
0000000000000000000000000000000000000000000000000000000000000000000000000000000000000000000000000000000000000000000000000000000000000001001000000000000000000000000100000000000000000000000000000010000000001000001000000000000000000000000000000010000000000000
0000000000000000000000000000010000000000000000000000001000000000000000000000000000000000000000000000000000000000000000001001000000000000000000100001000000001000000000000000000000000010000000000000000000000000000000000000000000000100000000000000000000010001
0000000000000000000000000100000000000000000000000000000000000000000000000000000000000000000000000000000000000000000000000000000000000000000000000000000000000000010000001000000000000000000000000000000000000001000000000000000000000000000000000000000000000000
0000000000000000000000000000000000000000000000000000000000000000000000000000000000000000000000000000000000000000000000000000000000000000000001000000000000000000000000000100000000000000000000000000001000000000000000000000001000000000000000000000000000000000
0000000000000000000000000000000000000000000000000000000000000000000010000000000000000000000000000000000000000000100000000000000000010000100000000000000000000000000000000000000000000000000001000000000000000001000000000000000000000000001000000000000000000000
0000000000000000000000000000000000000000000000000000000000000000000000000000000000000000000000000000000000000000000000000000000000001000000000000100000000000000000000000001000001000100000000000000000000000000000100000000000100000000000100000000000000000000
0000000000000000000000000000000000000000000000000000000000000000000000000000000000001000000000000000000000000000100000000000000000000000001000000000000000000000000000000000000000001000000000000000000000000010000000000000000000000000000000000000000000000000
0000000000000000000000000000000000000000000000000000000000000010100000000000000000010000001000000001010000000000000000000000010100000000000000000000000000000000000000010000000000000000000000000000000000000000000000000000000000000000000000000000000000000000
0000000000000000100000000000000000000000000000000000000000000010000000000000000000000000000000000000000000000100000000000000000000000000000000000000000000000000000000000000000000000000000000000000000000000000000000000000000000000000000000000000000000000000
0000000000000000000000010000000000010000000100000000000000001000000000000000000001000000000000000000000010000000000000000000000000000000000000000000000000000000000000000000000000000000000000000000000000000000000000000000000000000000000000000000000000000100
0000000000000000000000000000000000000000000000000000000000000000000000000000000000000000000000001000000000000000000000000000000000000000000000000000000000000000000000000000001000000000000000000000000000000001000000000000000000000000000000000000000000000000
0000000000000000000000000000000000000000000000000000000000000000000000000000000000000000000000000000000000000000000000000000000000000000000000000000000010000000110000100001000000000000000000000000000000000000000000000000000000000000000000000000000000000000
0000000000000000000001000000000000000000000000000000000000000000000000000000000100000000000000000000000000000000000000000000000000000000100000000000000000000000000000000000000000000000000000000000000000010000000000000000000000000000000000000000000000000000
0000000000000000000000000000000000000000000000100000000000000000000000000000000000000000000000000000001000000000000000001000000000010000000000000000000000000000000000000000000000000000000000000000000000000000000000000000000000000000000000000000010000000000
0000000000000000000000000000000000000000010000000000000000000000000000000000010000000000000000000000000000000000000000000000000000000000000000000001000000000000000000000100000000000000000000000000000000000000000000000000000000000000000000000000000000000000
0000000000000000000000000000000000000000000000000000000000000000000000000000000000000000000000010000000000000000010000000000000000000000100000000000000000000000000000000000000000000000000000000000000000000000000100000000000000000000000000000000000000000000
0000000000000000000000000000010000000000000000000000000000000000000000000000000000000000000000000000100000000000100000000000000000000000000000000000000000000000000000000000000000000000000000100000000000000000000010000000000000000001000000000000000000000000
0000010000000000000000000000000000000000000000000000000000000000000000000000000000000000000000000000000000000000000000000000000000000000000000000000000000000000000000000000000100000000000000000000000000000000000000000000000100000000000000000000000000000000
0000000000000000000000000000000000000000000000000000000000000000000000000000000000000000000000010000000000000000000000000000000000000000000000000000000000100000000000000000001000100000001000000000000000000000000000000000000000000000000000000000000000100000
0000000000000000000000000000000000000000000000000000000000000000000000000000000000000000001000000000000000000000000000000000000100000000000000000000000000000000000000001000000000000000000000000000000000000100000000000000000000000001000010000000000000000000
0100000000000000000000000000000000000000000000000001000000000000000000000000000000000000000000000000000000000010000000000000000000000000010000000000000000000000000000000000000000000000000000000000000000000000000000000000000000000000000000000000000000000000
0000000000000000000000000000000000000000000000000000000000000000000000000000000000000000000000000000000000000000000000000000000000000000000000000000000000000000000000000000000001000000000000000000000000000000000000000000000000000000000000000000000000010000
0000000000000000000000000000000000000000000000000000000000000000000000000000000000000000000000000000000000000000000000000000000101000000000000000000000000000000000000000000000000010000000000000000000000000000000000000000000000000000000000000000000000000000
0000000000100000000000000000000000000000000000000000000000000000000000000000000000001000000000000000000000000000000000000000000000000000000000000000000001000000000000000000000000000000000000000100000000000000000000000000000000000000000000000000000000000000
0000000000000000000000000000000000000000000000000000000000000000000000000000000000000000000000000000000000000000000000000000000000000000000000000000000000000000000000000000000000000000000000000000000000001000000000000000000000000000000000100000001000000000
0000000000000000000000000000000000000000000000000000000000000000000000000000000000000000000000000000000000000000000000000000000000000000000000000000000000000000000000010000000000000000000000000000000000000000000000000000010000000010000000000010000000000000
0100000000000000000000000000000000000000000000000000000010000000000000000000000000000000000000000000000000000000000000000000000000000000000000000001000000000000000000000000000000000000000000000000000000000000000000000000000000000000000000000000000000000000
0000000100000000001000000000000000000000000000000000000000000010000000000000000000000000000000000000000000000100000000000000000000000000000000100000000000000000000000000000000000000000000000000000000000000000000100000000000000000000000000001000000000000000
0000000000000000000000000000000000000000000000000000000000000000000000000000000000000000000000000000000000000000000000000000000000000010000100000000000000000000000000000000000000000000000000000000000000000000000000100000000000000000000010000100000000000000
0000000000100000000000000000000000001000000000000000000000000000000000000000000000000000000000000000000000000000000000000000000000000000000000000000000000000000000000000000000000000000000000000000000000000000000000000000000100000000000000000000000000000000
0000000000000000000000000000000000000000000000000000000000000000000000000000000000000000100000000000000000000000000000000000000000000000000000000000000000000000000100000000000000000000000000100000000000000000000000000000000000000000000000000000000000010000
0000000000000000000000000000000000000000100000000000001000000000000000000000000000000000000000010000110000000000000000000000000000000000100000000000000000000000000000000000000000000000000000000000000000000000000000000000000000100000010000000000000000000000
0000000000000000000000000000000000010000000000000000000000000000000000000010000000000000000000000001000000000000000000010010000000000000000000000000000000000001000000000000000100000000000000000000000000000000000000000000000000000000000000000000000000000000
0000000000000000000000000000000000000000000000000000000000000000000000000000000000000000000000000000000000000000000000000000000000000000000000000000000000000000000000000000010010000000000000000100000000000000000000000000000000000000000000000000000000000000
0000100000000000000000000000000000000000000000000000000000000000000000000000000000000000000000000000000000000000000000000000000000000000010000000000000000000000000000000000000000000000000000000000000000000000000100000000000001000000001000000000100000000000
0000000000000000000000000000000000000000000000000000000000000000000000000000000000000000010000000000000000000000000000000000000000000000000000000000000000000000000000000000000000000000000000000000000000000000000000000000000000000000000000000000000000001000
0000000000000000000000000000000000000000000000000100000000000000000000000000000100000000000000000000001000000000000000000000000000000000000000000000010000000000000000000000000010000000000000000000000000000000000000000000000000000000000000000000000000000000
0000000000000000001000000000000000000000000000000000000000000000000000000000000000000000000101000000000000000001000000000000000000000000000000000001000000000000000000000000100000000000000000000000000001000000000000000000000000000000000000000000100000000000
0000000000000000000000000000000000000000000000000000000000000000000000000000000000000000000000000000000000000000000000000000000000000000000000000000000001000000000000000000000000000000000000000000000000000000000000000000000000000000000000000000000000000000
0000000000000000000001000000000010000000000000000000000000000000000000000000000000000000000000000000000000000000000000001000000000000000000000000000000000000000000000000000000000000000000000000000000000000000000000000000000000010000000000000000000000000000
0000001000000000000000000000000010000000000000000000000000000000000000000000000000000001000000000000000000000000000000000000000000001000000000000000000000000000000000000000000000000000000000000000000000000000000000000000000000000000000000000000000000000000
0000000000000000000000000000000000000000000000000000000000000100000000100000000010000000000000000000000010000000000000000000000000000000000000000001000000000000000000000000000000000000000000000000000000000000000000000000000000000010000000000000000000000000
0000000000000000000000000000000000000000000000000000000000000000000000000000000100000000000000000000000000000000000000000000000000000000000000010000000000000000000000000000000000000000000001000000000001000000000000000000000000000000000000000000000000000000
0000000000000000000000000000000000000000000000000000000000000000000000000000010000000000000000000001000000000000100000000000000000000000000000000000000000000000010000000000100000000000000000000000000000000000010000100000000000000000000000000000000000000000
0000000000000000000000000000000000000000000000000000000000000000000000000000000000000000000000001000000000000000000000000000000000000000000000100000000000000100000000000000000000000000000000000000000000000000000100000000000000010000000000000000000000000000
0000000000000000000000000000000000000000000000000000000000000000000000000000000000000000000000000000000000001000000000000000000000000000000000000000000000000000000000000000000000000000000000010000000000000000000000000000000000001000000000001000000000000000
0000000000000000000000000000000000000000000000000000000000000000000000000000000000000000000000000000000000000000000000000000000000000000000000000000000000000000000000000000000000000000000000000000000000000000000000000000000000000000000000010000000000000000
0000000000000000000000000000000000000000000000000000000000000001001000000000000000000000000000000000000000000000000000000000001000000000000000000000000000000000000000000000000000000000000000000000000000000000000000000000000000000000000000000000000000000000
0000000000000000000000000000000000010000000000000000000000000000010000000000000000000000000000000000000000010000000000000000000000000000000000000000000000000000000000000000000000000000000000000000000000000000000000000000000000010000000000000000000000000000
