0000000000000000000000000000000000000000000100000000000000000000000000010000000000000000000000010000000000000000000000000000000000000000100000000000000000000000000000000010000000000000000000000000000100010000000000000000000000000000000000000001001000100000
0100000100000000000000100000000000000000000000000000000000000000000000000000000000000000000000000000000000000000000000000000100000000000000100000000000000000000000000000000000000000000001000000000000000000000000000000000000011100000000000000100000000000000
0000000000000000000000000000000000100000000000000000000000000000000000000000000000001000000000000001100000000000000010000000000010000000000000000010000000000000000000001000100000000100010000000000000000000000000000000000000000000000000000000000000000000000
0000000000000000000000000000000000000000000000000000000000000000000000000000000000000000000000000000000000000000000000000000000000000010010000010000000000100000000000000000000000010000000000000010000000000000000000000000000000000000000000000000010010000000
0000000000000000000000000000000000000000000000000000000000000000000000000000000000000000100000000000000000000000000000000000001000000010000011001001000000000000000000000000000000000000000000000000000000110000000000000001000000000000001000011000000100000000
0000000000000000000000100000000100000000000000010000000100000001000001000000000101000000000001000001000000001000000000000000000000000000000000000100100000000001000000000000000000000000000000000000000000000000000000100000000000000000000010000000010000000000
0000000000000000000000000000000000000000000001000000000000000000000000000000000000000000001001000000000000000000000000000001000100000000010000000000000000010000000000000000000000000000000000000000000000100000000000000100000000000000000000000001000000000000
0000000000000000000000000000000000000000000000000000000000000000000000000000000000000000000000110000000000010000000000000000000000000000000000000000000000000100000000000000000000000000000000000000100000000000000000000000001000000100000010000000000000001000
0000000000000000000000000000000000000000000000000000000000000000000000000000000000000000000000100000000000000000000000000010000000000000000000000110000000000001000000101000000100000000000000000000100000000010000000000000000000000000000000000100000000000000
1000000000000000000000000000000000000000000000000000000000000000000000000000000000010000000000000000000000000000000000000000000000000000000000000000000000000000000000000000010000000000000010000000000000000000000000000000001000000000000000000011000010010000
0000000000000000000100000000000000000000000000000010000100000000000000000000000000000000000000000001000000000010000000000000000110000000000000010000000000100000000100000000000000000001001000000000000000000000000001100000000000000100010101000000000000000000
0000000000000000000000000000001000000000000000000000000000000000000000000000000000000000100000000000000100000000000000000000000000000000000000000000000000000000000000000000000000000100000000000000000000000000000000000000000000010000001000000000000000000000
0000000000000000000000000000000000000000000000000000000010000000000000000000000100000000010000001000000000000000000000100000000000000000000010000000000000010000010000001010000001000000000000000000000001101000001001000000000000000000001000000000110000010000
0000000000000000000000001000000000000000000000000000100000000000000000000000000000000000000000010000000000000000000000000000000000000000000000010000001000000000000000000000000000000010010000000010000000000000000000000000000010000001100000000000000000000000
0000000000000000000000000000000000000000000000001010000000000000001000001001000000000000100000000000000000010010001001000000000000000001000000000000001000011000010000000000000000000000001000000000000000000010001000000000100000001000100000000000000010001000
1000000000000000000000000000000000000000000000000000000000000000000000000000000000000000000000000000000000000000000000000000000000000000000000001000000000001000010000000000000000100000000000000000000100000000000000000000000000000000001000000000000010000010
0000000100000000000000000100000000000000000000000000000000000000000000000000000000000000000000000000000000011000000000000000000000000000000000000000010011000000000000000000000000010000000000001010001000010000100000000000001000000000000000000000101000000000
0000000000000000000000000000000000000000000000000000000000000000000000000000000000001000000000000000001000010000000000000000000000100000000000100000000000000000000000000010000000100000000000000000010000010000000000001000010100000000000000000000001000000100
0000000000000000000000000000000000000000000000000000000000000100000000000100000000000000000001100000000000010100100000000000010000000000000000000000000000000000000111100000000000010000000000000000100000010000000011000000001000000000000000000000000010001000
0000000000000000000000000010000000000000000000000000000000000000000000000000000000000000000001000000000000000000000000000000000000000000000000000000000000000011000000000000000000000010000000100000000000001000001000000000000000000000010000000000100000000000
0001000000000000000000000000000110000000000000000000100000100000000000000001000000000000000000000000000000000000000000000000010000000000000000000000000100000101000001010000000000010001000000100000000000000000000001000110000000000000000000010001001000000100
0000000000000010000000000000000000000000100000000010000000000000000000000000000000000000000000000000000000001000100000000000000000000000000000000000000000000000000000000000000000100000000000000000000010000000110000000000100000001000000000000000000000000000
0000000000000000000000000000000000100000000000000000000000000000001000000000000000000001001100010000000000000000000000000000010000000000000000000000000000000000101000000000000000000001000000000000000000000000100000100010000000001000010000000010001000000100
0000000000000000000000000000000000000000000001000001000000000000000000000000000000000000000001000000000000000000000000000000000000000000001000000000000000000000001000000000010000001000000001000100000000000001000000000000010000010000000100000000000000000000
0000000000000000010000000000000000000000000000000001000000000000000000000000000000000100000100000100000000001000000000100000000000100100000010000000010100000000001000010100000000000000000100001000000000010000000001100110000100000110000000000000000100000000
0000000000000000000000000000000000000000000000000000000001010000000000000000000000010000000000000000000000000000000000000000000000100000000000000000010000000000000000000000000001001000000000000000000000000000010000000000000000000000000010011000000000100000
0000000000100000000010000000000000000000000000000000000000000000000000000000000000000001000000000010000000001000000000000000011000000000000000000000000011000000000000101000100001010000000000000000000000000000000000001000000000010001000101000000000010000000
0000000000000000000000000000000000000000000000010000000000000000000000001000000000000000000000000000000000000000000000000000000001000000010000000000000001000100100000000000001000000000100100000000000000010000000000000100000000000000000000001000100000000000
0000000000010000000000000000000000000000000000000000000000000000000000000000000001000000000000000000001000010000001000000000000000101000000000000000010000000000001000000000000001000000000000000001100000000000000000000000000000000000000000000100000000000000
1000000001000100000000000000000000000000000000000000000000000000000000001000000000000101000001000000000000101000001000000000000001000000000000000000001000000000000100001000101111111010100100001100011000000110011100000000000000000101101000001100010000100000
0000000000000000000000000000000000000000000000000000100000000000000000000000000000000000000000000000010001000000100000000000000000000000100010000000000000011001001100101000000101001111111000001000111010110011010010100110100000100000000000011000000001001000
1000000000000000000000000000000000000000000000000000000001000000000000000000000000010000000000000100001000000000000000000000000000000000000000000010000001100101101000001110000101100100100111001000110011001010001101000010101011000001000010000000100001000000
0001000000000000000000000000000001000000000000000000000000000000000000001000000000000000001000000000000000000000000000000000000000000000001010000110010001000111111001110111100001101101011100110010001100110100010100011101100110010010010101100100001010010001
0000000000000000000000000000000000000000000000000000000000000000000000000000000000000000000000100000000000000000000000000000000000100000001010000100001110010010110111001111001111100100110000010100010111001100111011101101100111011000100010011001000001000000
0000000000001001000000000000000000000000000000000000000000000000000000000000000000000000000000010000000011000000000000000000011000000110000010001000101110110111000011110001011101011111111111110100100110001000100011110001100111100110010000011111111100100100
0000000000000000000000000000000000000000000000000000000000000000010000000000000001000000000100000000000001000000000000000000000010111010001100001010001000101111111100010000110110000101100001110111011110100001010100000011011110000111110010101100010000001110
0000000000000000000000000000000000000000000000000000000000000000000000000000000010001000000000000001111110100010000000010000100001010100000101011111110110011000111110010011101101100110010111100101101010010111110111101000111100101010101100100001100100110111
0000000000000000000000000000000000000001000000000000000000000000000000000000000000000000100000000000000000000000001000110000001000100100101000010010001001000011011101100110100001000000110100101001101110100111001001001010101101101100101011001110001001100011
0000100000000000000000000000000000000000000000000000000000000000000000000000000010010000000010000000000000000000100010011000100000011100111110101100101101101100010100110110100011111011101110101110101101110100011011111101011100000001100110100001111011010010
1000000000000000000000000000010000000000000011000000000000000000000000000000000000001101000000000000000010000000101000000000111101001010011001010001000011111000001010100001000010010110010101000111011100111110110011101001101000011001000111111011010111110111
0000000000000000000000000000000000000000000000010000000000000000000000000000100000000000000001000011100100000100100100101100101001001101010111111110101011001011111010111001000110111010011110010001111101011111101100110111110111001100110110110101011101001011
1000000000000000000000000010000000000000000000000000000000000000000000000000000000000000000000000010111000000010110001100011100111010011001011100000001010011110100000111110111101011000011111110011111001000111111101110001000011001000101100100111111001110010
0000000000000000000000001000000000000000000000000000000010000000000000000000000000000000000000000000011101001000000010100000001100111110011001000001010010010011110101110110001011101110001111011010100011110101011011111100011111001110111111111110111111101001
1000000000000000000000000000000000000000000010000000000000000000000000000000000001000100000000000100001100000000010000111100100000101111100011100100100100100000010001000000110010111101000101110000110010101011011110011101010110100011100101110000101111101010
0000000000000000000100000000100000000000000000000000000000000000000000000000000110010000000000010010100010011000001111001110011100111010100110110011101110001011101110011010111110101011110111100011111110110111011111111010111100111101011010101111110111000011
1100000000000000000000000000000000000000000000000000010000000000000010000000000000010010000010001000100000001010110000100011001100110001001101100110000010001100011100010111111110001101010110011101101100110111110111110001011111101010001001111001010000011110
1000000000000000000000000000000000000000000000000000000000000000000000000000000000000000000000010000100110011010111110101111001111111001111001100101001011111110111000100011110111111110011011100110111111001110101101101101011001100100011010111101111011110110
1000000000000000000100000000000000001000000000000011000000000000100000000000000000000000000000000000000111010010000100010000011101000011010010111101110101010011001111001001000101110100001001000011000000110011110111111110000100011100111101010010101010001111
0000000000000000000000000000000010000001000000000000000000000000000000000000000000000000011000011000000110110100100000110011001011110111111011111101111101111111101101010001111100011000111010101000101010100100101110111111111011100101011110010111001101011001
1000000000000000000001000000000000000000000000000000000000000010000000000001000000001000000000001010010011001001000010100111110011100110100001000010011010101100011011111101000101001110100010100110101000001000001101011010101110100100111000111001100011011011
1000010000000010000000000000000000000000000000000000010000000000000000000000010100000000000000000110001010011110011011101000011001111100110111011100001110001001001111110011101101011010001011101011111101101011111111011010011111110110110011010111110111110001
1001000000000000000000000000001001000000000000000000000000000000000000000000000100000000001000010101010011000101011010011110111100101110011010110101000100110000011111111000001100101001000011100000101001101011110011110001100101100110110010111100101111111101
0000000000000000000000000000000000000000000000000000000000000000000000000000000000000001001100000000110010001010101001100001111010101111111010011011001110010011011111110111101101111111000001001110110111111010011011111010100111100011010111101011101111110111
0100000000000010000000000000000000000000000000000000000000000000000000000000000001000010010000010000010000000110101011010001111010000010111000100001100000110101111111100111111011001101111011101011000001010000111111011111111011010110011100100011101100111010
1000000000000000001000100000000000000000000000000000000000001010000000000000000000000100001000111001101010011101111010101110011100100100010011101101101111111110101011111111101001010010111011010010111011110101011010000010110111011100101011111110011110111111
1000000000000000000001000000000000000000000000000000000000000000000000000000000000000000100000010000100110111111000100000100111111110111100110110010001100010010110011110001001000101110111110000111111101001011011001010000001000100011001101011000111100011001
0000000000000000000000000000000000000100000000000000000000000100000000000000000000001000001101101011000000111100001100011011111101110001010111110101011110010111111110000110111100011001001001100010110111101110111111101110011000010111111101110111110110111000
0000000000000000000000000000000010000000000000000000000000000000000000000011000000000010000010001000000010011110000010000101100011000110001101110101101011001001101111110011111010000011100100100010111111101000001101101111000011101000010010001111110100100000
1000000000000000000000000000000000000000000000000010000000000000000000000000000000000001001100111000000101000111110110111111000111001101110000110111110101001110011111000110101111000110111110011100111110111101001011000000111111111011100110001101011011111011
1000000000000000000000000000000000000000000000000000000000000000000000000000000000100000011001000000110100110101001101101000011011011110000010001011100101011101101101110100101100110110111101100001100111100111101101101100011010010110010100111010110011011101
0000000000000000000000000000000000000000000000000100001000000000000000000000000000000001000010101010011010011011100011010101110101101110101101010011111011001011111110111111111101010111011011011111101000111101110110101011011110111011011101111111110001111001
1001000000000000000000000000001000000000010000000000000000000000000000000000000000100000001011001010110000001011100101101001110000111100010001010010101000011110110011101000110110100011011000011010011100111111001111000011001100001100000101001101010011101011
0000000000000000000000000000000000000000000000000000000000000000000000000001000100001000001010001111011001011101101011100000111110011101110110001001001001100110010010011111111111110101101111011111111001100111101100001110011011111111011110011101101110100011
1000000000000000000000000000000000000000000000000000000000000000000000000000000000110000100001001011000000100001000011010101111011101111000101100110101110011111111000111011011111011010010101011111101110011011000001100101111000111011111110001000000001101010
0000000000000000001000000000000000000000000000000000000000000000000000000000010110100010001001010011001101001110011110110101101011101011111111111110111110101001001111011100111101110010010000100101110111101101110111110111111101101001100111111110101111101011
0000000000000000000000000000000000000000000000000000000000000000000001000000000100100000001010101100000010000011101100010001110000100110111000111101000011110011111101111000000011011100111011100011010010001111001100000011010010110101001010110010000111100000
0000000000000000000001000000010000000000000000000000000000000000000000000000000000000100011000000101001010111111001000011000100111100101011010011101101111111100111000100111101010011101011011111000110111111111110110101111111111001111110110101110110110101110
1000000000000000000001000000000000000000000000000000000000000000000000000000000001010100011100011110101110110000000110001111101011100010100100011110010101000001011001111101110110001001000100011011110000010100101001101000100001001001110011111011101111111100
0000000000000000000000000000000000000010000100000000100000000100000000000101000000101001000011010101001011011001101000100101111001100111011111110101100101111100100000100101001101111111010110111000111111011111011110001111010110111110101110101010101111001001
1000000000000000000000000000000000000000001000000000000010000000000000000001010000001000001010101001110111100011110101000010011010110000011101000110101000110101010111111011010000011101010011011010011011000111101111011001110111000011011011100110000101000111
1000000000000000001000000000000000000000100000000000010000000000010000000010100000001100101010001000100110001010001011101100011110001100011110101111111010010111111110111111110111111010011101111111000011100111111111101101100100101011101100111111100000101000
0000000100000000000000000000000000000000000000000100000000100000000000000100000000001101010000100011110110100110000011111001110100111000010000001111011111011010100001001001001100100100110011010001100011100110111010011100011110001001010001110110110000101110
0000000000000000000000000100000000000000000000000000000000000000000000010000000100011110000100011011111101101000110101111111110111111010010110111111111110100111011101111111111111111011001111111111101011111010110001011011110001010010101011100101000010000000
0000000000000000000000000000000000000000000000000000000000000000000000000010001100001001100000011101010001001000100001010100111010010101100101101110111010110110010010000000010011010011111110001100110010000010011111000111101100000101000100001000000000000000
0000000000000000000000000000100000000000000000000000001000000000000010000000000100001001001100001100101011101001110000001011101110100010111000111010100100010000011111010011011010111011111001010011100010100011101111000010000100000000100000001000000000000100
0000000000000000000000000000001000000001000000000000000000000000000100000000000110000100110000101110110011010001110101100000011111001000010001111010101010101001001100101010111000000110001000110010000100000100000000010100100000000100000001000000001000000000
0000000100000000001000000000000000000000000000000000000000100000000000000000000001110001001110010111000011110111100110110110101111000000010001111111111111111110100000001011100100000010100100110101010100000100000000000001100001000000000010101010100000000000
0000000000000000000100000001000000000000000000000000000000000000000000010000000100001000110010000100100000011100100001000010000000000000001010000101100100010000100000000000000100000101010100001000000000000000000000000000000000011000000100000000000001000001
1000000000000000000000000000000000000000000000000010000000000000000010010000000000000010000010000000100100000000011000010000100010000001000000000010000000010000010100000100000001000000010000000000010000000000000100100010000000000010010000000000000000000000
0000000000000000000010000000000000000000000000000000000011000000000000000000000000000000000000000000000000000000100000000100000000000000001000010000000000000000000000000000000000000110000000000010100001000100011000000100000000000000010000000000001100000000
0000000000000000000000000000000000000000000001000000000000000000000000001100000000001011001000100001000000000010011010100000001001000000000000010100001100000001000000000010100001000100000000000100100100010000000001000100001010000000000100000011000000000011
0000000000000000000000000000000000000000000000000000010000000000000000000000000000000100000000000000000000000000000010110001000000000000000000000000010000000101100011000000000000000000010000000000000001000000000000000001000010101000000000110000000000000000
0000000000000000000000000000000000000000000000000000000000001000000000001000000000000000000000001000000000000000000000000000000000000000000000100000000000000000000000000001000000001000101100000000100000000001000000001000000000000000000000000100001110000010
0000000000000100000000000000000000000000000000000000000000000000000000000000000000000000000000000001000000000000000000000000100100000000000000000000000100001000000001000010010001000000010100000000000001000000000100000000000000000100000000001000000000000000
0000000000000000000000000000000000000010000000000000010001000000000000000000000001000000000000000000100000000000000100000000000000010000000110000000000100000000100000010000000011000001000110100001100000100001000000000000001000000100000000010000001000000000
0000000000000000000001000000000000000000000000000000000000000000000000000000000000000000000000000110000000000000100100000000000000000000000000000000000000010000010000101000001000001000000000010000000011000000000000000000000001000010100100000000000001000000
0000000001000000000000000000000000010000000000000010100000000000000000000010010010000000000000000001000000001000100000000000100010010000000000100000001000000000100000010000000010010001000100010000000100000000100000000000011000000000000000000000000000000010
0000000000000000000000000000000000000000010000000000000000000000000000000000000000000000010100000000000000000000000100010001000000000010000000000000001000001000001000000000000000010000000000000000110000000000010001000001100000110000000100000100100000000001
0000000000000000000000000000001000000000000000000000000000000000000000000000000000010000000000000000000000000010000000000010000000000000010100000000001100000001000001000000000101010011100000000000000110000000110000000000000001000001000000000100010000000010
0000000000000000000000000000000000000000000000000000000000000100010000001000000000000000000000000000000000000000000100000000000000000000000010000000000001000000000000000000000001000000000000000000001000000111000000000000001000000000100100010000000000101001
1000000000000000000010000000000000000000000000000000100000000000000000000000000000000001000000000000000000100000000001000000000000001001000001101100001001000000000001000001000100010010100000000010000001010000100000100100001000101000100011001010100000101110
1100000000000000000000010000000000000000000000000000000000010000000000000000000000000000000000000000000000000000000000000000000000000000000000100000000000100000000000000000000100000000000000000000000000000010000100000010000001001101001101101010010000100100
0000000000000000000000000100000000000000000000000000000000000001011000000000100000000000000000000000000000001000000000000000001100000000000100000010000000110000000000000000110000010000000010001000000000101001100010110001000111111011111111111011000111100011
1000000000000000000000000000000000000000000000000000000000000000000000000000000000000000000000000000000000100010000000001010100000001000000000011000001001000010000001000010000010001000000011100100100000100001011000000010001100000010110100011001000011101110
0000000000000000000000000000000000000000000000000000000000000000000000000100010000000000000000001000000000000000000000000000000000100000000000000000100001000010000101000000101101000011100111110111010111101011111110101110110111111100101100111010110101101111
1000000000001000000000000000000000000000001000000000000000000000001000000100000000000100000000000000000000000000000000000000000000010100000000000100000100110000011110001100011011010001001000111011101100111001010100011111000011110010010001101100011110000010
0000000000000000000000000000000000000000000000000000000000000000000000000000000000000000000000000000000000000000001000001000000001000001010010110011000111100000100111000001111001011001111011011110100101111111101110010011011100111110101111001011001010101111
1000000000000000000000000000000000000000000000000000000000000000000000000000000000000000000000000000000011100000000000000000100000000010000001001001001011111100110011101000001001010011001100001101001001111110010100001011101110010010011110111000101011111101
0000000000000000000000000000000000000000000000000000000010000100001000000000000000000000000000000001000000000000010001011000001000000101000101101101000011111111110010101111110011110011101011101111000101111011101111101110111100110110011110101110111110101110
1000000000000000100000000000000000000000000000000000000000000000000000000000000000000000000000000000000000000000001000001101100101100001001011110000010100101110001011010101011100100000100001101110010110011110110000100100110110011010000011000010010010001001
0000000000000000000000000000010000000000000001000000000000000100000000000000000000000001000000001100000000110111101010100101101101110100101101110001100101010111110001011011111111111010011011011111101000110011001110011001101111101110111111111011001011011110
1000000000000000000000000000000000100000000000000000000000000000000000000001000000101011000100011111001001110011001001000101011101000001111011011101100110100101011011101010000010000000100001110000001000111001000110101000010011010101000010100011011000001101
0000000000000000000000000000000000000000000000000001000000000000000001100000010010101111011001101111010010110001101011100100101100110110100110100101000101001100100110111011101011101110111111111011011100110110011111111101101111001001011111110111101111011111
1000000000000000000000000000000000000000000000000000000000001010000000000100100000011001000101001101100011001000101000111111000111110100001101001100010110011110100011101011110101111100001110111100011000111101011010011000001010001001000100011101111011101001
0000000000000000000000000000000100000000000000000000000000000000000000000100100000110000001100010000011111111010010100011010111110011110010110000111111100011101100111111010101100110010011111110010001111110111101011101111101110101110111010101110111011100100
0000000000000000100000000000000000000000000000000000000000000100000010000000000010001000101001110101001010010000101011111110111011101010010100000000001001101000110000101101110011110001101011011010010000101000010100010001110010010010111000101111101010100001
1000000000100000000000000000000000000000100001000000000001000000010000000000000010100001010110000011001010111110011000111110101011111010101100011100101100101001001101100111001011111111100010001000111110101111111010111110100110110110010110101110111111010111
1000000000000000000000000000000000000010000000000000000000000000000000000001000000000100000100000110010001001111001101010001101101011010110001111111001010001001110000001110100101011010110100110011000011011111010110011110101010110100001100000000001001011100
0000000000000000001010000000000000000000000000001000000000000000000000000000000111000111001110111010101110011110011101111110101100110000101101111111001111110111111011101100111001111110111111101010111010011101010011111001011000010110101011111100010111101111
0000000000000000000000000000000000000001000101011000000000000000000000000010001000000010100100001101100111010011100011101100010010001001010001000001010101101101100000111011110111010100101000010111111110110110100010100001110010001010110110111000010100111100
0000000100000000000000000000000000000000000000000000100010000000000000000000000000010001110100111101011001011011111011111111110010010001110111000110111100110111111110001001100110111011101010111100111110101001111111010101100111111111111110110111101111100111
0000000000000000000000000000000000000000000000000001000000000000000000000000000000101010101001010111101000101011111111011110000101101001100001010100001101011101111001100110000101100101101011100110101011100111010011111010110011001000101111100001100101101101
0000000000000000000000000000000000000000000100000000000000000000000000000101000000001011101111011010101110110011011111111010111010001101011010001111111101101010111110101010011111110011011111001111111111110110011001011010110011010011100110011110011111100001
0000000000000000000000001000000000000000000000000000000000000000000000001100000000000110101100100001010101001111101111111111100101011000111011110010110111100110010010101001011111011111101000101010100100101111100111001001001010110011101111111010011011101101
0000000000000000000000000000000000000000000000000000000000000000000000000010100010010000011101101010011000111110001011101111111010010001111110111101111101100010100110110110110110110010111010111011011011010110101111111110001101111011011110111100110001100110
1000000000001000000000000000000000000000000000000000000000000000000000000000000101001100110010011001000010100101110011001000000100111111111001011111101000010111011100100001011000101000100000101000000010111100001010110000111000011001000101010010110100011110
0000000000000000000000000000000000000100000000000000000000000000001000000000011011010000001100000000000000101100010110111100001111101011111111001111111101111110001111100111001111110101000111111010010010011101111111111100101110111101101111011011011111111001
1000000000000000000000000000000000000010000000000000000000000000000000000010100001000100010011000100100001000111011000010000001010101000011000111100101110011110111001110010110011101111111000101110111111111101111110001111010101111000011000111001100110001100
0000000000000000000000000000000000010000000000000000000000000000000000000000000001001011110000101011110110001001111000010110111000111111100111010111100101111110001101111110111010011100101111011101000111110100111011001010111111111111111010111101111011110111
1000100000000000000000000000000000000000000000000000000000000000000000000000000100100000001001100110011100001110110010000011101111110100101011001101111000011101100001001000111101000011010111100110010111001010111110100101011000011010110001110011110010101000
0000000000000000000000000000001000000000000000000100000000000000000000000000010010100011111100110101010101101110100101011111111010101011110111011001110101011010010011111101011011101111110000110111111111111111011010100111100111110010110111010111111010011111
0000000100000000000000000000000000000000000000000000010000000000000001000000000000000000011011000100001001010100010100100100001011111000010101101010001100110010010111111110010110001000110000101010110101111100101011010100100110000001101000010100110000011110
1000000000000000000000000000000000000000000000000000000000000000000000000000000000000000111000110001100000111101100011101111100001101101111011111101100111110011111101111000100011111010111011111111110111101010111111001000011000011111100100110101010001111101
1000000000000000000000000000000000000000000000000000000000000000000000000000000000011010000001011000000001111000000000101001101101101010000000010100010000000100000010111101101100011101101111110100011011101010010101101010111110001111100101000110000000011011
0000000000000000000010000000000000000000000000000000000000000000100000000000100000000010001010101001001110111110110001101011110110111011011111111100110111000011010111111001010011011111111111111001110001111111000010111111110100001111101111101011111001010110
1000000000000000000000000000000000000000000000000000000000000000000000000000001000000000000101100110000110101001000010011001011100110011010000000100010011011101001111000100010101110010101101010111100111011101100011001111100011011111010011100110010011011100
1000000000000000000000000000000000000000000000000001000000000000000000000000000000000000000010100110010101100110111110001111111010101010101010110011000010101011101011110011110011110101111110001101011011110100001011111111111011111111101011001110110010100011
1000000000000000000000000000000000010000000000000000000000000000000000000100100000010001100101100101000100110110010110010111001101001100010011001100001101001111101100111111011011011110110000111110111101010010000010110111011000100101111000110110001000000100
0000000000000000000000000000000000000000000000000000000000000000000000000001000000100000000000001101101010000010010010101011111111001000011111111011100100100110010010111011101111101101011011111011010111111111011111011111000001011101101010111100111011111011
1000000000000000000000000000010000000000000000000000000000000000000000000000000000000000001000001100001000000000001110100101011001100000100010011111100110010011000110010101010010110100110101111010101010110010100110011101111000111011110010101011011011000000
1000000000010000000100000000000000100000000000000000000000000000000001000000000000000010101010110000001111000100110011110110101101111101010111111001111111110010111110111100101011111110100010111011011110110001110111111100111011111110111010110011111101110111
1000000010000000000000000000000000000000000000000000000000000000000000000000000000010010010000000000001001001101101010111011111011110011010110111011011101100011110000100001010101011100011010101000011110001010001111001100001101010111011101100100101000001010
0000000000000000000000000000000000000000000000000000000000000000000000000000000000001010010000010010100100101100100110111011110000111010101110111010111110110111101111111010110001100110111111101100110010110011111010101011111010111100001111011011111110010110
1000000000000000000000000000000000000100000100000000100000000100000010000000000000000000000000010000000001100010011101111000000001000100001011110101000010101111010001100001110111000001111101101000110011001111111011001110111100101111110011111001111010010000
0000000000000000000000000000000000000000000000000000000000000000000000000000000000000000000010100000010110000101001100111110010111001011110110011111111111100010111001101111111111110101111111001111111000101101111101111101011011101110001110111111111101111010
1000000000000000000000000000000000000100000000000000000000000000000000000000000000000000000000000001010001100011000111100000100001011101000100000101110110010101000110110111011011111000101101100100111110000101111100101010011001100110011101100001101001101001
0001000000000000000000000000000000000000000100000000000000000000100000000000010000000000000000011001111000101001110000110110000111111011011110101001101110111111111101101101101111101011000111100110111110100000101111101110101111101110111101011011101010111110
1000000000000000000000000001000000000000000000000000010000000000010000000000000100000000000000100110000010110100101110110001100101111001111111101110000111010011100110000101000111110110110110100011011011101110011011000011010110101000010111100001111001010101
0000000000000000000000000000000000000000000001000000000000000000000000000000000000000000000101000100101110111001101100111011011001010111010111101111111111000011111111101110110111101010111011110110111111011001100111111111111001010000111111101001011011101010
0000000000000000000000000000000000000000000000000000000000000000000000000000000000000000000010000000001010100010100101000000010001110100000111011100000111011100000100000010101111101011101011100111111000101101100111110000110011001110011100101010000010100010
0000000000000000000000000000000000000000000000000000000000000000000000000001000000000000010001100000010010101010010110010110100100101010001110000010011001101111111111011110111111011111101111111111101000111100110111101111100000011010011110111111111001010011
1000000000000000000000000000010000000000000000010000000000000000000000000000000000000000000000000000000010000000010000000011001011010000110111011100000010011100011011001110000000010010011010110110011101111110000011111010010100011110001011111001110010000110
1000000000000000000000000000000000000000000000000000000000000000000000000000000000000100000000000010010000110100000101101101011010001101111111110111010110100011010110101111011110101001101011111100011110100111011011001111101101110001110111101001111011111000
1000000000000000000000000000000000000001000000000000000000000000000000000000000000000000000000000000000110000011001001111011000001001011011100011011011101011010001001001110000010101100010011101101101010101111011100101000011000101100111111110000010010011100
0000000000000000000000000000110000000001001000000000000000000000000000000000000000000010001000000000000001000000000000100111010101110001101111101111101001100111000111111011001110001001101001101101101010111001010111111101111101101000101111011110001011110000
0000000000001000000000000000000000000000000000000000000000000000000000000000000000000000000100000000000000100001000000000100011100000000011001111101010010001100011100101101001110100000110001001010001111100110100010010110110110101001110001011100111001111000
0000000000010000000000000000000000000010000000000000000000000000000000000000000000000010000000000100010000000000100000100010111000111000010111110110110000011011111101110011110110101011111001100001010111111010111101101000110111111101111101011101101111101001
1000000000000000000000000000000000000000000000000000000000000000000000000000000100000000000100000000000000000000000100000001000010000110001101110010010010000111010011110101000011110000111010000010011000101000110001000110100100010110000010001010010110001100
0000000000000000000000000000000000000000000000000000000000000000000000000000000000010000000000000000000000000000000010100000001100000100110111110000001001110001111101100110110110111110110011111111101111111101011111101101100101001111010011001111101110000010
1000000000000000000000000000000000000000000000000000000000000000000000000000000000000000000010000000000000000000000000000000001100011111000000000011101100011000101100101001101001100000011110011011100101001110000110110110010101001010111010110000000100001000
0000000000000000000000000000000000000000000000000000000000000000000000000000000000000000000000000100000000100000001010000000000000001011001010011011010011000011110111111010101001100001111001100011110110100000100011001110101101000000110011011011000001111111
0000000000000000000000000000000000000000000000000000000100000000000000000001010000000000000000000000000000000000000000000000100000011000000000000000000000100000000010010000000000000000001001000010010000100000101000100011110000000001010001001000100000000001
0000000000000000000000000000000000000000000000010000001000000000000000000000000000000000000100000000000000000000000001100000010000000100000100000000000010010000101000000010001000100000000010001000000000000000010000000000000000100010010000000000000000100100
0000000000000000000000000000000000000000000000000000000000000000000000000000000000000000000100000000000000000010100000100000000000000000000100010000000000000000000000000000000000100000000100000000010001000010001000001000000001100000000000000000000000000000
0000100000000000000000000000000000000000000000000000000000010000000000000000000000010000000000010001000000000000000000000010000010000000010000000000000000000000000000000000000000010000000100000000010000001000101000000000000010000000000000000000000001010000
1000000000000000000000000000000000000000000000000000000000000000000000000000000000000000000001000000000000000000000000000000000000000000001000000000000000000000000000000000000000010000000000000000000000001000000100000000000000000000000000100000000000000000
0000000000000000000100000001000000000000000000000000000000000000000000000000000000000000000000000000000100100000000010001000000000000000000000100000000000000000000000000000000100000000000000000000000000000000000000000100001000010000000000000010000000000000
0000000000000000000000000000000000000100000000000000000000000000000000000001000100000000000010000000000000000000000000000000000000000000000100000000000100000000000000000000010010000000000000000000000000000000001000000000000000100001000000000000000000000000
1000000000000000000000000000000100000000000000000001010000000000000000000000000000000000000000000000000010000001000000000000000000000000000100100000001000000000000000000010000000000000110000110000000010010000000000000100000000100001000000000100000000000000
0000000000000000000000000000000000000000000000000000000000000000000000000000000000000000000000000000010000000000000001000000100000000000100010000000010011000100000000001010000000000000000000000010000000010000000000000100000000000001000000100000000000000010
0000000000000010000000000000000000000000000000000000100000000000000000000000000000000000000000000000000010000000000000100000000100000000000000000000000000000000001000001000000000000000000000000000000000000000000000000000000000000000000000000000101000001000
0000000000000100000000000000000000000000000000000000000010000000000000000000010000000000000010000000000000000000100000000010000000010000000000000000000010000000000000010000000000000000000000000000000000000100000000000000100010010000000100000000000000000000
0000000000000000000000000000000000000000000000000000000000000000000000000000000000000000000000000010000001000000010010010101000000010000000000000000101000000000100100000000000000000000000010000000000000000000000000000101000000010100000110000001000010000000
0000000000000000000000000000000000000000000000000000000000000000000110000000000000000000000000000000000000000000000000000000000000000000000000000000000000000000001000100000100000000000000000010001001010000000000000000000000000000000000000000000000000000010
0000010000000000000000010000000000000000000000000000000001000000000000000000000000000000000000000000000000000000100000000000000010001010000000000000100000000100010001001000000000000001000000000000100000000110000000010000001001000100000000010100000000000000
1000000000000000000000000000000000000000000000000000000000000000000000000000000000000000000000000000000000000000000000000010000000010000000000000000000000000000000000000000001000010000000010000000000000000000000000000010000001000000001000000000000000000000
0000000000000000000000000000000000000000000000000000000000000000000000000000000000000000000000000000000000000010000000000001000000000000010000000000000000001100000000000000000100000000000000000000010000001000100000000000101000000000001000100000000000000000
0000000000000000001000000000000000000000000000000000000000000100000000000000000000000000000000000000000000000000000000001000000000000000000001000000000100000000000000000000000000000000000000000001000100000000010000100000001000000000000000000000000000000000
0000000000000000000000000000000000000000000000000000100010000000010000000000000000000000000000000000000000010000000000000000000000000000000000000001010001000000001001000000000100001000000000000000000000000000000000000000000000000000001000000000000001000000
0000000000000000000000100000000000000000000001000000000000000000000000000000000000000000000000000001100000000000000000000000000001000000100010000000000000000000000000000001000000001000000000000000000000000000000000000100000000000000000000000000000000000000
0000000000000000000000000000000000000000000000000000000000000000000000100000000000000000000000000000000001000001000000000010000000000000110000000000000000000000000000000000000000000000100000100000010000000001010000000000000001000000100000100000000000000000
1000001000000000000000000000000000000000000000000000000000000000000000000000000000000000000000000000000000001000000000000000000000000000000010000000000000000000000000000000000000001000000000100000000000000000000000000000000000100000000000000001000000000000
0000000000000000000000000000000000000000000000000000000000000000000000000000000000000000000000000000000000000000000000000000100000000000000000000000000000000000000010000000000100000100000000000000000000000000000000000000000000000000000000100000100000000000
0000000000000000000000000000000000000000000000000000000000000000000000010000000000000000000000100000000000000000000000000000000000000000000000001000000000000000000000000000000000000000000000000000100000000000000000000000000000000010000000000000000000000000
0000000000000000000000001000000000000000000000000000000000000100000000000000000000000010000000000000000000000000000000000000001000000010000000010000000000000000000001000000000000001000000000000000001010010000000000000000000000101100000000000000000000100000
0000000000000000001000000000000000000000000000000000000000000000000000000000000000000000000000001000000000000000000000000000000000000000000000000000000000000000000001000000000000000100000000000000000000000000000000000000000000000000000000000000000000000000
0000000000101000000000000000000000000000000000000000000000000000000000000000000010000000001000001000000000000000000000000000000000000000001000000001010000000000000000000001000000000010000000000000000000010000000000000000000000000000000000000000000000000000
0000000000000000000000000000000000000000000000000000000000000000000000000000000000000000000000000000000000000000000000000001000000000000000000000000000000000000000000001001010000010000000000001000000000000000010000000000000000000000000000000000000000000000
0000000000000000000000000000000100000000000000000000000000000000000000000000000000000000000000000000000000000100100000000000000001000000000000000000000000000000000000010000011000000001001000000001000000000000000000000000000000000010000011000000000000000000
0000000000000000000000000000000000000000000000000000000000000000000000000000000000000000000100000000010010000000000000100010000000001000000000000000000000000000000000000000000000000000000000000000000000000000000000000000000000000000000000101000000000000000
0000000000000000000000000000000000000001000000000000000000000100000000000000000000000000000000000000000000000000000000000000000000000000000010000000000000001000000000000001100010000000100001000000000010000000000000000000000000000000000000010000000100000000
0000000000000000000000000000000000000000000000000000000000000000000000000000000000000000000000000011000000000000100000000000000000000000000000000000000000000000000000100010000000001001000000001000000000000000000000100000000001000000000000000000000010000000
0000000000000000000000000001000000000000000000000000000000000000000000000000000000000000000000000000000000000000000000000000000000000000001000000000000000000000001000000000000000000000000000000100000000100000001100001000000000000000000001000000010000000000
0000000000000100000000000000000000001000000000000000000001000000000000000000000000000000000000000000000000000000000000000100000000000000000000000000000000000000100001000000000001000000000100000000000000000000100000000000001000000000000000000000000000000100
0000000000000000000000000000000000000000000000000000000000000000100000000000000000000000010000000100100100000000000000000011000000000000000000000001001100000000001000000000000000000000000000000010000000000111000000010000000000000010000000000000100000000000
0000000000000000000000000000000000000100000000000000000000000000000000001000000000000000000000000001000000000010000000000000000000000000000000000001000000000000000000000000000000000001100000000000000000000000000000000000000000000001000000000000100000000000
0000001000000000000000000000001000000000000000000000000000000000000000000100010000000000000000000000000000000000001000000100000000000000000000010000010000001000000000000000000000000000000000000000000000000001001010000010000000000000000000000000000000001000
0000000000000000000000000000001000000000000100000000000000000000000000000000000000000000000000000000000000000000000000000000000000000000000000000000000000000000000000000000001000000000000000000001000000000000000000000000000000000000000000000000000000000000
0000000000000000000000000000000000000000000000000000000000000000000000001000000000000000000000000100000000000000000000000100000000000000000000000000000000000000000000000000000010000000000000010000000100000000000000000000000000000000000000000000000000000000
0000000000000001000000000000000000000000000000000000000000000000000000000000000010000000000000000000000000000000000000000000000000000000000000000000000000000000000000000000000000000000010000000000000000000000000000000000000000010000000000000010000000000000
0000000000000000000000000000000000000000000000000000000000000000000000000000000000000000000000000000000000000000000000000000000000000000000000000000000010000000000000000000000000000000000000000010000000000000000000000000000000000010000000000000000000000000
0000000000010000000000000000000000000010000000000000010000000000000000000000000000010000000000000000000000000000000000100000000010000000000000000000000010000000000000000001000000000000000001000000000000100010000000000000000000100000010000000000000000000000
0000000000000000000000000000000000000000000000000000001000000000000000000000000000000000000000000000000000000000000000000000000000000000000000000000000000000000000000000000000000000001000000000000000000000000000000000000000000000000000000000000001001000000
0000000000000000000000000000000000000000000000000000000000000000000000000000000000000000000000000000000000000000000000000000000000000000000000001100100000010000000000000100000000000000000000000000000010000000000000000000000000000000000000000000000000000000
0000000000000000000000000000000000000000000000000000000000000000000000000000000000000000000000000000000100000000000100000000010000000000000000000000000000000000000000000000000000000000000000000110000000000000000000000000000000000000000000000000001000000000
0000000000000000000000000000000000000000000000000000000000000000100000000000000000000000000000000000000000000000000000000000000000000000001000000000000010000000000100000000000000000000000010010000000000000000000000000000000000000000000000000000000010000000
0000000000001000000000000000000000000000000000000000000000000000000000000000000000000000000000000000000000000000001000000000000000000000000010000000000010000000010100100000000101000000000000000000000000000000000000000000000000000000000000000010000000000000
0000000000000000000000000000000000000000000000010000000001000000000000000100000000000000000000000000000000000000000000000000000000000000000000000000000000000000000001000000000000000000000000001000000000000000000100000000000000000000000000000010000000010000
0000000000000000000000000000000000000000001000000000000000000000000000000000000000000000000000000000000001000000000000000000000000000000000000000000000000000000000000000000000000000000000000000000000000010000000000000000000000000100000000000000000000000000
0000000000000000000000100000000100000000000000000000000100000000000000000000000000000000000000000000000000000000000000000000000000000000000000000010000000000000000000000100000000000000000000000000011000100000000000000000010000000000000000000000000000000000
0000000000000000000000000000000000010000000000000000000000000000000000000000000000000000100000000000000000000000000000000000000000000000000000000000000000000000000000000000000000000000000000000001000000000001000001100000000000010000000000001000000010000000
0000000000000000000000000000000000000000000000000000000000000000000000000000000000000000000000000000000000000000000000000000000000001000000000000000000000000000000000000000000000000000000000000000100000000000000000000000000000000100000000000000000000000000
0000000000000000000000000000000000000000000000000000000000000000010000100000000000000000000000000000000000000000000010000000000000000000000000000000010000000000000000000000001000000000000000000010000000000000000000000000000000000000000000000000010000000000
0000000000000000000000000000000000000000000000000000000000000000000000000000010000000000000000000000000000000000000000000000000000000000000000000000000000000000000000000000000000000000000000000000000000000000000000000000000000000000000000000001000000000100
0000000000000000000000000000000000000000010000000000000000000000000000000000000000000000000000000000000100000000001000001000001000000000000100000000000000000010000000000000000000000000000000000000000000000010000000000000000000000000000000000001000000000000
0000000000000000000000000000000000000000010000000000000000000000000000000000000000100000000100000000000000000000000000000000000000000001000000000000000100000100000000000000000000000000000000000000000000000000000000000000000000000000000000000100000000000000
0000000000000000000000000000000000000000000000000000000000000000000000000000000000000000000000000000000000001100000000000000000000000000100000000000000000000000000000000000000000000000000000000000000000000000000000000000000000000000000000000000000000000000
0000000000000000000000000000000000000000000000000000000000000000000000000000000000000000000000000000010000000000000000000000000000000000000000000000000000000000000100000000000000000000000000000010000000001000001000000000000000000000000000000000000000000000
0000000000000000000000000000010000000000000000000000001000000000100000000000000000000000000000000000000000000000000000001001000000000110000000000000000100001000000000000000000000000010000000000000000000000010000000000000000000000000000000000000000000010001
0000000000000000000000000100000000000000000000000000000000000100000000000000000000000000000000000000000000000000000000000000000000000000000000010001000000000000000000001000000000000000000000000000000000000001000000100100010000000010000000000000000000000000
0000000000000000000000000000000000000000000000000000000000000000000000000000000000000000000000000000000000010000000000000000000000000000010000000000000000000000000000000100000000000000000000000000001000000000000000000000001000000000000000010000000010000000
0000000000000000000000000000000000000000000000000000000000000000000000000000000000000000000000000000000000000000100000100000000000010001000000000000000000000000000000000000000000000000000000000000000000000000000000000000000000000000000000000000000000000000
0000000000000000000000000000000000000000000000000000000000000000000000000000000000000000000100000000000000000000000000000000000000001000000000000100000000000000000000000100000000000100000000000000000000000000001100000000000100000000000100001000000000000000
0000000000000000000000000000000000000000000000000000000000000000000000000000000000001000000000000000000000000000000000000000000000000000001000000000000000000000000000000000000000001000000000000000000000000010000000000000000000000000000000000000000000000000
0000000000000000000000000000000000000000000000000000000000000000100000000000000000010000001100000000010000000000000000000000010100000000000000000000000000000000000000000000000000000100000000000000100000000000000000000000000000000001000000000000000000000000
0000000000000000100000000000000000000000000000000000000000000000000000000000000000000000000000000000000000000000000000000000000000000000000000000000000000000000000000000000000000000000000100000000000000000000100000000000000000000000000000000000000000000000
0000000000000000000000010000000000010000000000000000000000000000000000000000000001000000000000000000000010000000000000000000000000000000000000000000000000000000000000000000000000000000000000000000000000000000000000000000000000000000000000000000000000000000
0000000000000000000000000000000000000000000000000000000000000000000000000000000000000000000000001000000000000000000000000000000000000000000000100000000000000000000000000000000000000001000000000000000000000000000000000000100000000000000000000000000000000000
0000000000000000000000000000000000000000000000000000000000000010000000000000000000000000000000000000000000000000000000000000000000000000000000100000000010110000000000100001000000001000000000000000000000000000000000000000000000000000000000000000000000000000
0000000000000000000001000000000000000000000000000000000000000000000000000100100100000000000000000000000000000000000000000000000000000000000000000000000000000000000000000000000000000000000000000000000000000100000000000000000000000000000000000000000000010000
0000000000000000000000000000000000000000000000100000000000000000000000000000000000000000000000000000001000000000000000000000000000000000000000000000000000100000000000000000000100000000000000000000000000001000010000000000000000000000100000000000000000000100
0000000000000000000000000000000000000000010000000000000000000000000000000000010000000000000000000000000000000000000000000000000000000000000000000001000000000000000000000000000000000000000000000000000000000000000000000000000000000000000000000000000000000000
0000000000000000000000000000000000000000000000000000000000000000000000000000000000000000000000000000000000000000010000000000000000000000100000000000000000000001000000000000000000000000000000000000000000000000000000000000000000000000000000000000000100000000
0000000000000000000000000000000000000000000000000000000000000000000000000000000000000000000000000000100000000000100000000000000000000000000000000000000000000000000000000000000000000000000000000000000000000000000010010000000000000001000000000000000000000000
0000010000000000000000000000000000000000000000000000000000000000000000000000000000000000000000000000000000000000000000000000000000000000000000000000000000000000000000000000000100000000000000000000000000000000000000000000000000000000000000000000000000000000
0000000000000000000000000000000000000000000000000000000000000000000000000000000000000000000000010000000000000000000000001000000000000000000000000000000000100000000000000000001000000000000000000000000000000000000000000000000000000001000000000000000000110000
0000000000000000000000000000000000000000000000000000000000001000000000000000010000000000000000000000000000000000000000000000000100000000000000000000000000000000000010001000000000000000000000000000000000000100000000000000000000000001000000000000000000000000
0100000000000000000000000000000000000000000000000001000000000000000000000000000000000000000000000000000000000010000000000000000000000000010000010000000000000000000000000000000000000000000000000010000000000000000000000001000000000000000000000000000000000000
0000000000000000000000000000000000000000000000000000000000000000000000000000000000001000000000000000000000000000000000000000000000000000000000000100000000000000000000000000000000000000000100000000000000000000000000000000000000000100000000000000000000010000
0000000000000000000000000000000000000000000000000000000000000000000000000000000000000000000000000000000000000000000000000000000101000000000000000000000000000000000000000000000000000000000000000000000000000000000000000000000000000000000000000000000000000000
0000000000100000000000000000000000000000000000000000000000000000000000000000000000000000000000000000000000000000000000000000000000000000000000000000000001000000000000000000000000000000000000000100000000000000000000000000000000000000000000000000000000000000
0000000000000000000000000000000000000000000000000000000000000000000000000000000000000000000000000000000000000000000000000100000000100000000000000000000000000000000000000000000000000000000000000000000000001000000000000000000000000000000000000000001000000000
0000000000000000000000000000000000000000000000000000000000000000000000000000000000000000010000000000000000000000000000000000000000000100000000000000000000000000000000010000000000000000000000000000000000000000000000000000010000000000000000000010000000000000
0100000000000000000000000000000000000001000000000000000010000000000000000000000000000000000000000000000000000010000000000000000000000000000000000001000000000001000000000000000000000000000000000000000000000000000000000000000000000000000000000000000000000000
0000000100000000001000000000000000000000000000000000000000000010000000000000000000000000000000000000000000000100000000000000000000000000000000100000000000000000000000000000000000000000000000000000000000000000000100000000000000100000000000001000000000000000
0000000000000100000000000000000000000000000000000000000000000000000000000000000000000000000000000000000100000000000000000000000000000000000100000000000000000000000000000000000000000000000000000000000000000000000000100000000000000000000010000100000000000000
0000000000100000000000000000000000001000000000000000000000000000000000000000000000000000000000000000000000000000000000000000000000000000000000000000000000000000000000000000000000000000000000000000000000000000000000000000000000000000000000000000000000000000
0000000000000000000000000000000000000000000000000000000000000000000000000000000000000000100000000000000000000000000000000000000000000000000000000000000000000000000000000000000000000000000000100000000000000000000000000000000000000000000000000000000000010000
0000000000000000000000000000000000000000100000000000001000000000000000000000000000000000000000000000110000000000000000000000000000000000100000000000000000000000000000000000000000100000000000000000000000010000000000000000000000100000010000000000000000000000
0000000000000000000000000000000000010000000000000000000000000000000000000010000000000000000000000000000000000000000000010010000000000000000000000000000000000001000000000000000000000000000000000000000000000000000000000000000000000000000000000000000000000000
0000000000000000000000000000000000000100000000000000000000000000000000000000000000000100000000000000000000000000000000000000000000000000000101000000000000000000000000000000010010000001000000000100000000000000000000100000000000000000000000000000000000000000
0000100000000000000000000000000000000000000000000000000000000000000000000000000000000000000000000000000000000000000000000000000000000000000000000000000000000000000000000000000000000000000000000000000010000000000100000000000101000000001000000000100000000000
0000000000000000000000000000000000000000000000000000000000000000000000000000000000000000010000000100000000000000000000000000000000000000000000000000000000000000000000000000000000000000000000000000000000000000000100000000000000000000000000000000000000001000
0000000000000000000000000000000000000000000000000100000000000000000000000000000100000000000000000100000000000000000000000000000010000000000000000000010000000000000000000000000000000000000000000000000000000000000000000000000000000000000000000000000000000000
0000000000000000001000000000000000000000000000000000000000000000000000000000000000000000000101000000000000000001000000000000000000000000000000000000000000000000000000000000100000000000000000000000000000000000000000000000000000000000000000000000100000000000
0000000000000000000000000000000000000000000000100000000000000000000000000000000000000000000000000000000000000000000000000000000000000000000000000000000000000000000000000000000000000000000000000000000000000000000000000000000000000000000000000000000000000000
0000000000000000000001000000000000000000000000000000000000000000000000000000000000000000000000000000000000000000000000000000000000000000000000000000000000000000000000000000000000000000000000000000000000000000000000000000000000010000000000000000000000000000
0000000000000000000000000000000000000000000000000000000000000000000000000000000000000000000000000000000000000000000000000000000000001000000000000000000000000000000000000000000000000000000000000000000000000000000000000000000000000000000000000000000000000000
0000000000000000000000000000000000000000000000000000000000000100000000100000000010000000000000000000000010000000000000000000000000000000000000000000000000000000000000000000000000000000000000000000000000000000000000000000000000000010000000000000000000000000
0000000000000000000000000000000000000000000000000000000000000000000000000000000100000000000000000000000000000000000000000000000000000000000000010000000000000000000000000000000000000000000001000000000011000000000000000000000000000000000000000000000000000000
0000000000000000000000000000000000000000000000000000000000000000000000000000010000000000000000000000000000000000100000000000000000000000000000000000000000000000000000000000000000000000000000000000000000000000010000100000000000000000000000000000001000000000
0000000000000000000000000000000000000000000000000000000000000000000000000000000000000000000000001000000000000000000000000000000000000000000000100000000000000100000000000000000000000000000000000000000000000000000100000000000000010000000000000000000000000000
0000000000000000000000000000000000000000000000000000000000000000000000000000000000000000000000100000000000001000000000000000000000000000000000000000000000000000000000000100000000000000000000010000000000000000000100000000000000001000000000001000000000000000
0000000000000100000000000000000000000000000000000000000000000000000000000000000000000000000000000000000000000000000000000000000000000000000000000000000000000000000000000000000000000000000000000000000000000001000001000000000000000000000000010000000000000000
0000000000000000000000000000100000000000000000000000000000000001000000000000000000000000000000000000000000000000000000000000001000000000100000000000000000000000000000000000000010000000000000000000000000000000000000000100000000000000000000000000000000000000
0000000000000000000000000001000000010000000000000000000000000000010000000000000000000000000000000000000000000000000000000000000000000000000000000000000000000000000000000000000000000000000000000000000000000000000000000000000000010000000000000000000000000000
