0000000000000000000000000000000000000000000000000000000000000000000000010000000000000000000000010000000000000000000000000000000000000000000000000000000000000000100010000000010000100000000001000000000000010000100000000000000000000000000000000001000000000000
0100000100000000000000100000000000000000000000000000000000000000000000000000000000000000000000000000000000000000000001000000100000000000000100000000000000000011100000000000000000000000001000100000000000000000000000000000010000000000000000000010000000000000
1000000000000000000000000000000000100000000000000000000000000000100000000000000000000000000000000011000000000000000010000000000010000000000000000000000001001000000001000000000100000100010000000000000000000000000000000000100000000000000000001000000011000000
0000000000000000000000000000000000000000000000000000000000000000000000000000000000000000000000000000000000100000000000000000000000000000010000010000000100000000000000000000000000000000000000000010000000000000000000000000000010000000000000000000000010000000
0000000000000000000000000000000000000000000000000000000000000000000000000000000000000000100000000000000000000000000000000010001000000000100001000000000000000000000000011000000000000000000000000000000001000000000001000000000000001000001000000000000000000000
0000000000000000000000100000100100000000000000010000000000000001000001000000000001000000100001000000000000001000000000000000000000000000000000000000000000000000000000000000001000000000000000000000000000000000000000100000000000000100000000000000000000000000
0000000000000000000000000000000000000000000001000000000000000000000000000000000000000000000001000000000000000000000000100001000100000000010000000000000000010000000000000000000000001100000000000000000000100000000000000100000000000000000000000000001000000010
0011000000000000000000000000000000000000000000000000000000000000000000000000000000000000100000010000000000010000000000000000001000000001000000000000000000000101000000000000000000000000000000000000000000000000000000000000000001000010000010000000000000000000
0000000000000000000000000000000000000000000000000001000000000000000000000000000000000000000000000000000000000000000000000010000000000000000000000000000000000001000000010000000100000000000000000000100000000010000000000000000000000000000010000000000000000000
1000000000000000000000000000000000000000000000000000000000000000000000000000000000010000000000000000000000000100000000000000001000000000000000000000000000000001000000000000010000001100000001000000000010000000000000000000000000000000000000000011000000010000
0000000000000000000100000000000000000000000000000000001100000000000000000000010000000000000000000000000000000000000000000000000010000100000000010000000000000000000100000000010010000000101000101000000000010000000000100010000000000000010000000000000000000010
0000000000000000000000000000001000000000000000000000000000000000000000000000000000000000000000010000000000000000000000000000000000000000000000000100000000000000000000000000001000000100000000000001000000000000000000000000000000000000001000000000000000000000
0000000000000000000000000000000100001000000000000000000000000000100000000000000000000000010000000000010000000000001000100000000000000000000011000000000000010000000000001000000001000000100000010000010000101000001001000000000000000000001000000000000000010000
0000000000000000000000001000000000000000000000000000100000000000000000000000000000000000000000010000000000000000000000000000000001000000001000000000001000000000000000000000100000010011000001000000000000000001000000000000010000000001001000000000000000000000
0000000000000000000000000000100000000000000000000010000000000000001000000001000000000000000000000000000000010000001001000000000000000001000000000000001000001001000000000000000000000000000000000000000000000000000000000000100000001000010010000000000010000000
1000000000000000000000000000000000010000000000000000000000000000000000000001000000000000000000000000000000000000000000000000000000000000000001000000000000000000010000000000000000000100000000000000000000000000000000000000000000000000001000000000000010000010
0000000100000000000000000100000000000000000000000000000000000000000000000000000000000000000000000000000000011000000000000000000000000000100000000000000000000001000001000000000000000000001000000100001000010000010000000000000000000010000000000000101000000000
0000000000000000000000000000000000000000000000000000000001000000000000000000000000000000000000000000000000010000000000001000100000100000000001000000000000000000000100000010000000000000000000000000000000000000000000000000000000000000000000000000000010000100
0000000000000000000000000000001000000000000000000000100000000100000000000100000000000000000001000000000000011101000000000000000000000001000000001000000000010000101100100100001000010000000000000010000001110000001000100000001000000000000000000000000000001000
0000000000000000000000000000000000000000000000100000000000010000000000000000000000000000000000000000000000000000000000000000000000000000000000000000000000000010001000000100001000000000010000000000010000000000000000000000010000000000000000000000100000000000
0001000000000000000000000000000110000000000000000000100000100010001100000001000000000000000000000000000000100000100001000000001000000001000000001000000100001000001000000000000010010100000100110000000000001000110100000000000000000100000000010001001100001001
0000000000000010000000000000000000000000100000000010000000000000000000000000000000000000000000000000000000001000000000001000000000000000000000000000000000000000000000100000000000000000000000000001010000000100000000000100000000000000010000000000000001010000
0000000000000000000000000000000000100000000000000000000000000000000000000000000000000001000110100000000000000010100000000000010100000000010010010000000000000000000000100010000000000001000000000000000000100001100000000110000000000000010001000000010000000000
0000000000000000000000000000000000000000000001000000000000000000000000000000000000000000000001000000000000000000000001000010000010000000000000000000000001000000001100001000000000001000000000000011000000000001000000000000000000001000001101000010000100000000
1100000000000000000000000000000000000000000000000000000000000000000000000000000010000100000000000100000000000000000000100000000001100000000010010000000000000010000010000100000000000000100100001000001000000000100001000000100001000100000000000000101000010000
0000000000000000000000000000000000000000000000000000000001010000000000000000010000000000000000000000000000000000100000000000000000000000000000000000000000000000000000000000000000000000000000000000000000000010110000000000000100000000000010011100000000000000
0000000000000000000010000000000000000000000000000000000000000000000000000000000000000000000000000000000000000000000000010000000000000000010011000100001000000000100100100001010000000000000000001000000000000010000000001000000000000001010000000000000000000000
0000000000000000000000000000000000000000000000000000000000000000000000001000000000000000000000000000000000000000000000001000000001000000000000000000000000000000100000000010000000001000100000000001000100110000100000000000000000000000000000000000000000000000
0000000000010000000000000000000000000000000000000000000000000000000000000000000000001000000000000000001000000000000000000000100000100000010000000000000000000000000001000010000000000000000100001000100100000000000010001100000000000000000000000000000011000000
0000000001000100000000000000000000000000000000000000000000000000000000001000000000000101000000000000000000001000000000000000000000000000000000000000010000000010000000001000101001010010101000000100111000001100111000000000000001000100000000000000100000000000
0000000000000000000000000000000000000000000000000000100000000000000000000000000000000000000000000000000000000000100000000000000000100000100000001001000000011100001100101000000101111100111000001100011110110011011000100000111000000001000000011010000001001001
0000000000000000000000000000000000000000000000000000000000000000000000000000000000000000000000000000000000001000000000000100000000000000000000000001001001000101101011101010000101100100000111001000010011000010001101001010101000000001000100000000000001000000
0001000000000000000000000000000001000000000000001000000000000000000000001000000000000000001000000010000000000000000000000000000000000100101100000111101001010101111001000111100101001001111100111010101100111100010100101111100001011011001001101000000000001000
0000000000000000000000000000000000000000000000000000000000000000000000000000000000000000000000000000000000000010000000000000000000101011010010000100000111011010110101001110001111100100110000010100010111001100111011101001100111111010101010011001001000000000
0000000000000000000000000000000000000000000000000000000000000000000000000100000000010000000000010000000000100000000000000010010010010110000000001000101110110111000011110001011001011111111111110100100110001000000011110001000011001111011101011110011000001110
0000000000000000000000000000000000000000000000000000000000000000000000000000000001000000000000000000000011000010000101001000100000111100101000001010000010001111110100010010100110110111100001111111011110110101010100100011011110010111110011101100110110000000
0000000000000000000000000000000000000000000000000000000000000000000000010000000010000000000000000001001000000000101011010000100001110110101101011111100000011110111111010011101101100110110111100101111010011111110111101100111100101010101100010011010110110101
0000000000000000000000000100000000000001000000000000000000000000000000000000000010000000100010000000000000000000010100011000001000000100101001010010101001100011011101100110100011000000111100101011101110100111001001101010101101101101101011001111001001100010
0000100000000000000000000000000000100000000000000000000000000000000000000001000000000000000000000000010000101010110000011101100011011100111110111110101101101100010100110110101111110011111111001110101101110100011011011101011100000001100110100101111011010010
1000000000000000000000000000000000000000000010000000000000000000000000000000000000001001000000001000000000100100110000010010001000001000011001010001010011111000101011100001000010010110010101000111011100101110110011101111101000011001000101111011110111110111
0000000000000000000000000000000000000000000000010000000001000000000000000000000000000000000000000000100000001100100100001000101001111000010111010110101011101111111010011000000110111010011110010001110001011110101100111111110110101100110110110101101111001011
1000000000000000000000000010000000000000000000000010000000000000000000000000000000000000000000000010000000100000110001100011100111110011001011100000001010011110100100111110111101011000011111010011111001000111111101110001000011011000001100100111111101110010
0000000000000000000000001000000000000000000000000000000000000000000000000000000000000000000000100000001001001101010010110000001000111011011001000011010010011011110111110110101011101110001111001010100011111111011011110100111111101110111111111111101111101101
1000000000000000000000000000000000000000000000000000000000000000000000000000000000000100000000100101000101000100011100101100000000100111100011000100101100100000010001010000100010111101000101110000111010101011011110011101010110100011100101110000101111100010
0000000000000000000100000000100000000000000000000000000000000000000000000000000010000000001000100000100000101110001111011110010100111110110111111011101110101011101010011010111110101011110111100011111110110111111111111010111100111101011010101111110111010011
1100000000000000000000000000000000000000000000000000010000000000000010000000000000010000000010000000100100001000110000101111001100110011001101110110000010000100011100010111111110001101010110011101101100110111110111110001011111101010000001111000010000011100
1000000000000000000000000000000000000000000000000000000000000000000000000000000000000000000000100000011010111010110010101111001111011001111001100101001011111110111100100011110111111110011011100110111111011110101001101101011001100100011010111101111011110110
1000000000000000000000000000000000000000000000000011000100000000100000000000000000000000000000100000000111010000000100010010001101000001010010111101110101010011011111001001000101010100000001000011000000010011110111111100000100011100111101010010101010001111
0000000000000000000000000000000010000001000000000000000000000000000110000000000100000001010001100000101010110110100000110011101011110111111011111101111101111111101101010001111100011000111010100010101010100100101110111111111011100101011111010111101101011001
1000000000000000000000000000000000000000000000000000000000000100000000010001000000000001000000101010010000100000010001000111110011100110100001000010011010100100011011111100000101000110100010100110111000101000001101011110101110100100111100111001100011011011
1000010000000010010000000000000000000000000000000000010000000000000000000000000000000000000010000100010111011110011111111100011011111100111111011100001110011001001111110011101101011010001011101011111101101011111011011010011111110110110011010111110101110001
1001100000000000000000000000001001000000000000000000000000000000000000000000000000000000000010011101110011000110010010011100111100101110011010110101000100110000011110111000001110101001000011100000101001101011110011110001100100100110110010111100101111111101
0000000000000000000000000000000000000000000000000010000000000000000000000000000000000010000000010001011010001111001001100001111010101111111010011011001110010001011111110111101101111111000001001110110111111010011011111010100111100011010111101011101111110111
0100000000000000000000000000000000000000000000000000000000000000000000000000000001000000001000011100001010001010001011010001111010000010111000100001100000110101111111101111111011001101111011101011000001010000110111011111101011010010011100101011101100011010
1000000000000000001000100000000000000000000000000000000000000010000000000000000000001000000001111100100000011101110000111110111100100100010111101101101111111110101011111111101001010010111011010010111011110101011010000010110111011100101011111110011100111111
1000000000000000000001000000000000000000000000000000001000000000100000000000000000000000111010010000100110111111100100000100111111110111100110110010001100010110110011110001001000101110111110000101111101000011011001010000001000100011001101011000111110011001
0000000000001000000000000000000000000100000000000000000000000000000000000000000000000100011011100011100010110101101100011111111101110001010111110101011110010111111110000110111000011001001001100010110111101110111111101110010000010111111101110111110110111000
0000000000000000000000000000000010000000000000000000000000000000000000000000000000000000000010001000000010011110010011100101100011000110001101111101101011001001101111110111111010000011100100010010111111101000001101101111000011101000010010001111110110100000
1000000000000000000000000000000000000000000010000000000000000000000000000000000000100100101101001000000110001111010111111111010111001101110010110111110101001011011111000110101111000110111110111100111110111101001011000000111111111011000110001101011011111011
1000000000000000000000000000000000000000000000000000000000000000000000000001000000000000011111000110011100010101001101101000011011011110000010001011100111011101101101110100101101110110111101100101100111100111101101101100011010010110010100111010111001011101
0000000000000000000000000000000000000000000000000100000000000000000000000000000010010001101000111011010010011010110011010101110101101110101101010011110011001011111110111111111101110111101011011111101000111101110100111011011110111011011101111111110001101001
1001000000000000000000000000001000000000010000000000000000000000000000000000000000110010100011000110010001001011110101101001110010111100010001011010101000011110010011101001110110100011011000011010111100111111001111000011000100001100000101101101010011111010
0000000000000000000000000000000000000000000000000000000000000000101000000001000000001000100100101110111001011111101011100000111110011101111110001001001001100110010000011111111111011101101111011011111001100111001100001110011011111111011110011101101110100011
0000000000000000000000000000000000000000000000000000000000000000100000000000000000010100100001011101100100101001000011010101111011101111000101100110111110011111111000111011011111011010010101011111101110011011001001100101111010111011111110101000000001101010
0000000000000000001000000000000000000000000000000000000000000000000001010000000010000000101001110011111111111111011110110111101011101011111111111110111100101001001111011110111101110010010000101101110111101101110111110111111101101001100111111010101111101011
0000000000000000000000000000000000000000000000000000000000000000000001000000010000100001010010001110000010100010101100110001110000100111111010111101000011110011111101111001000011111100111001100011010010001111001100000011010010110101001010110010000111100001
0000000000000000000000000000010000010000000000000000000000000000001000000000000000000101111001100111001010111111001010011000100111100111011010011101101111111100111000100110101010010101011010111000010111111111111110101111111111001111110110101110110110101110
1000000000000000000001000000000000000000000001000000000000000000000000000000000000011001010000011110101111100000010110001111101011100010100100011110010101010001011001111101110110001001000100011011110000010100101001101010100001000001110011111011111111111100
0000000000000000000000000000000010000000000000000000100000000100001000000011011000111001000111110101101011011001100000100101111001100111011111110101100101111100100000100101001001111111010110111000111111011111111110001111010111111110101100101110101111101011
1000000000000000000000000000000000000000000000000000000000000000000000000001101010100000111011100001010111110011110011000110011010110000011101100110101000110101010111111011010000011101010011011010011011000111101111011001110111000011111011100110001101100111
1000000000000000001000000000000000000000100000000001000000100000010000000000101101001001111001101010100110001011011011101101011110001110011110101111111010010011111110111111110111111010011101111111001011100111111111111101100110100011101100110111101000101010
0000000100000000000000000000000000000000000000000000000000100000000000000000100000011001010000100011100010100110000011111001100100111000000000001111011111011010100001001001001101100100110011010001100011000110111010111101011110001001010001010110111010101010
0000000000000000000000000000000000000000000000000000001000000000000000010000001010100110000110011011110101101000111101111111110111111010010110111111111110100111011101111111111111111011001111111111101011111010110000001011111001110011101011001101000001100000
1000000000000000000000000001000000000000000000000000010000000000000000000001001100001001100010010001010001001000001001010100111010010101100101101110110010111110010010000010110011010011111111001110110001000010011011000111001100010101001100001010000000000000
0000000000000000000000000000100000000000000000000000001000000000000000010010011110000011001110111110101110101001110010001011101110100010111000111010100100010001011111010011111110111011110001010011001011100011100000000010000100000000010000000000001000000000
0010000000000010000000000000001000000001000000000000000000000000000000010100000110000100111000001110110011010001110101111000111111011010010001101010101010101011011100101010111000001110001010110010000101000010000000010000110000000000000000000000000100010010
0000001100000000000000000000000000000000000000000000000000000000000000000000101101010011000111111111010001111111101110110110101101000010010000111101111111111110110100010011100000001000100110000100000001000100000000100010111001000000000010101010100000000000
0000000000000000000000000000000000010000000000000000000000000001000000000010000001001000110000000100100000010101000000000000000000001101001000000100000100010000010110000000000000000000010101001001000000100000000000000000000000000000001010000000011000001001
0000000000000000000000010000000000000000000000000010000000000000000010000000000000000000010000000100100000000000010000010000000000000000000000000100000100000100000100000100010000000100000000000000000000000000010000000000100000000100011001000000000110001000
0000000000000000000010000000000000000000000000000000000010000000000000000000000000000000000000100100000000000000000010000000000110000000001000010000000000010000000000100001000000100010000000000001001000000000111000001001000000000001001000000000000101000000
0000000000000000100000000000000000000000000001000000000000000000000000100100000000000000100010100000000100011000010001000000001010000000001000011001001110000000000010000010000000000100000011000000000000010000110000100100100000110001000000110001000000000010
0000000000000000000000010000000000000000000000000000000000000100000000000000000000000100000000000000000000000000000010110000000000000001000000000000010000000100000000000000100000000000100000000000000100010001000000000001000000000000000000010000100001000001
0000000000000010000000000000000000000000001000000000000010000000000000000000100000000000000000000000000010000000000000000000000000000000010000000010000000000010001000001000100000010100001100000000011000000001000001011010000000010000000100000000001100000000
0000000000000000000000000000000000000000000000000000010000000000000000000000000000000000000010010000000000100000000000100000100000000000000000000000000100000000010001011000000000000000000000001100001000010000000100000100010000000110000000000000000010000001
0000000000000000000000000000000000000010000000000000010000000001000000000000000001000000000000001000000000100010000001000011000100000000000110111000000010000000100010101000001110001001100110000000100000100000100000100000001000100100000000000000010000000000
0000000000000000000001000000000000000000000000000000000000000000001000000000000000000000000000100100000100000010000000000110000000000000001000000000100000000001100000100001000000100000000000000000000000000001000100010000000001000000000000000000010001001001
0000000000000000000000000000000000010000000000000000100000000010000000000000000010001000000000010010010000000010100000000001101001110010000000100000010000100100100001000000110000110101100000100000000000010000010011000100000000001110000010100000000000000010
1000000000000000000000000000000000000000010000000000000000000000000000000000000000100000010000000000000000000000001000000011000000000010010010000000100000001000001010001100100000000000000100000000100000000000000001000000000000100001000001000000010000000111
0000000010000000000000000000000000000000000000000010000000000000000000000000000000010000000000000000000000000010100010110010000000000000010000100000001000000000000000000001000101001100000010010001000000000000010100110000000001000001100000000101110010000000
0000000000000000000000000000000000000000000000000000000000000100000000100000100000000000000000000000100000001000001000000000000000000000000000000010011000000010000010000000000101000000101001000000001000000110000000010010000000000010000101000000000000000100
0000000000000000000010000000000000000000010000001000000000000000010000100000000010000001000100000000000000000000000000100000000010000000000100001100001110001000000000000000000000000010001000100000001000000010100000000000000000101000100010001000000000100110
0100000000000000000000000000000000000000000000000000000000010000000000000000000000000000000000000001000000000000000000000000000000001000101000000000000000000000001000001000000000000000000000001001000010000000000010000010000101011110011101001010000010100000
0000000000000001000000000100000000000000000000001000100000000000010000000000000001000000000000001000000000001000000000010100000000000001000100000010010010000000001010001000000010010001100000001001101000100001111010010001100111101001011111111010000101101011
1000000000000000000000000000010000000000000000000000000000000000000000000000000000000000000000000010000001101000000000000010100001010000000000101000101000010000000011100101001010000000000001100100001000100011011010101010001100000010110100011101010011100110
0000000000000000100000000000000000000000000000000000000001000010000000000010001000000000000000000000000000001000000000000000000010000010001100000000000000100011000001000010001001100011100111111111010111101011101110101110110111111100101100111010110101101111
1000000000001000000000000000000000000000000000000000000000000000000000000000000000000000000000010000000000000000000100000000000000010000110000010011000000111000011010001100010011010001001000111011101100111001010100011111000011100010010001111100011110000010
0000000000000000000000000000100000000000000000000000000000000000000000000000000000000000000000000010010000000000000000000000000110100010010000000001000110111000001111001001111011011001111011011110101101111111111110010011111100111110111111011011001010101111
1000000000000000000000000000000000000000000000000000000000000000000010000000000000000000000000000000000011000000000010000000100000000010100010001001011011111100111011101000001001010011001100001101011001111110010100001011101110010010011110111000101011111111
0000000000000000000000000000000000000000000000000000000000000000000000000000001000000000000000000000000000010000011000000000001100100111010111101101001011111111111110101011110011110011001011001111000111111011101111101110111100110110011110101110111110101110
1000000000000000100000000000000000000000000000000000000000000000000000000000000000000000000000000000010000000000000000011111100101100001001011110000010100101110001011010101011100100001110101101110010110011110110000100100110110011010000011000010010010001001
0000000000000000000000000000010000000000000001000000000000000100000000000000000000000011111000100110001110100111100011100101101101110100101100110001100101010111110001011011111111111010011011011110101000110011001110011001101111101110111111111011101111011110
1000000000000000000000000000000000000000000000000000000000000000000000000001000000111011000100011011101001010011001001000101011001000001111011011101100110100101011011101010000010000000100001110000001000111001000110101000010011010101000010100011011000001101
0000000000000000000000000000000000000000000000000000000000000000000001000100010100101111010011101111110110110001111001100100101100110110100110100101000101001100100110111011101011101110111111111011011100110110011111111101101111001001011111110111101111011111
1000000000000000000000000000000000000000000000000000000000000000000000000100100000011110000101101101000011001000101100111111000111111100001101001100010110011110100011101011110101111100001110111100011000111101011010011000001010001001000100011101111011101011
0000000000000000000000000000000100000000000000000000000000000000000000000000010100001000001100010000011111111010010101011010111110011110010110000111111100011101100111111110101100110010011111110010001111111111101011101111101110101110111010101111111011100100
0000000000000000000000000000000000000000000000000000000000000100000000000001000000000000001101110101001010010000101111111110111011101010010100000000001001101000110000101101110011110001101011011010010000101000010100010001110010010010101000101111101010100001
1000000000000000000000000000000000000000000000000000000000010000000000000111000000101001010010000011111000111110011000111110101011111010101100011100101100101001001101100111001011111111100010011000111110101111111010111110100110110110110110111110111111010111
1000000000000000000000000000000000000000000000000000000000000000000000010000100000100100100100001010111001001111001101000001101101011011110001111111001010001001110000001110100101011010110100110011000011011111010110011110101010110100001100000000001001011100
0000000000000000000000000000000000000000000000000000000000000000000000000000011101000001001010110010100110011111011101111110101100100000101111111111001111111111111011101100111001111110111111101011111010011101010011111001011000010110101011111100110111101111
0000000000000000000000000000000000000000000000010000000000000000100000000000000110001010100000101101000101010010101011101100010010001001010001000001010101101101100000111011110111010100101001010111111110010110100010100011110010001010110110111000010100111100
0000000000000000000000000000000000000000000000000000100010000001000000001000000001001001110111001111011001011000011011111111110010010001110111000110111100110111111110001001100110111011101010111101111110101001111111010101100111111111111110110111101111101111
0000000000000000000000000000000000000000000000000001000100000000000000000000010000101000101000010111101010001010111111011110000101101001100001010100001101011101111001100110000101100101101111100110101011100111010011111010110011001000101111110001100101101101
0000000000000000000000000000000000000000000000000001000000000000000000000101000000011011000111011010111101110011011011111010111010001101011010001111111111101010111110101010011111110011011111001111111111110110011001011010110011010011100110011111011111100001
0000000000000000000000000000000000000000000000000000000000000000000000000000000000000100000001101101010100001111111111111101100101011000111011110010110111100110010010101001011111011111101000101010100100101111100111001001001010110011101111111010111011101101
0000000000000000000000000000000000000000000000000000000000000000000000000000000001100100011100101000011000111110101001101110110010010001111110111101111101100000100110110110110110111010111011111111011011010110101111111110001101111011011110111100100001100110
1000000000000000000000000000000000000000000000000000000000000000000000000000000101000000110100011101000010110001110010001000101100111111111001111111101000010111011100100001011000101000100000101000000010111100101010110000111000011001000101010010110100011110
0000000000000000000000000000000000000000000000000000000000000000001000000000001001010000011001001000001000101100000110111110001111101011111111001101111111111110001111100111001111110101000111111010010010011101111111111100101110111101101111111011111111111001
1000000000000000000000010000000000000010000000000000000000000000000000000010000000001101010011001100100111000111011000010000001010101000011000111100101110011110111001110010110011101111111000101010111111111101111110001111010101111000011000111001100110001101
0000000000000000000000000000000000010000000000000000000000000000000000100001000011001011110000100100110110001001101100000110111000111111100111010111100101111110001101111110111010011100101111011101000111110100111011001010111111111111111010111101111011110111
1000100000000000000000000000000000100000000000000000000000000000000000000000000100000100010001100010011100000111110010000011101111110100101011011101111000011111100001001000111101000011010111000100010111001010111110100101011000011010110001110011110010101000
0000000000000000000000000000001000000000000000000000000000000000000000000000001010100011010000010101011101101110110101011111111010101011110101011001110101010010010011111101011011101111110000110111111111111111111010110111100111110010110111010111111010011111
0000000100000000000000000000000000000001000000000000010000000000000000000000000000000110010010101100001001010100010101100100101011111000010101101010101100110010010111111110010110001000110000101010110101111100101011010100100110000001101000010100110000011110
1000000010000000000000000000000000000000000000000000000000000000000000000000000001000010010111000001110111111101100011111111101000101101111011111101100111110011111101111000100011111010111011111111110111101010111111001010011000111110101100110101010001111101
1000000000000000000000000000000000000000000000000100100000000000000000100000000000001010001001001000001011101000000000101001101101101010000000010100010000000100000010111101101100011101100111110100011011101010010101101010111110001111100101000110000000011011
0000000000000000000010000000000000000000000000000000000000000010000000000000000000010100001010101001000110111111110101101011110110111011011111111100110111000111010111111001010011011111111111111001110001111111000010111111110100101101101111101011111001010110
1000000000000000000000000000000000000000000000000000010000000000000000000001001000000000000100100110011110101001000010011001011100110011010000000100010011011101001111000100010101110010101101010111110111011101100011001111100011011111010011100110010011011100
0000000000000000000001000000000001000000000000000001000000000000000000001000000011100001110110100110001110110110111110001111111010111010101010110011000010101011001011110011110011110101111110001101011011110100001011111111111011111111101011101110110000101011
1000000000000000000000000000000000010000000000000000000000000000000010000000100000010100000101100100000100111100010110010111001111001100110011001100011101001111101100111111011011011110110000111110111101010110000010110111011000110101110000110110011000000100
0000000000000000000000000000000000000000000000010000000000100000000000010000000000010000101000101111001110000111110010101001111111001010011111111011100100100110010010111011101111101101011011111011010111111111011111011111000001011111101010111100111011110011
1000000000000000000000000000010000000000001000000000100000000000000000000000000010100000000000001100001000000100001100100101011001100000100010011111100110010011000110010101010011110100110101111010101010110010100110011101111000111011110010101011010011000010
1000000100000000000100000000000000000000000000000000000000000000000000000000000000000101001110011000000101000100110011010110101101111111010111111001111111110010111110111100101011111110100010111011011110110001110111111101111010111110111010110011111101110111
1000000010000000000000000000000000000000000000000000000000100000000000000000000000000000000000100011001000000101111010111011111011110011010110111011011101100011110000100011010101011100011010101000011110001010001111001101001101010111011101100100100000001110
0000000000000000000000000000000000000000000000000000000000000000000000000001000000001000000000000010000100101100011110111011110000111010101110101010111110110111111111111010110001100110111111111100110010110011111010101011111010111110001111011011111110011110
1000000000000000000000100000000000000000000100000000000000000100000010000000000000000010000010010100000100101110001111111000001001000100101011110101000010101101010001100001110111000001111101101000110011001111111011001110111100101111110011111001111000010000
0000000000000000000000000000000000000000000000000000000000000000000000000000001000000000100010100000000100010101001100111110110111111011110110011111111111100010111001101111111111110101111111001101111000101101111101111101011011101110001110101111111101111010
1000000000000000000000000000000000000100000000000000000000000000000000000000000000100000000000000000010001010011010111100000100001011101000100000101110110110101000110110111011011111000101101100100111110000101111100101010011001100110011101100001101001101001
0001000000000000000000000000000000000000000100000000001000000000000000000000000000000000000011111001110001110001010001110110000101111011011110101001101110111111111101101101101111101011000111100110111110100001101111101110101111101110111111011011101010101110
0000000000000000010000000001000000000000000000000000010000000000000000000000000000100000000110010100000010111100101110110001100101111001111111101110000111010011100110000101000111110110110110100011011011101110011011000011010110101000010111100001111111010111
0000000000000000000000000000000000000000000000000000000000000000000000000000000000000000000000000100101100101001101010111011011001111111011111101111111111010001111111101110110011101010111011110110011111011001100111111111111011010001111111101001001011101110
0000000100000000000000000000000000000000000000000000000000000100000000000000000100000000000010000100001010000010000111001010010101011100000111011100000111011100000000000010101111101011101011100111111000101101100111110000110011001110011100101011000010100010
0000000000000000000000000000000000000000000000000000000000000000000000000001000000000100010000000000001001111010010110010111100100101010001110000010001001101111111111011110111111011111101111111111101000111100110111111111100010011110011110111111111001010001
1000000000000000000000000000000000000000000000000000000000000000000000000000000000000000000000001000100100000101000010000011001010100000110111011000000010001100011111001110000000010010011010110110011101111110000011111110010100011110001011111001110010000110
1000000000000000000000000000000000000000000000000000000000000000000000100000000000000000000000000000000001110000010110111101110010101101111111100111110110110011010110101111011110101001100011111100011110100111011011001011101101110001110111011001111011111000
1000000000000000000000000000000000000000000000100000100001000000000000000000000000000000011000000000000000000000101001011011000001001011111110011011011101011010001001001110001010101100010011101101101010101111011100101000010000101100100111110000010000011100
0000000000000000000000000000100000000001000000000000010000000000000000000000000000000000000000000010001000010010000001000111010101110001100111101111101011101111000111111011001110001001101001101101101010111001010111111101111101101000101001011100001011111010
1000000000000000000000000000000000000000000000000000000000100000000000000000001000000000000000000000000000100000000000100100101111010111111001111101010010001100011100101101001110100000110000001010001111100010100010010110011110101001111001011100111001101110
0000000000010000000000000000000000000010000000000000000000000000000000000000000000000000000000000100110000000001000000101000111000110000110101110110110000011011111101110011110110101011111001100001010111111010111101101000110111011101111101011101111111000001
1000000000000000000000000000000000000000000000000000000000000000000000000000001000000000000000100000000000010000001000001001000000001110001111010010010010000111010011100101000011110000111010000010011000101000110001000110100100110110000010001010010110001100
0000000000000000000000000000000000000000000000000000000000000000000000000000000000000000000000000000001010000000000010011000101001100111110111010001001000010001111111101110110110111110111011111111101111111101011111101101100101001011010011111111110101000010
1000000000000100000000000000000000000000000000000000000000000000000000000000001000000000000010000100000000000000000000000010100110011111000001010011001110010000101100000001101011100000010111111011100100001110100110110110011111101100111010111000000100001000
0000000000000000000000000100000000000000000000000000000001000000000000000001000000000000000000010000000000000000001000100000100101011111011001011011010101000011110110111010111001100001011011100011110110101000100111001010101101000000110111011011101001110001
0000000000000000000000000000100000000000000000000000100000000001000000000000010000000000000000000000000000000000000000001000100010000000000010000001000001010001001110010000010010010000101001000110000000101000011000001010010111000001000111010000000010000001
0000000000000000000000000001000000000000000000010000000000000000000000000100000000000000000000000000000000000010000000000010010000100000000000000000000110001100100000000000000000001000000010010000000010000101000000101000001010001010011000000110001000000000
0000000000000000000000000000000000000000000000000000000000000000000000000000000000001000000000000000000010000000001000000000000000000000100100000000010000000000000000000000000000000000000100000000000000000000000000000000000000000000000100000100000000000001
0000100000000000000000011000000000000000000000000000000000000000000000000000000000000000000000011000000000000000000000000110000001000000010000000000000000000000000000000000001001000000001100000101010000001000010000000100000001000000000000010000000000010001
1000000000000000000000000000000000000000000000000000000010000000000000000000000000000000000010000000000000100000000000001000001000000010000000000000000000000000000000000000000000010000001000000000000000000000000000000100000000000000000000000000000010000000
0000000000000000000000000001000000000000000000000000000000000000000000000000000000000000000000000000000100010001000000000000000000000000001001101000001000000010000100000000100000000100000001000000110000000000000000100000000000101000000000000010001000000000
0000000000000000000000000000000000000000000000000000000000000000000000000000001000000000000010000000000000000000000000000000000000000000000100001000000000000100000000000000000101000000000000001000000000000000001000001000000000100001000101000000000000000000
1000000000000000000000000000000000000000000000000001010000000000000000000000000000000000000000000000000000000001000000000000000000000000010100000000001000000000000000100100000000000000010000000110000000000000001000000000000000000100000000000100000000010000
0000000000000000000000000000000000000000000000000000000000000000000000000000000000000000000000000000010000101000100000000000000000000000000010000000000010001100000000000000000010000000000000000000010000000000000000000000000001000000000001000000000000000010
0000000000000010000000000000000000000000000000000000100000000000000000000000000000000000000000001000000000000000000000000000000100110000000000000000000000000000000100000000000100000000000000000000000000100001001000001000010000000000000100000000000000000000
0000000000000100000000000000000000000000000000000000000000000000000000000000010000000000000010000000000010000000100000000000000000000000000000001000000000000000000000000000000000000000000000010000000000000000000000000000000000001010010000000000100000000000
0000000000000000000000000000000000000000000000000000000000000000000000000000000000000000000000000010000000000000110100000001000000001100100000000000100001001000010000000000000000000000110000000000000000000000000100000000100000010000000111000000000010000000
0000000000000000000000000000000000000000000000000000000000000000000110000000000000100000000000000000000000000000000000000001000000000000000000000000000000000000000000001000100000000000000000000000000010001000000000000100000001000000100000010000000000000000
0000010000001000000000010000010000001000000000000000000001010000000000000000000000000000000000000000000000000001100010000000000000000000000000000100000000000000000000001000000000000000000000000000010000000010000000000000000001000100000000000000000000100000
1000000000000000000000000000000000000000000000000000000000000000000000000000000000000000000000000000000000000000000010010000000000000000000000000000000010000000010100000000000000000000000000000000000000000000000000100000000000000000000000000000000000000000
0000000000000000000000000000000000000000000000000001000000000000000000000000000000100000000000000000000000000001000000000000100000000000010000000000100000001000000000100000100000010000100000010000000000000000100000000001100000000000010000100000000000000000
0000000000000000001000000000000000000000000000000000000000000000000000000000000000000000000000010000000000000000000000001000000000001000000000000000000100000000000000000000000000000000000000000000000110000001010000100001001000000000100000000000000000000000
0000000000000000000000000100000000000000000000000000000010000000010000000000000000000000000000000000000000000000000000000000000000000000000000000000010001000001000011000000000100000000000000000000000000001000000000000000000000000000000000000000000000000000
0000000000000000010000000000000000000000000001000000000000000000000000000000000000000000000000000000000000000000000000000000000000000001000000000000000000000000000000000000000000001000000000000000000000000000000001000100100000000000000000000000000000000000
0000000000000000000000000000000000000000000000000000000000000000000000000000000000000000000000001000000000000001100000000010000000000000101000000000000000000000000000000000000000100000000000100010010000000001000000010000001000000000000000000000000000000000
1000001000000000000000000000000000000000000010000000000000000000000000000000000010000000000000000000000000000000000000000000000000000000000000000000000000000000000000000000000000000100000000000010000000000000010000010000001010100000000000000000000000000000
0000000100000000000000000000000000000000000000000000000000000000000000000000000000010000000000000000000000000000000000000000000000000100000000001000000001000010000010000000000000100000000100000000000000010000000000000000010000000010010000101000100000000001
0000000000000000000000000000000000000000000000000000000000000000000000010000000000000000000000100000000000000000100000000000000000000000000000001000000001000001000001010000000000000000000000000000000001010010000000001000000000000000001000000000000000000000
0000000000000000000000001000000000000000000000000000000000000000000000010000000000000000000000000000000000000000000010000000000001000000000000000000000000000000000000000000000000010000100000000000001000000001000000000000000000100100001000000000000000000000
0000000000000000001000000000000000000000000000000000000000000000000000000000000000000000000000001000000100000000000000000001000000000000000000000000000000000000000000000000000000000000000000000000100010000000010000000000000000000000000000000001000000000000
0000000000101000000000000000000000000000000000000000000000000000000000000000100100000000000000000100000000000000010000000000000000000000001000000001010000000000000000000000000000000000000000000000000000000000000000000000010000010000000000000001000100000000
1000000000000000000000000000000000000000000000000000000000000000000000000000000000000000000000000000000000000000000000000000000000000000000000000000100000000000000000000000000000010000100000001000000000000000000000000000000000000000000000000000000000000000
0000000000000000000000000000000100000000000000000000000000000000000000000000000000000000000000100100000000100100100000010000000001000000000000000001001000000000010000010000000000001000000000100001000010010000000000000000000000000010000111000000000000000000
0000000000000000000000000000000000000000000000000000000000000000000000000000000000000000000100000000010000000000000000100010000000000000000000000000000100000000000000000000000000000000000000000000000011000000000000000000000000000000000000100000000000010000
0000000000000000000000000000000000000000000000000000000000000000000000000000000000000000000000000000000000000000000000000000000000000000000000000001000000000000000000000101000000000000000001000000000000000000000000000010100000000000000000000000000000000000
0000000000000000000000000000000000000000000000000000000000000000000000000000000000000000100000000001010000000000000000000010000100000000001000000000000001000000000000000100000000000000000000000000000000000000010000001000000001000000000000000000000010100000
1000000000000000000000000001000000000000000000000000001000000000000000000000000000000000000000000000000000000000000000000000000000000000001000000000000000000000000000000100000000000000000000000000000000001000001001000000100000000000000000100110010000000000
0000000000000000000000000000000000001000000000000000000000000000000000000000000000000000000000000000000000000000001000000100000000000000000000000000110000000000100000000000000010000000000000000000100000000000000000001000000000000000000000000000100000000100
0000000000000000000000000000000000000000000000000000000000000000000000000000100000000000000000000100000000000000000000000000000000000000000000000000000100110001000001000000000000000000000000000010000000100100000000101000000000000110000000000000000000100000
0000000000000100000000000000000000000000000000000000000000000000000000000000000000010000000000000000000000000010000000000000000000000000100000000000000000000000000000000000000000000000000000000000000000000000000000000000000010000000000000000001000000000000
0000000000000000000000000000001000000000000000000000000000000000000000000000010000000000000000000000000100000000001000000000000000000000000000010000000000000000001000000000000000000000000010000000100000000001000000000010010100000000010010000000000000100000
0000000000000000000000000000000000000000000100000000000000000000000000000000000000000000000000000000000000000000000000000000000010000000000000000100000000000000000000010000000000000000000000000001000000000000000010010000000000000000000000000000000000000000
0000000000000000000000000000000000000000000000000000000000000000000000000000000000000000000000000100000000000000000000000100000000000000000000000000000000000000000000000000000010000000000000010000000000000000000000000000000000000000000000100000000000000000
0000000000000000000000000000000010000000000000000000000000000000000010000000000010010000000000000000000000000000000000000100000000000000000000000000000010000000000000000000000000000000010000000000110000000000000000000000000000010000000000000000000000000000
0000000000000000000000000000000000010000000000000000000000000000000000000000000000000000000000000000000000000000000000000000000000000000000000000000000000000010000000000000000000000000000000000010000000000000000000100000000000000000000000000000010001001000
0000000000010000000000000000000000000000000000000000010000000000000000000000000000010000000000000000000000000000000000100000100001000000000000000000000000000000000000000000000000000110000000000000000000010000000000000000000000100100000000000000000000000000
0000000000000000000000000000000000000000000000010000000000000000000000000000000000000000000000000000000000000100000000010000000000000000000000000000000000000000000000000010000000000001001000000000000000000000000000000100000000000000000000000000000000000000
0000000000000000000000000000000000000000000000000000000000000000000000000000000000000000000000001000000000000000000000000000000000000000000000000100001000000000000000100000000100000000000000000000000000000000000000000000000000000000000000000000000000000000
0000000000000000000000000000000000000000000000000000000000000000000000000000000000000000000001000000000000000000000000000000000000000000001000000000000000100000000000000000000000000000000000000100000000001000000000000000000000000000001010000000001000000000
0000000000000000000000000000000000000000000000000000000000000000000000000000000000000000000000000000000000000000000000000000000000000000001000000000000000000000000000000000000000000000000000000000000000000101000000000000000000000000000000000000000000000000
0000000000000000000000000000000000000000000000000000000000000000000000000000000000000000000000000000100000000000001000000000000000100000000010100000000010001000010110000000000101000000000000000000000000000000000000100000000100010000000000000010000000000000
0000000000000000000000000000000000000000000000010000001001000000000000000100000000000000000001000100000000010000010000000000000000000000000000000001000100000000100001000000000000000000000000001000000000000000000000000010100000000000000000000000000000010000
0000000000000000000000000000000000000000001000000000000000000000000000000000000000000000000000000000000101000000000000000000000000000000000001000000000000100000000100000000000000000000010000000000000000000000000000000010000000010000000000000000000000000000
0000000000000000000000100000000100000000000000000000000100000000000000000000000000000000000000000000000000000000000000000000000000000000000000000010000000000000000000000100000000000000000000000000010000000000000000000000010000000000100000000000000000000000
0000000000000000000000000000000000010000000000000100000000000000000000000000000000000000100000000000001000000000000000000000000000000000000000000000100000000000000000000000000000000000000010000000000000000000000100100000000000000000000000000000000010000000
0000000000000000000000000000000000000000000000000000000100000000000000000000000000000000000000000000000000000000000000000000000000000000010000000000000000010000000000000100000000000000000000000000000000000000000000000000000000000100000000000000000000000000
0000000000000000000000000000000000000000000000000000000000000000010000100000000000000000000000000000000000000000000010000000000000000000100000000000110000000000000100000000000000010001000000000000000000000010000000100000000000000000000000000000010000000000
0000000000000000000000000000000000000000000000000000000000000000000000000000010000000000000000000000000000000000000000000000000000000000000000000000000000000000000000000000000000001000000000000000000000000000000000000000000010000000000000000001000000000100
0000000000000000000000000000000000000000000000000000000000000000000000000000000000000000000000000000000100000000001000001000001000000000100100000000000000000010000000000000000000000000000000000000000000001000000000000000000000000000000100000000000000000100
0000000000000000000000000000000000000000000000000000000000000000000000000000000000100000000100000000000000000000000000001000000000000001000000000000000000000000000000010000000000000000000000000000000000000000001000000000000000000000000000000000000000000000
0000000000000000000000001000000000000000010000000000000000000000000000000000000000000000000000000000000000001100000100000000000000000000000000000000000000000000000000000000000000000000100000000000000000000000000000000000000000000000000000000000000000100000
0000000000000000000000000000000000000000000000000000000000000000000000000000000000000000000000000000000000000000000000010000000000000100000000000000000000000000000100000000000000000000010000100010000000001000001000000000000000000000000000000000000001000000
0000000000000000000000000000010000000000000000000000001000000000000000000000000000000000000000000000000000000000000000001001000000000000000000000010100000001010000000000000000000010010000000000000000000000000000000000100000000000000000000000000000000010001
0000000000000000000000000100000000000000000000000000000000000000000000000000000000000000000000000000000000000000000000000000000000000000000000000000000000000010000000101100000000000000000000100000000000000001000000000000000000000000000000000000000000000000
0000000000000000000000000000000000000000000000000000000000010000000000000000000000000000000000000000000000010000000000000000000000000000000000000000000000000000000000000100000000000000000000000000001000000000011000000000001000000000000001000001000000000000
0000000000000000000000000000000000000000000000000000000000000000000000000000000000000000000000000000000000000000100001000000000000010000000000000000000000000000000000000000000000000000000000000000000000000000000000000000000000000000000000000000000000000001
0000000000000000000000000000000000000000000000000000000000000000000000000000000000000000000000000000000000000000000000000000000000001000000000000100000000000000000000000000000000000100000000000000000000000000000100000000000100000000000100000000000001000000
0000000000000000000000000000000000000000000000000000000000000000000000100000000000001000000000000000000000000000000000000000000000000000001000000000000000000000000000000000000000001000000000000000000000000010000000000000000000000000000000000000000000000000
0000000000000000000000000000000000000000000000000000000000000000100000000000000000010000001000000000010000000000000000000000010100000000000000000000000000000000000000000000000000001000000000000000000000000000000010000000010000000000000000000000000000000000
0000000000000000100000000000000000000000000000000000000000000000000000000000000000000000000000000000000000000100000000000000000000000000000000000000000000000000000000010000000000000000000000000000000000000000000000000000000000000000000000000000000000000000
0000000000000000000000010000000000010000000000000000010000000000100000000000000001000000000000000000000010000000000000000000000000000100000000000000000000000000000000000000000000000000000000000000000000000001000000100000000000000000000000000000000000000000
0000000000000000000000000000000000000000000000000000000000000000000000000000000000000000000000001000000000000000000000000000000000000000000000000000000000000000000000000000000000000001001000000000000000000000000000000000000000000000000000000000000000000000
0000000000000000000000000000000000000000000000000000000000000000000000000000000000000000000000000000001000000100000000000000000000000000000000000000000010000000000000100001000000000000000000000000000000000000000000000000000000000000000000010000000000000000
0000000000000000000001000000000000000000000000000000000000000000000000000000000100000000000000000000000000000000000000000000000000100000000000000000000000000000000001000000000000000000000000000000000100000100000000000000000000000000000000000000000000000000
0000000000000000000000000000000000000000000000100000000000001000000000000000000100000000000000000000001000000000000000000000000000000000000000000000000000000000000000000000000000000000000000000000000000000000000000000000000000000000000000000000000000000000
0000000000000000000000000000000000000000010000000000000000000000000000000000010000000000000000000000000000000000000000000000000000000000000000000001000000000000000000000000001000000000000000000000000000000000000000000000000000000000000000000000000000000000
0000000000000000000000000000000000000000000000000000000000000000000000000000000000000000000000010000000000000000010000000000000000000000100000001110000000000000000000100000000000000000000000000000001000000000000000000100000000000000000000000000000000000000
0000000000000000000000000000000000000000000000000000000000000000000000000000000000000000000000000000100000000000100000000000000000000000000000000000000000000000000000000000000000000000000000000000000000000000000010000000000000000001000000000000000000000000
0000010000000000000000000000000000000000000000000000000000000000000000000000000000000000000000000000000000000000000000000000000000000000000000000000001000000001000000000000000110000000000000000000000000000000000000000000000000000000000001000000000000000000
0000000000000000000000000000000000000000000000000000000000000000000000000000000000000000000000010000000000000000000000000000000000000000000000000000000000100000000000000000001000000000000000000000000000000000000000100000000000000000000000000000000000100000
0000000000000000000000000000000000000000000000000000000000000000000000000000000000000000000000000000000000000000000000000000000100000000000000000000000000000000000000001100000000000000000000000000000000000100000000000000000000000001000000000000000000000000
0100000000000000000000000000000000000000000000000000000000000000000000000000000000000000000000000010000000000010000000000000000000000000010000000000000000000000000000000000100000000000000000000000000000000000000000000000000000000000000000000000000000000000
0000000000000000000000000000000000000000000000000000000000000000000000000000000000000000000000000000000000000100000000000000000000000000000000000000000000000000000000000000000000000100000000000000000000000000000000000000000000000000000000000000000000010000
0000000000000000000000000000000000000000000000000000000000000000000000000000000000000000000000000000000100000000000000000000000101000000000000000000000000000000000000000000000000000000000000000000000000000000000000000000000000000000000000000000000000000000
0000000000000000000000000000000000000000000000000000000000000000000000000000000000000000000000000000000000000000000000000000000000000000000000000000000001000001100000000000000000000000000000000100000000000000000000000000000000000000000000000000000000000000
0000001000000000000000000000000000000000000000000000000000000000000000000000000000000000000000000000000000000000000000000000000000000000000000000000000000000000000000000000000000000000000000000000000000001000000000000000000000000000000000000000001000000000
0000000000000000000000000000000000000000000000000000000000000000000000000000000000000000000000000000000000000000000000000000000000000000000000000000000000000000000000010000001000000001000000000000000000000000000000001000010000000000000000000010000000000000
0100000000000000100000000000000000000000000000000000000110000000000000000000000000000000000000000000000000000010000000000000000000000000000000000001000000000000000000000000000000000000000000000000000000000000000000000000000000000000000000000000000000000000
0000000100000000001000000000000000000000000000000000000000000010000000000000000000000000000000000000000000000100000000000000000000000000000000100000000000000000000000000000000000000000000000000000000000000000000100000000001000000000001000001000000000000000
0000000000000000000000000000000000000000000000000000000000000000000000000000000000000000000000000000000000000000000000000000000000000000000100000000000000000000000000000000000000000000000000000000000000000000000000100000000000000000000010000100000000000000
0000000000100000000000000000000000001000000000000000000000000000000000000100000000000000000000000000000110000000000000000000000000000000000000000000000000000000000000000000000000000000000000000000000000000000000000000000000000000000000000000000000000000000
0000000000000000000000000000000000000000000000000000000000000000000000000000000000000000100000000000000000001000000000000000000000000000000000000000000000000000000100000000000000100000000000100000000000000000000000000000000000000000000000000000000000010000
0000000000000000000000000000000000000000100000000000001000000000000000000000000000000000000001000000110000000000000000000000000000000000100000000000000000000000000000000000000000100000000000000000000000000000000000000000000000100000010000000000000000000000
0000000000000000000000000000000000010000000000000000000000000000000000000010000000000000000000000000000000000000000000010010000000000000000000000000000000000001000000000000000000000000000000000000000000000000000000000000000000000000000000000000001001000000
0000000000000000000001000000000000000000000000000000000000000000000000000000000000000100001000000000000000000000000000000000000000000000000000000000000000000000000000000000010010000000000000000100000000000000000000000000000000000000000000000010000000000000
0000100000000000000000000000000000000000000000000000000000000000000000000000000000000000000000000000000000000000000000000000000000000000000000000000000000000000000000000000000000000000000000000000000000000000000100000000000001000000001000010000100000000000
0000000000000000000000000000000000000000000000000000000000000000000000000000000000000000010000000000000000000000000000000000000000000000000000000000000000000000000000000000000000000000000000000000000000000000000000000000000000000000000000000000000000001000
0000000000000000000000000000000000000000000000000100000000000100000000000000000100000000000000000000000000000000000000000000000000000000000000000000010000000000000000000010000000000000000000000000000000000000000000000000000000000000000000000000000000000000
0000000000000000001000000000000000000000000000000000000000000000000000000000000000000000000101000000000000000001000000000000000000000000000000000000000000000000000000000000100000000000000000000000000000000000000000000000000000000000000000000000100000000000
0000000000000000000000000000000000000000001000000000000000000000000000000000000000000000000000000000000000000000000000000000000000000000000000000000000000000000000000000000000000000000000000000000000000000000000000000000000000000000000000000000000000000000
0000000000000000000001000000000000000000000000000000000000000000000000000000000000000000000000000000000000000000000000001000000000000000000000000000000000000000000000000000000000000000000000000000000000000000001000000000000000010000000001000000000000000000
0000000000000000000000000000000000000000000000000000000000000000000000000000000000000000110000000000000000000000001000000000000000001000000000000000000000000000000000000000000000000000000000000000000000000000000000000000000000000000000000000000000000000000
0000000000000000000000000000001000000000000000000000000000000100000000100000000010000000000000000000000010000000000000000000000000000000000000000000000000000000000000000000000000000000000000000000000000000000000000000000000000000010000000000000000000000000
0000000000000000000000000000000000000000000000000000000000000000000000000000000100000000000000000000000000000000000000000000000000000000000000010000000000000000000000000000000000000000000001000000000001000000000000001000000000000000000000000000000000000000
0000000000000000000000000000000000000000000000000000000000000000000000000000010000000000000000000001000000000000100000000000000000100000000000000000000000100000000000000000000000000000000000000000000000000000010000100000000000000000000000000000000000000000
0000000000000000000000000000000000000000000000000000000000000000000000000000000000000000000000001000000000000000000000000000000000000000000000100000000000000100000000000000000000000000000000000000000000000000000100000000000000010000000000000000000000000000
0000000000000000000000000000000000000000000000000000000000000000000000000000000000000000000000000000000000001000000000000000000000000000000000000000000000000000000000000000000000001000000000010000000000000000100000000000000000001000000000001000000000000000
0000000000000000000000000000000001000000000000000000000000000000000000000000000000000000000000000000000000000000000000000000000000000000000000000000000000000000000000000000000000000000000000000000000000000000000000000000000000000000000000010000000000000000
0000000000000000000000000000000000000000000000000000000000000001000000000000000000000000000000000000000000000000000000000000001000000000000000000000000000000000000000000000000000000000000000000000000001000000000000000000000000000000000000000000100000000000
0000000000000000000000000000000000010000000000000000000000000000010000000000000000000000000000000000000000000000000000000000000000000000000000000000000000000000000000000000000000000000000000000000000000000000000000000000000000010000000000000000100000000000
