0000000010000000000000000000000000000000000000000000000000000000000000010000010000000000000000010000010000000000000000000001000000000000000000000000001000000000000010000100000000100000011000100000000000010000000000000001000000000000000000000001000000000000
0100000100000000000000100000000000000000000000000000000000000000000000000000000000001000000010000000000000000000000000000000000010000000000000001000001000000000000100001000000000000010001011000000010000000000000000000000000000000000000000000000000000000000
1000000000000000000000000000010000100000000000000000000000000000100000000000000010000000000000000001000001000000000010000000000010100000000000000000001000000000000010001000100000000100010100000000010000000010001001000000000000000000000000000000000010100000
0000000000000000000000000000000000000000000000000000010000000000000000000000000001000000000000000000000001000000000000000000100000000010010000010000000000000000000100000000000000000000000000000010000000000000010000000000001000100010000000000000000110000000
0000000000000000010000000100000000000000000100000000000000000000000000000000000101000000100000000000000000000000000000000000001001000000000001000000001000000000000000011000000010000000010000000000001000000100100000010000000000000000011000001000000000001000
0000000000000000000000100000000100000000000000010000000000000001000001000000000101000010000001001000000000011001000000010000000000010010000000000000000011000000000100000000000000000001000000000000000000010000000000100000100001000000000000100000000000000000
0000000000000000000000000001000000000000000001000000000000000000000010000000100000000000000001000000000000000000000000010001100100011000110000000000000001010000000000000000000100000000000001010100000000100000000010000100000001000000010000000000000100000000
0000000000000000000000000000000000000000000000001000000000000000000000000000000000000000000000010000000000010000000000000000001000000000010000000010000000000000001000100000000000000000000100000100000000000000000000000000000000000000000110000000000000000000
0000000000000000000010000000000000000010000010001000001000000000000000000000001010000000000000000000000000000000000000000010000000000000000000000100000000000001000000000000000100001000000000000000100000000010001000000000000000001000110001000000000000000000
1000000000000000000000000000000000000000000000000000000000000000000000000000000000010000000000000000000000000000000000001000000000000000010100100010000000010000000100000001010000000000000010000010000000000000000000000000000000000000000010000000000000010000
0000000000000100000100000000000000000000000000000000000100000000000000000000100000001000000000000000000100000000000000001000000010000100000111000010000001000000011100000000000010000000001000100000000000000000000011100000100000000000010101000000000000000000
0000000000000000000000000000001000000000000000000000000000010000000000000000000000000100000000000000000000000000000000000010000000010000000000001000000000001000000000000000000000000101000000000000000000000000000000000000000000000100001000001100000000000000
0000000000000000000000000000000000001000000000000000000000000000001000000000000000100000000000001000010000000000000000100000010111000000100000000000010000010000000000001000000001000001100100010000001000001000001001110001000110100010000000000000101000010100
0000000000000000000000001000000000000000000000000000100000000000000000100000000000000000000000010100010000000000000000000100000001000010000000000100011100000000100000000100000000000111000010000110000000000000000000000000000000010001000000000000000100000000
0000000000000000000000000000000000001000000000000010000000000000001010000001000000000001000000000000000000000000101011000000010000000001000000000100101010001000001000000000000100000010100000000000100100100010001000000000010000000000010000000000000011000000
1000000000000000000000000000000000000000100000100000000000000000010000000000000000000000000000000000000000000001000000000100000000000000010000000000000000101000100000000000000010100000000001100000010100001000000000000001000000100000001000000000001010000010
0000000100000000000000000100000000000000001000000000100001000100000100000000000000000000000000000000000000011000000110000000000010000010110000000000010010000001000000001000000000010000000100000010000100010000100000000000001000000000000000000000101001000000
0000000000000000000000000100000000000000100000000000000000000000000000000000000000000000000000000001000000010000000000000000100000100001100001000000001000110000000101000011000000000000000000000000010000010010000000000000000000010000000000000000010000010100
0000000000000000000000000000000000100000001000000000001000000101000000000100000000000000000010100000010000010100000001000000000000000000000000000000000100001000001100100000000000110001000001100000101010010000000000010000001010000000000001000010000000011000
0001000000000000000000000011000000000000000000000000000000000000000000000000010101000001000000000000000000000000000000000000010000001000000001001000000000000011001000000000000000000000000000000000010000000010001010000100000000001000000001000000100000000100
0001000100000000000000000000100110000000000000000000100000100010000000000001000010000000000000000011001000000100000100000101001010000000100000001000100100100001000000000100001000110000100000100000100010000001011000010110100010000000001000010001001000000100
0000000010000010000000000000000100000000100000000010000000000000000000000000000001000000000000000000100000001010000000000000000000000001000000000001000000000000001000000000000100000010000100010001011000000100010000000000100000011000000000000000000001000000
0000000000000000000000000000000000100000000000000000000000100100000000000000000000000001000100000000000000101000010100000000110100100011000010000000000000000000001010000001011001000000000000001010000000000111100000000010000000001010110000000000010000001000
0000000000000000000000000000000000000000000001000000000000000000000000000000000000100000000001000100000010100000001000000000000000000011001000000000100000000010000000000000001000001000000100000000000000001001000100000010000000010000011000000000000000000000
0000000000000000000000000000000000000000000000000000000000100000000000100010010000000101000001000100001000000000000000101000000000100000100010000100000100000010000000000000100000000000000000101000100010000000100101111000000000100010100000000100001010000000
0000000000000000000001010000000000000000000000000000000001010000000000100000000001100000100000000000000000000010000000000000000000010001000000001000010000000010000000000000000100000000010000000000000000000000011000010010100010000000000011011000000000100000
0000000000000010000010000000000000000000000000000000000000000000000000000000000000100000000000000010000000000000000000000000000111000000101000110111000010000000100000000010000000000000000110001100101000001000001000101000110100000010010001011010010000000010
0000000000000000000000000000000000000000000000000000000000000000000000001000000000100000000000000001000000000000000000000000000001010000000000000000000000100000110010000000000000001000000000000000000000100000100100000101000000000001100000001100100000010000
0000000000010000000000000000000000000000000000000000000000000000000000001000001000000000000000001000001000000000000000000010000010100000000000100000100001000000000000000000000001000100001000101000010010000100000100000100000010000010001000001110000000000100
0000000001000100000000000000000000000000000000000000000000000000000100001000000000001101000010000000000000001000000000100000000000000000000001000000000100000000000000000000101111111010101111001110011000001111111000010001000000000101001001001001110000000101
0000000000000000000000000000000000000000000000000000100000000000001000000000000000000000100000000001000011000000100000000000000000000000101010100000001000010001001101100000000101111100111010001100001110110011011111100110111101110100100000001000000000001000
0000000000000000000000000000000000000000000000000000000000000000000000000000001000001010000000000100000100001000010000010000000000000000001000000011001001100101101011001110000101100100100111001000110011001010001101000010101111000011010100001000000001001000
0001000000000100000000100000000001000000000000000000001000000010000100001000000000000000001000000000100000000000000000000001101000000101101000010111111001100101111001110111100101101101111100111010101100111101010110110011100111011011010101101110000010010101
0000000000000000000000000000000000000000000000000000000000000000000000000100100000001000000001000000000000011000000001000000000000000011001010000000001111011010110111001111101111100100110000010100010111001101111011100111100111111010101010011001101001000000
0000000000000000000000000000000000000000000000000110000000010000000000100000000000000001100000010000000000000000000000000100001010111111011000011001101110110111000011110001011101011111111111110100100110001000100111110001100011101110011101111111111111001110
0000000000000000000000000000000000000000000000000000000000000000000000000000000001100000000000000000000000101000000001111100001000111100101100001010001010101111111100010010110110110111100001111111011110110101010100100011011110010111110011101100111111000110
0000000000000000000000000000001000000000000000000000000001000000001000010010000010000010000000000001011000000000101010010000100100010100101101011111110111011110111111010011101101100110110111100101111010011111110111101100111100101011101100111011110110110111
1000000000000000000000000000000000000001000000000000000000000000000000000000000000000100100010010011001000010010010000101001001000100100101001010010001001100011011101100110100011000000111100101011101110100111001001101010101101101101101011000110001001100011
0000100000000000000000000000000000000000000000000000000000000000000000000000000010000000000100000001000000010001110111111111111001011100111110111110101101101100010100110100101111111011111111101110101101110100011111111101011100000001100110100101111011110011
1000000000000000000000000000000000000000001010000000000000001000000000000000000000011001000000100000000000000000111000010010111101001010011001010001010011111000001011100001100010010110010101000111011100111110110011101111101000011001000111111011110111110111
0010000000000100000000000000000000000000000000010000000000000000001000000100000000000000000010001000100100001101100100101100101010111101110111111110101011101111111011111001010110111010011110010001111101011110101100111111110101101110110110110101111111001011
1000000000000000000000000010001000000000000000000000110100010000000000000000000000000000000000000100001000010011110001100011100111110011001011100000001010011110100100111110111101011000111111110011111001000111111101110001000011011000101100100111111101110010
0000000000000000000000001000000000010000000000000001000000000000000000000010000001100000000000000101010101001101111010010000001110111111011011000011010010011011110111110110101011101110001111011010100011111111011011111100111111101110111111111111011111101101
1000000000000000000001000000000000000000000010000000000000000000000000000000000000000100000000001100001101001100011100111110100000100111100011100100101100100000010001010000110010111101000101110000111010111011011110011101010110100011100101110000101111101010
0000000000100000000100000000100000000000000000000000000000000000000000011000000100000001010000111010001010011100101111011110011100111110110111110011101110101011101110011010111110101011110111100011111110111111111111111010111100111101011010101111110111010011
1100000000000000000000000000000000000000000000000100010001000000000010000000100000010000010000000000100000010010110000101111001100110011001101110110000010001100011100010111111110001101010110011101101100110111110111110001011111101010001001111001010000011100
1000000000000000000000000000000000000000000000000000000000000000000000000000000000000000000011101000101111111010111010101111001111111001111001100101001011111110111000100011110111111110010011100110111111011110101101101101011001100100011010111101111011110100
1000000000000000000000000000000000000000000000000011000000000000100000000010000000000000000010100010000110010010000100010010011101000011010110111101110101010011011111101001000101110100001001000011000000110011110111111110000100011100011101010010101010001111
0000000000000000000000000000000010000001000000000000000000000000000000000000000101000000101001001000101010100110110000110011101011110111111011111101111101111111101101010001111100011000111010101010101010100100111110111111111011100101011111010111101101011011
1000000000000000000000000000010000000000000000000000000100000100000001010001000000001000100000001010010011100001010011101111110011100110100001000010011010101100011011111101000101000110100010100110111000101000001101011110101110100100111100111001100011011011
1000010000000010000000000000000000000000100000001000010000000000000000000000000000000100000110101001011111011110111111111100011011111100111111011100001110011001001111110011101101011010001011101011111101101111111111001010011111110110110011010111110111110001
1001100000000000000000000000001001000000000000000000000000000000000000000000000000000000001100011101110011000111011010011110111100101110111010110101000100110000011111111000001110101001000011100000101001101011110011110001100101100110110010111100101111111101
0000000000000000000000000000000100000010000010000000100000000010000000100000000000000011000000010001111010001111101001100001111011101111111011011011001110010111011111110111101101111111000001001110110111111010011011111010100111100011010111101011101111110111
0100000000100000000000000000000000000000000000000000000000000000000000000010000001100000011000011100011010001110001011010001111010000010111000100001100000110101111111101111111011001101111011101011000101010000111111011111101011010110011110101011101100111010
1000100000000000001000100000100000000000000000000000000000001010001000000000100000011001011001111100101010011101111011111110111100101100010111101101101111111110101011111111101001010010111011010010111011110101011010000010110111011100101011111110011110111111
1000000000000000000001000000001001000000000000000000000000000000000000000000000000001000110010010000000110011111100100000100111111110111100110110010001100010110110011110001001000101110111110000111111101001011011001011000001000100011001101011000111110011001
0000000000001000000000000000001000000000000000000000000100000000000000000000000000000100011011101011000010111101101100011111111101110001010111110101011110010111111110000110111100011001001001100010110111101110111111101110011000010111111101110111110110111000
0000000000000000000000000000000010000000100000000000000000000000000000000100100000001010000010001000000010011110010011100101100011000110001101111101101011001001100111110111111010001011100100110010111111101000001101111111000011101000010010001111110110100000
1000000000000000011000000001000000000000000000000000010000100000000000000001000010100111001101111010000111001111110111111111110111001101110010110111110101001111011111000110101111000110111110111100111110111101001011000000111111111011100110011101011011111011
1000000000000000000000000000000000000000010000000000000000000000000010000000010010000000011111001110111100110101001101101000011011011110000010001011100101011101101101110100101101110110111101100101100111100111101101101100011010010110010100111010111011011101
0000000000000000000000000000000000000000000000000100000000010000000000000000000010000001101010111011011010011011110011010101110101101110101101010011111011001011111110111110111101110111001011011111101000111101110110111011011110111011011101111111110011111001
1001000000000000000000000000001000000000010000000000000000000000010010000000000010110010001011001110111001001101110101101001110010111100010001010010101000011110110011101001110110100011011000011010111100111111001111000011001100001100000101101101010011111011
1000100000000000000000000000000000000000001000000000001000100000000000000001000110001000111110101111111011011111101011100000111110011101111110001001001001100110010010011111111111111101101110011111111001100111101100001110011011111111011110011101101110100011
1000000000000000000000000000000000000000000000000000000000000000000000000000001000010000001000011111100100101001000011010101111011101111000101100110101110011111111000111011011111011010010101011111101110011011001001100101111010111011111110101000000001101010
0000000000000000001000000000000000000000000000100000000000000000000000001001010100000010100001110011111111111111011110110111101011101011111111111110111110101001001111011110111101110010010000101101110111101101110111110111111101101001100111111110101111101011
0000001000000000000000000000000000000000000000000000000000000000000001000000110100000001011010101110000010000011101100110001110000100111110010111101000011110011111101111001000011111100111011100011010010001111001100000011010010110101001010110010000111100001
0000000000000000000000000000010000000000000000000000000000000000000000000000000011001111111001111111101110111111001010011000100111100111011010011101101111111100111000100111101010011101011010111000110111111111111110101111111111001111110110101110110110101110
1000000000000000000001000000010000000000000000000000000000000000000000000000001001011100011100011110101111110000010110001111101011100010100100011110010101010001011001111101110110001001000100011111110000011100101001101010100001001001110011111011111111111100
0000000000000000000000000000000000100011000000000000100000000100000001000000000000111011000101110101101011011011101000100101111001100111011111110101100101111100100000100101001101111111010110111000111111011111111110001111010111111110101110101110101111101011
1000000000000000000000000000000000000000000000000000000000000000100000000001010010101100111011101001110111110011110111000110011010110000011101100110101000110101110111111011010000011101010011011010111011000111101111011001110111000011111011100110001101101111
1000000000000000001001000000000000000000100001000000000000000000011000000000001001001101101011101010100110001011011011101101011110001110011110101111111010010111111110111111110111111010011101111111001011100111111111111101100110001011101100111111101000101010
0000000100000000000000000000000000000001000000000000000000100000000000000110001100110100010000101011110110100110000011111001110100111000000000001111011111011010100001001001001101100100110011010001100011100110111010111101011110001001010001110110111010101010
0000000000000000000000000000000000000000000000000000000000000000000000010010101111111110101100011011111101101000110101111111110111111010010110111111111110100111011101111111111111111011001111111111101011111010110001011011111001110011101011111101011011101010
0000000000000000000000000000000000010000000000001000000000000010000000000001111110001001000010011101010001001000001001010100111010010101100101101110111010111110010010000010110011010011111111001110110011000010011111000111001110010101011100001000000001010000
0000000000000000000000000000100000000000101000000000001001100000000001010010001111001011101100111110101111101001110010001011101110100010111000111010100100010001011111010011111010111011111111010011101010101011101111100100101110000010010000000010010000000101
0000000000100000000000000000001001000001000000000100000000000000000000100001000110000100111000101110110011111001110101111000111111011010010001111010101010101011011100101010111000001110001010110010000101000110001000011000001000000100010010000000001110000000
0000000100000000000000000000000000000000000000000000000000000000000000000110101001110011001111111111010011111111101110110110101111000010010011110111111111111110111110010111100110001011101100100100000111000111000000001000101001100000110010101010000100000001
0000000000000000000000000000000010000000000000000000000000000000000100010010110110001000110000000100100010000101100001010010100000001101101010010100101100011000010011100000000100000110010100110000000010101001000010000000000011000001000010000000101001000000
1000000000000001000000010000000000000000001000000010110000000001010010010000000000001011000010000000000010000000111100000000010001000001000001001010100100000111010100110100010111001000010110000000110001000000010000000010101000000010001001000011000000001000
0000000000000000000010000000000000000000000000000000000010000000000010001001000000000000000001000100000000100000100010000001100010100010001000010000000001100010100100100000010000101010000010001001001001100000111000000100001000000000011000000100000101100000
0000000000000000000000000000000000000000000001000000000000000000000000000100000000010000001000000000100000000000001000000000011001001111000000000000001100000011000010000010000100000100000001000001100000000001001001100100000011110100000100000001111101000011
0000000000000000000000010000010000000000000000000000000000000000000000000000100000000100100000000000000000110000011010101110001010000001000000010000010000100110100011000000110000000000010000000010000000011011001110110011000100011000000000110010100001001000
0010000000000000000000000000000000000000000000000000000000000000000000000000000000000110000010000000000010000000100000000010000000000000011100100010001000101000011001100001100011000011101000100010111000100100110100011010000010001000110001111000001100000000
0000000000000000000000000000000000000000000000000000000000000000000010000000000010010000000000000010101000000000000000000000000000010001000100000010000110000010000001001000010101011000010110001000100001010000000100000000010001000110001000101000001010000001
0000000000000000000000000000000000000010000000010000010000000000000000000000000101000001000000000000100000100000000010000001000000110100100110110000000100010100100011111001000110001001100100110000101010110010000010001010001001000111000000001000010000000100
0000000000000000000001000000000000000000000000000000000000000000000000000000001000010000001001000110001100000100000100000010000000000000000000100000101000100001010010100010010000000000100011000000000111001010000000000000010001000010001100000000010000000100
0000010000000000000000000000001000010000000100011000100000000000000000000100010010000001000000000000100000000010111000000001000000010000011001111000001000100101000001000000110110001110010100000101010000110100011001110100001100001010000110100000100000000100
0000000000000000000000000000000010000000010000000000000000000010010000000000000000100001000000000000010011000000000001010001110000000010010010010000000000001010001101000000100000000000001101000010100000010000000001000101100000100010100101000000110010000010
0000000000000000000000000000000000000000000000000000000000101000000010000000000000110000001001100001010001000100000010010011000000100000010100101000001000100000000100100001000111110011100010111101010110110000011000000100011000000000010000100001010000000001
0000000000000000000000000000000000100000001000000000000000100100101000100010000000000001100000000001100000000100000000001100000000000000000000000000000000000010010000110000000000000000100000000010001000010101001000010000001100000000000000000000000000001000
1000000000000000000010000000000000001000000000000000000000000000000000000000000000000001000000101000000000000000000000000001100000001000000110100100101101000000010010010000000111000001000000110101101000011101001110000110000000101011101110001010100010001110
1100000000000000000000000000000000000000000000000001000000010000000000000000000000000000000000100101110000000000000010000000000000000000111000001000000110000010000000000001010100110100000110011011100010010000000100000011000101001111011101101010010010101101
0000000000000000000000000100000000000000100000001000000001000000010000000001000000010000000001000000000000011000000001011100000100000001010100001000010000110010011010101000000000010101100010100011110001101001110010110101100111111011111111111011000111101011
1000000000000000000000000000000000000000000000000000000000000000010100000000000010000000100000100010000000101000000000011010100000000000000000000000101001010000001001101101001000001010000001100100101000101011011010101010001100000010110100011100010011101110
0000000000000000000000000000000000000000000000000000000000000000000000000000000000010000001000000000000000001010000000101000000001100000000000101000100101000011100001110000100001100011100101111111010111101011111110111110110111111100101100111010110101101111
1000000000001000000000000000000000000000000000100000000000000000001000010010000000000000000000000000010010000000000000000000000000010100010000110001001101111010011000001110011011010001001000111011101110111001010100011011000011110010010001111100011110000010
0000000000000010000000000000001000000000000000000001000000000000001000000000000000100000000000000000010010001001000000000010000011000110010101110111000111111001101111111001111011011001111011111110101101111111111110010011111100111110111111011011101010101111
1000000010000000000000000000000000000000000000000000000000000000000000100000000000000000000001100000000010000000000000000001100100000011100110000001011011111100110011101000001001010011001100001101011001111110010100001011101110010010011110111000101011111111
0000000000000000000000000000000000000000001000000000000010000100000000010000000010010000000110000000100000000000001001010000101100100111000111101101001011111111111110101111111011110011101011101111000111111011101111101110111100110110011110101110111110101110
1000000000000000100000000000000000000000000000000000000000000000000001000100010000000000000010000001010100001000111000111101100101100001001011110000010100101110001011010101011100100001110101101110010110011110110000100100110110011010000011000010010010001001
0000000000000000000000000000011000000000000001000000000010000100000000000000000100000001011001000110001100110111101011100101101101111100100101110001100101010111110001011011111111111010011011011111101000110011001110011001101111101110111111111011111111011110
1000000000000000000000000000000000000000000000000000000000000000000000010001100011110011000100011111101001110011001001000101011101000001111011011101100110100101011011101010000010000000100001110000001000111001000110101000010011010101000010100011011000001101
0000000000000000000000000000000000000000100000000001000000000010000001110011110010101111011011101111010110100001111011100100101100110110100110100101000101001100100110111011101011101110111111111011011100110110011111111101101111001001011111110111101111011111
1000000000000000000000000001000000000010000000000000000000000000000010100010100001111111100101101101100011001000101100111111000111111100001101001100010110011110100011101011110101111100001110111100011000111101011010011000001010001001000100011101111011101011
0000000000000000000000000000000100000100000000000000000000000000000000000000100100011000011000010000011111111010010101011010111110011110010110000111111100011101100111111110101100110010011111110010001111111111101011101111101110101110111010101111111011100100
0000000000000000000000000000000000000000000000000000000001000100000000001001000000001000101101110101001010010001101111111110111011101010010100000000001001101000110000101101110011110001101011011010010000101000010100010001110010010010111000101111101010100001
1000000000010000000000000000000000000000000000000000000000100000000000110100010010101001010110000011111010111110011000111110101011111010101100011100101100101001101101100111001011111111100010011000111110101111111010111110100110110110110110111110111111010111
1000000000000000000000000100100110000000000000000000000000000010000010010111000000111100101100101110111001001111001101000001101101011011110001111111001010001001111000001110100101011010110100110011000011011111010110011110101010110100001100000000001001011100
0000000000000000011000000000000000000000000000000000000000000000000010000001101010000111001110011010101110011111111101111110011001110001011111111110011111111111110111011001110011111101111111010111110100111010100111110010110000101101010111111001101111011110
0000000000000000000000000000000000000000000000100000000000000001000000001100011010010111001001011011001110100111010111011000100100010010100010000010101011011011000001110111101110101001010010101111111101101101010101000111100100010101101101110000101001111000
0000000000000000000000000000000000000000000000000001000110000000000000000000000010110011101111111111110010110111110111111111100100100011101110001101111001101111111100010011001101110111010101111011111101010011111110101011001111111111111101101111011111011110
0000000000000000000000000000000000000000000000000010000000000000000000001000101000010101010010101101010101010111111110111100001011010011000010101000011010111011110011001100001011001011011111001101010111001110100111110101100110010001011111100011001011011011
0000000000000000000000000000000000000000000000000000000000000100000000000010000101010111111110110101111111100110111111110101110100011010110100011111111111010101111101010100111111100110111110011111111111101100110010110101100110100111001100111110111111000010
0000000000000000000010000000000000000000000000000000000000000000000000011000010100001101011111011010101010011111111111111111001010110001110111100101101111001100100101010010111110111111010001010101001001011111001110010010010101100111011111110101110111011010
0000000000000000000000000000000000000000000001000001000001000000100000101010010011101100111011011100110001111101010111011111110100100011111101111011111011000101001101101101101101110101110111011110110110101101011111111100011011110110111101111001100011001101
0000000001000000000000000000000000000000000000000000000000000010000000010000001011010001101100111010010101101011100110010001011001111111110011111111010000101110111001000010110001010001000001010000000101111001010101100001110000110010001010100101101000111100
0000000000000000000000000000000000000001000011000000000000000000000010000011010110001000110010110000110001011000101101111000011111010111111110011111111111111100011111001110011111101010001111110100100100111011111111111001011101111011011111110111111111110011
0000000000000000000000000000000000000110000000000000000000000000000000000101000000011000100110011001001110001110110000100000010101010000110001111001011100111101110011100101100111011111110001011101111111111011111100011110101011110000110001110011001100011010
0000000000000000000000000000000000100000000000000000000000100000000000000110010110000101100001011011101100010011111000111101110001111111101110101111001011111100011011111101110100111001011110111010001111101001110110010101111111111111110101111011110111101111
0001000000000000000000000000000000000000000100000000000000000000000000000000001001001100000011011101111000011111100100000111011111101001010110111111110000111111000010010001111010000110101111001100101110010101111101001010100000110101100011100111100101010000
0000010000000000000000000000010000001000000000000000000000000000000000000000010001001011111001101010111011011101101010111111110101010111101110110011101010110100100111111010110111011111100001101111111111111111110101101111001111100101101110101111110100111110
0000001000000000000000000000000000000000000000000000100000000000000011000110000000000000100111011000010010101000101011001001010111110000101011010101011001100100101111111100111100010001100001010101101011111001010110101001001100000011010000101001100000111101
0000000000000000000000000000000000000000000000000000000100000000000000000000010010101110111111100011101111111011000111111111010011011011110111111011001111100111111011110001000111110101110111111111101111010101111110010100110001111111011001101010100011111011
0000000000000000001000000000000000000000000000001000000000010000000000000101000110001100110010110100010111110000000101010011011011010100000000101000100000001000000101111011011000111011011111101000110111010100101011010101111100011111001010001100000000110111
0000000000000000000100000100000000000000100000000000000000000000000000000000011000001101010001010100011101111111101011010111101101110110111111111001101110001110101111110010100110111111111111110011100011111110000101111111101001011111011111010111110010101101
0000000000000000000000100000000000000000000000000000000000000000000000000000010000010010001011010100111101010010000100110010111001100110100000001000100110111010011110001000101011100101011010101111101110111011000110011111000110111110100111001100100110111001
1000000000000000000000000100000000000000000000000010000000000000000000000000000000000001111100001100111011101101111100011111110101110101010101100110000101010111110111100111100111100011111100011010110111101000010111111111110111111111010111011101100101010111
0010000000000000000000000000000000100000000100000000000000000000000000000001000000001110001001001010001001111000101101101110011110111000100110011000111010011111011001111110110110111101100001111101111010101100000101101110110001101111110001101100110000001001
0000000000010000000000000000000000000000000000000000000000000000000000000000000000000011010000011111011100001111100101010111111111010100111111110111001001001100100101110111011111011010110111110110101111111110111110111110000010111111010101111001110111110111
0000000000000000000000000000100000000000010000000000000000000000100000000000000000000000010000011000010000001000011101001010110011100001000100111111001100100110001100101010100111101001101011110101010101100101001100111011110001110111100101010111110110000101
0000000000000000001000000000000000000000000010000000000011000000000010000000000000000011001111110100011110001001100111101101011011111110101111110011111111100101111101111001010111111101000101110110111101100011101111111011110111111101110101100111111011101111
0000000100000000000000000000000000000100000000000000000000000000100000000000010000000100100000010110010010011011110101110111110111100110101101110110111011000111100001000110101010111000110101010000111100010100011110011010011010101110111011001001110000011100
0000000000000000000000000000000000000000000000000000000000100000000000000000000000010101110000100101100001011001111101110111100001110101011101110101111101101111111111110101100011001101111111111001100101100111110101010111110101111100011110110111111100111101
0000000000000000000001000000000000000000001000000000000100101000000100000000000100000001110001101000100011111100111111110000010010001001010111101010000101011110100011000011101110000011111011010001100110011111110110011101111001011111100111110011110100100000
0000000000000000010000000000000000000000000000000000000000001000000000000000000000000001000100001110101100001010011001111101101111110111101100111111111111000101110011011111111111101011111111011111110001011011111011111010110111011100011101111111111011111101
0000000000000000000000000000000000001000000000000000000000000000000100000000000000010000100000000010100001100110100111000001000010111010001000001011101101101010001101101110110111110001111011001001111100001011111001010100110011001100111011000011010011010010
0010000000000000000000000000000010000000001000000000000000000000000000100000100000100000000011110010111001110011100011101100001111110110111101010011011101111111111011011011011111010110001111001101111101000011011111011101011111011101111110110111010101111101
0000000000000000000000000010000000000000000000100000100000000000010000001000101000001000000001101000000001111001011101100011001011110011111111011100001110100111001100001010001111101101101101000110110111011100110110000110101101010000101111000011111110101110
0000000000000000000000100000000000100000000000100000000000000000000001000000000000000000001010001010111101110011011101110110110011111110111111011111111110100111111111011101101111010101110111101101111110110011001111111111110110100011111111010110110111011100
0000000000000000000000000000000000000000010000000000100000000000000000100000000000000000010000000100010101000101001110010100101011101000001110111000001110111000001000000101011111010111010111001111110001011111001111100001100110011100111001010110000101000100
0000000000000000000000000000000000000000000000000000000000000000000000000010000000000000100000010001000011110101101100101111001001010100011100000100110011011111111110111101111110111111011111111111010001111001101111111111000100111100111101111111110010100111
0000000000000000000000000000000000000000000001000000000000000010000000000000000000000000000001000001001110101011100100010110010111100101101110011000000100111000111110011100000000100100110101101100111011111100000111111100101000111100010111110011100100001101
0000010000000000000000000000000100000000100000000000000000000000000000000000000000000000010000000110001011000011101111111010110101011011111111101111101101100110101101011110111101010011010111111000111101001110110110011111011111100011101111110011110111110001
1000000000000000000100000010000000000000000000000000000000000000000000000000001000000000000000011000001001000111010011110110000010010111111100110110111010110100010010011100010101011000000111011011010101011110111001010000110001011001101111100000100000111001
0000000000000000000000000001000000000010000000000000000000000000000000000000000000000000000000000100000000100100010010001111101011100011011111011111010111011110001111110110011100010011010011011011010101110010101111111011111011010001011110111100010110110101
0000000000000000001000000000000000000100000000000000000001000000000000010000010100000000000000000000000011000110000001001000111111101111110011111110100100011000111001011010011101000001100010010100011111001101000100101101111101010011110010111011110011111100
0000000000100000000100000000000000000100000000000000000000000000000000000000000010000000000000001001100000100111100101000111110001110001101111101101100000110111111011100111101101010111110011000010101111110101111010010000101111111011111010111011111110010011
0000000000000000000000000000000000000000000000000000000101000000000000000000100000000001000010000000000000000000000010011010000100011100011111100100100100001110100111101010000111100001110100000100111001010001100010001101001000101100000100010100101100011001
0000000000000000000000000000000000000000000000000000000000000000000000000101000000100000000000000010000000000001010100110011011111101111101111100000010110100011111111011101101111111101110111111111011111111010111111011011001010011110100111111111111011010101
0000000001000000000000000000000000000000000100000000001000000000000001000000000000000000000100000000000010000010000000000001011100111110100010100111011100110101011001010011010111000000101111110111001000011101001101101100111111011101110001110000001010010001
0000000000000000000000000000000000000000000000000000000000000000100000001000000000100000000000011000000000000000011010000000101001010110100010110111101110001111101111111101110011000111110111000111101101010001001110010101011011000001101111110111010011111100
0000000000001000000000000010000000000000000000000000000000000000001000000000100000000000000000000000000000000000000000010001001000010100000100000011000011000110011110100000010000110000111000001110000101010001010000110111100110101110001010110000100100010000
0000000000000001000000000000001010000010000100100000000000000000000000000000000000000000000000010000000000100000000000000100100000001000010010100000010100100100000110000000100001010000010110000000001010001110001001000000001111010100000100010010010000000001
0000000000000000000000000000000010000000100000000000000000000000000000000000010000000000000000000000000000000100010000000010000000000000001000000100000001000000001000000000010000100000001000000000100111000110000001100010000000000000100000000000000000000000
0001000000000000000000000000000000000000000000100000000000000000000000000000000000000000100001000000000000000000000000001000001100001100000000001000000001000001011000000010010000001010100111101001000000100000100000110110010000000000000100000111000000000010
0010000100000000000000000000000010000000000000000000000000000000000000010000000100000000000000100000010000001000000100000100100000001000000000000000000001110111000000000010000101000000101010001000010000110100000100100000000001000010000010000010010101000000
0000101000000000000000000100001000000000000000000000000000010000000000000000000000000000000000100000010000000000001000110000001000000000000100110000000110011010000010101010000000100000000101000011101000000001101010000001100001001000000000001000010000001000
0000000000000000000000000000000000010000000000000000000000000000000000000000010000000000000000000000000000000000000000000000000000000000000000100000000010100000000010000000001100011000000000101000000001000000100100000000000110000000010100000000001000011010
0000000000000000000000000000000000000000000000000101000000000000000001000001001000000000000000000000000000000000000000000010000000000000010011001001100000000000010110000100001000100011000000010001000001010000000000010000000010000110000100000000000000000001
0000001000000000000000000000000000000000000010000000000000000000000000000000000000000000000000000011000010100000000000000010000000000000001001000001001000110000000100001001000000011000010000000000000010000000100000010000000100100110000000000000100000000000
0000000000001000001000000000000000000000000000000011000000000000000000000000000000000000000000000000000000000000000000000000010000001010000010000000100100000000000000000000010000000000001000010110000011001000001000000010000010000011000000000000000010100000
0000000000010000000000000000000000000000000000000000000010000001000000000001000000000000001000000000000000000010000000000000000000000000001000100000110000100101000000000000000000000000000010100001100100110100010000000000011100000000000000100000000000000000
0000000000000000000000000000000000000100000000000000000000000000000000000000000000000000100000001000000000000001100000000100000100000100000001000010001000011100011010001100000000000010101000000000000000110000000000000010000011000001011000000000001000000010
0000000000000000000000000000000000000000100000000000000000000000011000100000000000000000000000000000000010000010000000000000000001100000000000000000000000000000100010000000000000000000000000000000101000010000100000000000000001000000000000000000000000000000
0001000000000000000001000000000000000000000000000000000110000000000000000001000000000001000000000000000000000010000000100000010000010011000100001000000100000010100010110000110000000000000001100001000001001000000100001000000110110001001000010000000100000010
0000000000000000000000000000000000000000000000000000000000000000000000000000000000000000000000000000000000100000000000001000000100000000101000001000000000100011000000000000000000000000001000000000000000000000000010001000000010010000100000000000000001000000
0000000000000000000000000000000000000000000000000000000000001000000000101000000000000000000000000000000000011000000000000100000000000001010000001000000010101000000000000000000001000000000000000000100010100000001000000110100010101000000011000100000000000000
0000000000000000100000010000000000000000000000000010000001000000000000000010000000000000000000000000000000000010000001100000000000000000000100000000010000000000000110000000000100000000000000010000010000000100000010000000001010010000000000001000000100001000
0000000000000000000000010000000000000000000000000000001000000001001000000000000000000000000010001000000001000000000010000000000001000000100010010001000100000011000110000000100000000000000010000000100000010000001000000000000000000001110000000000010000000000
0000000000000000000001000000000000000000000100000000000000000000000000000000000000000010100001000100000000000000000000000000100000010001001010000000000000000000000001000000000000000000011000000001000001000000001000001000100000100000000000000000011000001000
0000000000000100000000000000000000000000000000000000000100000010000000000000000000000000000000000000000000000100000010001000000000000000000010000000000000000000000000000000001000000010001010000011000000000001000000000000100000100000000000000000000000100010
0000100000000000000001000000000000010000000000000000000000000000000000000000000000000000000000000000000000000000000000000000000000000000000000000000000000000000000000000000000000000000100100001000000000000000110100000000100000000010010000100100000000000100
0000000000000000000000000000000000000000000000000000000000100000000000000000000001000000000000000000000000000000000000000000000000010000000010000000000000000011011000001000101000001000110000000100000000000000010000000000000100001010001011000010000000000000
0000000000000000000000000000000000000000000000000000000000000000000001000000000001000000000010000000010000000000000000000000000001000000000000100000000000000000000000001000000000000101000000000000000000000000010000000000000000000010000000000000000000000000
0000000000000000000000100000000000000000000000000001000000000000000000000000010000000000000000000010000100000000000000000000000000001000011000000001000100000000000000100000011000000100000000000010100010000000000000000000000010010000000000100000000010000000
0000000000000000100000000000000000000000000000000000010000000000000000000000000100000000000000000000110000000000000000000000010011001000000000000000000000000000000000000000000000000010010001000010001000000000000000100010000000000000000100000000000000100000
0000000010100000000100000000000000000000000000000000000000000000000000000000001000001000000000000000000000000000000000000010000000001000000000010001010001000000001000000100001000000000000000000000000100100000000000000000100000000000011000000100000000000000
0000000000000000000000000000000000000000000000000000000000000000000000000000000000000000000000000000000010000110000000000000000000000000000000000011000000000000001000000000000000000000000000000000001100000001000001000001000000000000000000000010000000000000
0000000000000000000000000000010000000000000000000000000000000000000000100001000100010000000000000000000000010110000000000000000100000001000000000000000001000000000000000010000000000100000000000100000000000010000001000000000000001000011101000000000000000000
0000000000000000000000000000000000000000000000000000000000000000001000000000000000000000010000000001000010000000001000001001000000100000010000000000000000000000000000100100000000000000000000000000000000000000000001000000000000000000010000010000000000000000
0000000000000000000000000000100000000000000000000000000000000000000000000000000000000000100000000000000000000000000000000000000000000000000010001000000100010010000000000100000000000000010100010000000000001100000000000000010001000010000000000000000000000000
0000000000000000000000000000000000000100000000000000000000000000000000000000000000010000000000000100000010000000000000000000010000000000000000010000000000000000000001000100010000000001100000000000001000100000000000000100000100000100000000000000001000000000
0000000000000000000000000100000000000000000000010000000000000000000000000000000000000000000000000001000000000000000000001000000000000000100101000100001010000000000000100000100000000000000010000000000000000000100010000000000001001010100000000101000000000000
0000000000000000000000000000000000100000000000000000000000000000000001000000001100001000000000000000000000000000000000010000000000000010000000000000000000000010000000010000000000000000000000000100000000000000000000000000000000000000001010000000000000010000
0000000000000000000000000000000000100000000000000000000000000000000000000100000000000100000010010000001000000000000000001000010000000000010000010001010000000100100100101000000010000000000000001010000000010100100000100000000000000000100000000000000000001000
0000000000000000000000000000100000000000000000100000000000000000000000000000000000000000000000000010000000001000000000011000000000000000000000000000000100000000000000000000000000000010000000000000000000000000000000000000000000000000000100000000000000011010
0000000000000000000000000000100000000000000100000000000000000000000000000001000000000000000000000001001000000000100000010000000000000000000000000000000000000000000000000000000100000000001000000010000000000100000100001001000000000101001000000001000000000100
0000000000001000000000000000000000000000010000000000000000000000000000000000000000000000100000001000001000000000000000000100000000000000000000000000100000000000000001010000000000000000000000010100010001010000100000010000000000000001000000000000001000000000
0000000000000000000000000000000000000000000000000000000000000000000000000000000000000000000000010000000000000000000000010000000000000000000000011000000000000000010000000000101000000000000001000000000100000000001011001000000000000000000000000000000000000000
0000000000000000000000000000000000000000000000000000000010000000000000000000000000000000000000000000000000000000000000000001000000000000000001000000000100000000001010010000000000000001000000001000000000000000000001000000000000000000000000000000000000000000
0000000000000001000000000000000000000000000000000100000000000000000000000000001000001000000000000000000000000000000000000000000000000000000000000000010000000000000100000000000000010000000000001010101000011000010000000000000000001010000010000000000000000000
0000000001000000000000000000000000000000000000000001100000000000000000000000000001000000000000000000000000000000000010000010000001000000000000000000001000100100001000100000000000010000000000000000000000000100010000100000000110010001000000000001000000000000
0000000010000100000000000000000000000000000000000000000000000000000000000000000000000000000000000000000000000000000000000000000000000000000000000000000000000000000000100000001000100100000000000011000000000000010000000000000000010000000000000000000100000000
0000000000000000000000000000000000000000000000000000000000000000000000000000000000000000000000000000000001000000000100000000000000000010000000110000000000000000000000000000010000000000000001000100000000000000000000000000010000000000000000000000000000000000
0000000000000000000000010000000000000010000000000000000001000000000000000000000000000010000000000000000000000000010010000000000000000000100000000000000000110000000000000000010001000000000000011000010000000001001000001000010000000000000000000000100000000000
0000000000000000000000000000000000000000000000000010000001000000000000000000100000000000000010000000000000000000000000000000000000000000000000000000000001000000000000000000000010000000100000000000000000000000000010000000010000000000000000000000000000000000
0000000000000000001000000000000000000000000000000000010000000000000000000000000000000000000000000100000000000000100000000000000000000000001000000000001000000001010000010000010001000001100000000000000000000001100000000000000000000000000000001000000000010000
0000000000000000000000000000000000000000000001000000010100000000000000010000000000000000000100000000000000000000000000000000000000000000000000000000000000000000000100000000000000000000000000100000000010000010000000000010000000000000001010000000000001100000
0000000000000000000000000000000000000000100000000000000000000000000000000000000000000000000000000000000100101000000000000100000000000000000000000000000001000000000000000000000000000001000000000000000000000000100000000000100000000001000000000001000000000000
0000000000000001000010000000010000000000000000000000010000000000000000100000000000000000000000000000000000000000000000000000000000000000000000011000000010000000000000010000000000000000000000000001100000000000101000000001000000000000000000000000000100000010
0000000000000000000000000000000001000000000000000100000000000000000000000000000000000010000000000000000000000000000000000000000000000000000000000000000000000000000000000000000000000000000000000100000000000000000110010000000000000000000000000000001000000000
0000000000000000000000000000000000000000000000000000000000000000000000000000000000000000010010000000000000000000000000000000000000000000000000000000000000000000000000000000001010000000000000000010000000000010000000000000000000010000000000000000000000000000
0000000000000010000010000000000000000000000000000000000000001001010010000000000000001000000000000000000000000000001000000000000010010110001000000001000000000000000000000000000000100000000100000000000000000000010000000000001000000010000000000001000000000000
0000000000000000000000000000000000000000000000000000000000000000000000000001000000000000000000000000000000000000000000000000000000000000000000000000000000000000000100000100000000000000000000000000000000000000000000000000000000000000000000000100000000010000
0000000000000000000000000000000000000000000000000000000000000000000000000000000000000000000000000000010000000100100000100000100000000000010000000000000000001000000001000000000000000000000000000000000000000000000000000000000000000000000000000000000000000000
0000000000000000000000000000000000000000000000000000000000000000000000000010000010000000010000000000000000000000000000000000000000000100000000000100000000000010000000000000000000000000000000000000100100000100000000000000010000100000000000000000001000000000
0000000000000000000000000000000000000000000000000000000000000000000000000000000000000000000000000000000000110000000000000000000001000000000000000000000000000000000000000010000000000000000000000000000000000000000000000000000000000000000000000000000000000000
0000000000000000000000000000000000000000000000000000000000000000001000000000000000000000000000000000000000000000000000000000000000000000100000000000000000010000011000000001000000000000000010001000000000100000100000000000000000000000000000000000000001000000
0000000000000000000000000001000000000000000000000000100000000000000000000000000000000100001000000000000000000000000000100100000000000000000000000000000100100000000000000000000000001000000000000000010000000000000000000000000000000000000100000000000001000100
0000000000000000000000010000000000000000000000000000000000000000000000000000000000000000000000010100000000000000000000000000000000000000000000000000000000001000000000100000000000000000000000000011000000000100000100001000100000000000001000000000000000000000
0000000000000000000000000000000000000000000000000000000000000000000000000000000000000000010000000000000001000000000000000000000000000000000000000000000000000000000000010000000000001000100000100000100000000000100000000000100000000000000000000000000000000000
0000000000000000000000000000000000000000000000000000000000000000000000000000000000000000001000000000000000000010000000000000000001000010000001000000000000000000000000000000000000000000000000000000000000000100000000000000000000000010001000001000000000000000
0000000000000000000000000000000000000000000000000000000000000000000000000000000000000000000000000000000000000000000000000010000000100000000100010000001100000000000000000000000000010000000000000000000000000000011000000000010000000000010100000000100000000000
0000000000000000000000000000000000000000000000000000000000000000000000000100000000100000000000000000000000000000000000000000000000000000100000000000000000000100000000000000000000100000000000000000000000001000000000000000000000000000000000000000000010000000
0000000000000000000000000000000000000000000000000000000000000010000000000000000001000000100000000001000100000000000000000001000000000100000000000000000000100000000000000000000000000000000000000000100000000000000000000000000000000100000000000000000000000000
0000000000000010000000000000000000000000000000000000001000000000000000000000000000100000000000000000000000011001000000000000000000000000000000000100000000000000000000000000000000000000000000000000000000000000000110000000000000000000000000000000000000000000
0000000000000000000001000000000001000000000000000000000000000000000000000000000100000000000000000000001000000000000000000000000000000000000000000000000000000000000000000000000000001000000000000000000000000000000000000000000000000000000000000000000000000000
0000000000000000000000000000000000000000000000000000000000000001000000000000000000000000000000100000000000000000000000000000000000000000001000000000000000000000000000000000000000000000000000000000000000000000000000110000000001000000000000000000000000000000
0000000000000000000000000000000000000000000000000000000000000000000000000000010000000000000000000000000000010000000000000000000000000000000000000001001000000000000010000110000000000000000000000000000000001000000000000000000001000000000000000000000000000010
0000000000000000000100000000000000000000000000000000000000000000000000010010010000000000010000000000000000000000000000000000000000000000000000000000000000100000000000000000000000000100000000000000000000000000100000000000000000000000000000000000000000000000
0000000000000000000000000000000000000000000010000000000000000000000000000000000000000000000000000000100000000000010000000000100000000000000000000100000000100001000000000000000000000000000000000000000000000000000000000000000000000000000000000000000000000000
0000000000000000000000000000000000000001000000010000000000000000000000000001000000000000000000000000000000000000000000000000000100000000000000000100000000000000000000000000000000000000000000000000000000000010100000000000000000000000000000000000000000000000
0000000000000000010000000000000000000000000000000000000000000000000000000000000000000000000001000000000000000001000000000000000000000010000000000010000000000000000000010000000000010000000000000000000000000000000000000000000000000000000000000000000000000000
0000000000000000000000000000000000000000000000000000000000000000000000000001000000000000000000000010000000000010000000000000000000100000000000000000000000000000000100000000000000000010000000000000000000000000001000000000000000000100000000000000000000000000
0001000000000000000000000000000000000000000000000000000000000000000000000000000000000000000000000000000000000000000000000000000000000000000000000000000001000000000000000010010000000000010000000001100000000000000000000000000010000000000000100000000000000000
0000000000000000000000000000000000000000000000000000000000000000000000000000000000000000000001000000000000000000000000000000000000000000000000001000000010000000000000000000100000010000000000000000000000000000001000000000000000000000000000000000100010000000
0000000000000000000000000000000000000000000000000000000000000000000000000000000000000100000000000000000000000000000000000000010000000000010000001000000000001000000000100000000000000100000000000000000000010000000000000000000000001100000000000000000000000001
0000000000000000000000000000000000000000000000000000000000000000000000000000000000000000000000100000000000001000000000000000010000000001000000000000000000000000000000000000000000100000000000000000000000000000000000000000000000000000000000000000000000000000
0000000000000000000000000000000000000100000000000000000000000000000000000000000000000000000000000001000000000000000000000000000000000000000000000000000000000000000000000000000000000000000000000000000000000001000001000000000000000000000000000000000001000000
0000001000000000000000000000000000000000000000000000000000000000000000000000000000000000000000000000000000000000000000000000010100000000000000000000000000000000000000000000000001000000000000010000000000000010000000000000000000000000000000000000000000000000
0000000000000000000000000000000000000000000000010000000000000000000000000100000000000000000000000000000000000000000000000001000000000000000000000000000100000000000000000000000000000000000000010010000000000000000000000000000000000000000000000000000000000000
0000000000000000000000000000000000000000000000000000000000000001000000000000000000000000000000000000000010000000000000000000000000000000000000000000000000000000000000000000000000000000000000000000000011100000100000000000000000000000000000000100100000000000
0000000000000000000000000000000000000000000000000000000000000000000000000000000000000000000000000000000000100010000000001000010000000000000100000000000000000000000001000000000000000000000000000100000010000000000000000001000000001000000000001000000000000001
0000000000000000000000000000000000000000000000000001001000000000000000000000000000000000000010000000000000001000000000000000000000000000000000000100000000000000000000000000000000000000000000000000000000000000100000000000000000000000000000000000000000000000
0000010000000000100000000000000000000000000000000000000000001000000000000000000000000000000000000000000000010000000000000000000000000000000010000000000000000000000000000000000000000000000100000000000000100000010000000000000000000000000000110000000000000000
0000000000000000000000000000000000000000000000000000000000000000000000000000000000000000000000000000000000000110000000000000000000000000010000000000000000000000000000000000000000000000000000000000100000000000000010000001000000000000001000010000000000000000
0000000010000000000000000000000000100000000000000000000000000000000000100000000000000000000000000010000000000000000000000000000001000000000000000001000000000000000000000000000000000000000000000000000000000000000000000000000000000000000000100000000000000000
0000000000000000000000000000000000000000000000000000000000000000000000000000000000000010000000000000000000000000000000000000000000000000000000000000000000010000010000000000000000000000000010000000000000000000000000010100000000000100000000000000000001000000
0000000000000000000000000000000000000010000000000000100000000000000000000000000000000000000000000011000000000000000000000000000000000010000000000000000000000000000000000000000010000000000000000000000001000000000000000100000010000001000000000000000000000000
0000000000000000000000000000000001000000000000000000000000000000000000001000000000000100000000000000000000000000000001001000000000000000000000000000000000000100000000000000000000000000000000000000000000000000000000000000000000000100000000000000000000000000
0000000000000000000000000000000000000000000000000000000000000000000000000000000000010000000000000000000000000000000000000000000100000000000000001000000000000000000000010011001000000000000000010000000000000000000000000000000000000000000000100000000000000000
0010000000000000000000000000000000000000000000000000000000000000000000000000000000000000000000000000000000000000000000000000000000000000000000000000000000000000000000000000000000000000000000000000000000000000010000000000000100000000100000000010000000000000
0000000000000000000000000000000000000000000000000000000000000000000000000000000000000001000000000000000000000000000000000000000000000000000000000000000000000000000100000000000000000000000000000000000000000000000000000000000000000000000000000000000000100000
0000000000000000000000000000000000000000000000010000000000000000000000000000010000000000000000000000000000000000000000000000000000000000000000000001000000000000000000000000000000000000000000000000000000000000000000000000000000000000000000000000000000000000
0000000000000000100000000000000000000000000000000000000000000000000000000000000000000000010100000000000000000100000000000000000000000000000000000110000000000000000000000010000000000010001000000000000000000000000000000000000000000000000000000010000000000000
0000000000000000000000000000000000000000010000000000000000000000000000000000000000000000000000000000000000000000000000000000000000000000000000000000000000000000000000000000000000000000000000000000000000000000000000000000000000000000000000000000000100000000
0000000000000000000100000000000000000000000000000000000000000000000000000000000000000000000000000000000000000000000000100000000100000000000000000000000000000000000000010000000000000000000000000000000000000001000100000000000001000000000000000000000000000100
0000000000000000000000000000000000000000000000000000000000000000000000000000000000000000000000000000000000000000000000000000000000100000000000100000000000000000000000000000000000000000000000000000000000001000000000000000000000000000000000000000000000000000
0000000000000000000000000000000000000000000000000000000000010000000010000000001000000000000000000000001000000000000000000000000000000000000000000000000000000000000000000000000000000000000000000000000000000000000010000000010000001000000000000000000000000000
0000000000000000000000000000000000000000000000000000000000000000000000000000010000000000000000000000000000000000000000000000000000000000000001000000000001100000000000000000000000000000000100000000000100000000000000000000000000000000000000000000000000000000
0000000000000000000000000000000000000000000000000000000000000010000000000001000000000000000000000100000000000010000000000000100000000000000000000000000000000000000000000000000000000000000000000000000000000001000010000000000000000000000000000000000000000000
0000000000000000000000000100000000000000000000000000000000000000000000000000000000000000000000100000000000000000000000000100000000000000000010000000000000010000000000000000000000000000000000000000000010000000010000000000000001000000000000000000000000000000
0000000000000000000000000000000000000000000000000000000000000000000000000000000000000000000000000001100000100000000000000000010000001000000100000000000100000000000000010000000000000000000001000000000000000000000000000000000000100000000000100000000000000000
0000000000010000000000000000000000000000000000000000000000000000000000000000000000000000000000000000000000000000000000000000000000000000000000000000000000000000000000000000000000000000000000000000000000000000000000001000000000000000000001000000000000000000
0000000000000000000000000000000000000000000000000000000000000100000000000000000000000000000000000000001000000000000000001000100000000000000000000000000000000000000000000000010010000000000000000000000000000000000000000000000000000000000000000000000000000000
0000000000000000000000000000000001000000000000000000000000000001000000000000000000000000000000000000000000000000000000000000000000000000000000001000000000000100000000000010000000000000000000000000100000000000000000000000000001000000000000000000000000000000
