0000000000000010000000000000000000000000000000000000000000000000000101000000000111000000000011010000000000000011000000000000000101010000000001110001000000000000000000000000000001000001001000000001010101000000000010000000100100000000000000010101000010001011
0000010000000000000010000000000000000000000000000000000100000000000000000000000000000000000000000000000010000100000000000000000000000000010000000000000000000010000000000100000001001000101000000000000000000000000000000000000100000000000000010000000000100000
0000000000000000000000000000000010000000000000000000000000001000000000000000000100000000001000000100000000000000001001000010001000000000000000100000000101111000001000000000000000010001010000000011000000111110000000010000011000000000000100100000100101000000
0000000000000000000000000000000000000000000000000000000000000000000000000000000000000100000000000000000000000000000010100000000000110001001001000000010000100010000000000000000000000010000010101010000100010011000000000010100000000000000000000000001000000010
0000000100000100000000000100000000000000010000000000000000000000010100000000000010000010000000000000000000100100000010000100100000000100100110000100001000001000010001000100001000001010000000000000000110000001100110000100000010100000100000000100010000001000
0000000000000000000010000000010000000000000001000000000000000100000100000000000110000000000101000000000001100000000001000000000111000000000101010000010000010101000000000000010000000100000000000010000000000000010011101000000100000000000000000000001100000000
0000000100000000001000000001000000000000000100000000000000000101000001011110001000000000100100000010000000100000000000000100010000000001000100000000110001000001000100000001000001010001000100000000100010110000000000011000000001000001000000010000000000010010
0000001000010000000001001000000000000010000000000000000000000000000000000000000000010000000001000001000001000000000010010010100000000001000000000100011010101000101000000000001000000000100000010010000000000000000000000001100000010000011011000000000000100000
0000010000001000000000000000000000000000000000000000010000000000100000000000000100001000100000101000001010100000001000001000000010000000100101000000000101000100001001000000010100000000000000010110000011101010100000100000000000000010001000000000000100001010
0000000000000000000001000000000000000000000000100000000000001110000000000000100001000000000010000000000010000001000010000000000001100000000000000000000000000000000000100101001010010001001110000010001000001000000000010010100000100000100000010000100011000010
0000000000000000010000000000010000000000000000000000110010000000000000010000000000001000000000000000101010001000000010000000001000010000000000100010000110001000110010000000001000000010101010010100000111100000001010000000010000010001100100000000000000000000
0100000000000000000000000000101000000000000000000000000010000000000000000010000000000000000000000000001000000001000000000000100000000000000000000000000000000010100011000000100000010000001000100100001000000000101000001000010001000010100000100000010000010000
0000000000000000000000100000000000100000000000000000100001000001000000000000000000000000001000000001001010000001000110000000011000000100000100000010000101000101010010101000001100001011101000001000000011110010100111111000000000001011101000000101000001000010
0000000000100001000000100010000000000000000000100010000000000000000000000000000000000000000001000000000000000000010000001000100100000010000000011011110000000011000000000010000001101000000100010001001000000000000000100000001000000110100001001000100000000000
0000000000000000000000010000000000000000000000001000000000000000101000000100000000001000000010000000000011000000100100100000000001010100000000100000101001100000000010000000000000000000010010000010000110010000100001000001101101000011000010010001001000000010
0000000000000000000000000000000000000000001000000000000000000000000000000100000000000000000001000010100011001000000000010000000000000001100000100000100010101000000000000000000010000000001000000000010000000000000000001111011000100000100010000000001000001000
0000010000000000000000010000001000000000000000000000000000001000000000000000000010000010010100000011000111101000000001000000000000000010000010001001000010101000000000010000000101000000100000010010100001000101010100000001000000001000000000000011100000101000
0000000010000000000000000000000000100000000000000000000001000100000000000000000000000000000001100000000001000000000000001010000010000110000000000001000011000000010000101001000000010100100110000000000000111001000000100000010011000000110000000000001000010100
0010000000000000000000000000000000000000000000000000000111010000000000010000000000000010010000001000000001010100000000100100000000000001000000011001100000010001011010000000100011000000000100000000001001000001101101000001100100100010000100001000000000100000
0000000100000000000000001000000000000000000000000000000001000000000000000010000000000000000000000000000000000100000000000100000101000000000001000010000000001000100000000000000000000000010010100000000001010010101000010010000000101100000001001010000100110000
1100010000000000000000100001011000000000000000000010000010111000000100110100000000000000000000000000000010010010010000110001001000000100000011000000001000010100000111011100100011011000000010010010001010101010010000110000000000010000000001001101101000010000
0000001000011000000000000000000000000010000000001000000000000000000000000000000000000000000000000000001000100000001010101010000001011000100010000000000000010000000000000000010010010001000001010011001000000011010000010010010100000000100100010000000010000100
0000000000000000000000000000000010000100000000000000000000000000101000000000000000000110110010000000001010010001000000000011010001001011000000001000000000110110101001001100000000001100001000000000100000011111010010001000000000000001000110000001101000110000
0000000010000000000010000000000000000000000100000000000000000000000000000010000010000000000110010000000000000000000000010000001000000100001000110110000000000000111000100000101010100000100000011100000001100110000001000001000001100100100001100000010010100000
0000000000000000010000000000000000000001100000000000000000000000000000001000000000010100100100010000000000010000001110100100001110000110011001010000010000001010101000001001001000001001000011010010000000000010000000111110010010001010110000010110010000000110
0000000000000000000001000000000000000000000000000000000101000000000000000000100000000000000000000000000001010000010101001000011001100000111010000001000000000000000000010000010100000010010000000000001001001011100000000010010001010000011101100101000000000000
0000000000000000001000010000000010000001000000000001100000000000000000000000100010100000000000000010000000110000010001000000100010000011100111010010100101010000010100001000100001001000010011000010101000000000100010100001010000001001010101100000001001001000
0000000000000000000000000000000000000000000000000100000000000000000001100000000000000000000000000000000001000001000000101000000101000010100011010001000100001010111000101000000000100000110000001100010000000010010000010100000010000000000000000110000011000000
0000000001000000010000000000000000001000000100000000000001000100000000000000010010000000000000011000100001001100100000111000000010000011100100100010100000000000001010000010000110100000100010000110111001110000000000111001101000110000100010100001101011001000
0000000100010000000000000000100000000000000000000001000000000000000000100000000000010100001100010000000010100000100010100000000100100100100100100001010000001000110100000010111111101010111100111011100000111111110011000010000100110111101110111101010010000000
0000000000000000000000000100000000000000000001000110000000000001000010000000100000000000000010000010101001010010000000000000000100000011000111000110100001010100110110100000010111111011101000110011110011001101111110011011110111011100000001101000010101100000
0001000000000000000000000000010000000000000000000100000100000000001000000000000000000000011000010000010000000101000001000000010000010000000000001100100110011110101110111010010110010010011100100011001100101000110100101010111100001101011000111000100100010001
1100000000000000010000000000000100000001000000000000000000000000000000100000000000001000100001000000100000000010000000010000100010010110001001011110100111011111100111011110010110110111110011101010110011110101011011111110011101101111110111111001101101111100
0000000000000000000000000000000000000100000000000000000000000000000010000000000000000000000001000000000011100010001100001000000010101100101000010000111101101011011100111110111110010011000001010001011100110111101110111110010111101010101011100100101010000000
0000000000000100000000000000000000000000100000000000000000000000000100000000000010001000010001000011010010000110100000110011101011011101101001100110111011011100001111000101110101111111111111010010011000100010011111000111011110111101110111111111100010111000
0000000000000001000000001000000000000000010000000000000000000001000010000000000100000101000100000000100000100000000111110010101011111010110000101000101010111111110001001011011011011110000111111101111011010101010010001101111001011111011110110011111100111000
0000000000000100000000000000000000100000000000001000000000100000100001000000011000000000000000100100111010001000101101000010010101011010110101111111011101111011111101001110110110011011011110010111101001111111011110110011110010101110110011101111011011011110
0000000000000000000000000000010000000100000000001000000000000000000000000100000000001010000000100000000100101000010011100100100010010010110101001010100110001101110110011010001100000011110010101110111010011100100110101010110110110110101100111100100110001100
0010000000000000000000010000010000000000000000000000000000000000000001000011011000000000011000000000100011100111111111111111101101110011111011111010110110110001010011011010111111101111111110111010110111010001111111110101110000000110011011011111101111001110
0000000000000000000000000000000001000000001000000000000000100010000000000000000100100100000010100001001100000011100001001011110100101001100101000101001111100010101110000110001001011001010100011101110011111011001110111110100001100100011111101111011111011110
0000000000010000100000000000000000000000100001000000000100000000000000000000000000010000001000110010010010110110010010110010100011110111011111111010101110111111101111100101011011101001111001000111110101111110110011111111011110111011011011010111111100101110
0000000000000000000000011001000000000000000000000000100000000000000000000000000000000001000010011001100011000111000110001110011111001100101110000000111001111010010011111011110101100011111111001111100100011111110111000100001101100010110010011111111111001000
0000000000000000000001100000001000000000000000000000000000000000000000001010001100001000000011001001110100111111101011000000111011111101101100001101001001101111011111011010101110111000111101101010001111111101101111111011111110111011111111111111111110110110
0000000000000000000000000000000010000000010100000000000000000000000000001000100000010000000101010100110110010001110011111010000010111110001110010010110010000001000101000011001011110100010111000011101011101101111001110101011010001110010111000010111110101000
0000000010100010010000000010000000001000100000000000000000100000000000000000000000000001100111001010101011111010111101111001110011111011011111001110111010101110111001101011111010101111011110001111111011111111111111101011110011110101101010111111011101001111
0000000000000000000000000000000000000000000000000001010000001000001000001000001001000000001000110010010001101011000010111100110011001100110111011000001000110001110001011111111000110101011001110110110011011111011111000101111110101000100111101101000001111010
0001000000000000000000000000010000000000000000000000001000010000000000000001000100000000001110101011111111101011111010111100111111100111100110010100101111111011100010001111011111111001101110011011111101111010110110110101100110010001101011110111101111011010
0000000000000000000000000000000000000001010000001100001001000010000000001000000000000000000010001000011101001000010001001001110100001101011011110111010101001101111110100100010111010000100100001100000011001111111111111000010001110011110101001010101000111100
0000001000000000000000000000001010000100000000000000001100000010010000001000000100000111110110100010111011011011000011001110101111011111101111110111110111111110110101000111110001100011101010101010101010010011111011111111101110010101111101011110110101101110
0000000000000000000000000000011001000000000000000100000000010000000100000100000000100010001100101001001110100101001110111111001110011010000110001001101010110001101111110100010100111010001010011011100010100000110101111010111010010011110011101110001101101110
0001000000001100000001000000000000000001000000000001100000100100000000010100000001000000011010101001111101111011111111110001101111110011111101110000111001100100111111001110110101101000101110101111110110111111111100101001111111011011001101011111011111000110
0110000000000000000000000000100100000000000010100011000000000000000001000000100000000101111001110111001100011101101001111011110010111011101011010100010011000001111111100000111010100100001110000010100110101111001111000110010110011011001011110010111111110100
0000000000000000000010000010000000001000000000001000000000000000011000001100000101001100111001000111101000111110100110000111101110111111101101101100111001011101111111011110110111111100000100111011011111101001101111101010011110001101011110101110111111011101
0000010000000000000001000000000000000001000000010000000000010000000000000010000110000001100001110001101000111000101101000111101000001011100010000110000011010111111110111111101100110111101110101100010101000011111111111111101101011001111010101110110011101010
0000000001000100100010000000000000000000000001000000001000001000100000000000100000010001110111110110001001110111101111111011110010110001011110110110111111111010101111111110100101001011101101001011101111010101101000001011011101110010101111111001111011111110
0000000000100000000100000000000100000000000000000000100000000010000000000100000000111011100001000010011011110110010000010011111111011110011011001000110001011011001111000100100010111011111000011111110100101101100101100000100010001100110101100011111001100110
0010000000000000001000000000000000100000000000000000010010000000100000000001000000110101111110101110001011110111110001111111110111000101011111010101111001011111111000011011110001100100100110001011011110111011111110111001100001011111110111011111011011100000
0000000000000110000000000000001000000100000000000000000000000000000000000100000000101000001000100000001001111001001110010110001100011000110111110110101100100110111111011111101000101110010011001011111110100000110111111100001110100001001000111111011010000010
0000000000000000000001000110000000000000001000000000000000000000100000000001000010001110110011101000011100111111011111111111011100110111001011011111010100111101111100011010111100011011111011110011111011110100101100000011111111101110011001110101101111101110
0000000000000000000000000000000100000000100000010000100000000000000000000001001000100001111101011011110011000100110110100001101101111000001000101110011101110110110111010010110111011011110110010110011110011110110110110001101001011001010011101011101101110100
0000000000000000000000000000000000000100000000010100000000000010000000000000011011001110101011001101101001111111001101010111010110111010110101001111101100101111111011111111110111011111101101111110100011110111011011101101111011101101110111111111001111100110
0100000100000000000100000100100000000111000000000000000000000000000001100000000010001010101100111011100100111111010110100111001011110001000101101010100001111011001110100111011010001101100001101011110011111100111100001100110000110000010110110101001111101111
0000000100000001000000000000000000000000000000000000001010000000001000000110110000000011110010111111101101111110101110000011111001110111111000100100100110011001001001111111111111110110111101111111100110011110110000111001101111111101111001110110111010001110
0000000000000000000000000000000000000000000000100000000000000001100000000011001011010010000101111110010010100100001101010111101110111100010110011011111001111111100011101101111100101001010101111110111001101100100110010111101011101111111010100000000110101010
1100000000000000100000000001000000000000000000000100000000000000000100010001011100011010100111001111111111111101111011011110101110101111111111111011111010100100111101111011110111001001000010110111011110110111011111011111110110100110011111111010111110101100
0000000000000000000000000000000010010000000000000000000000000010000100000011010010000101101010111000001010001110110011000111000010011111101011110100001111001111110111100100101111110011101110001101011000111100110000001101001011010100101011001000011111000100
0000100000000000000000000001100000000000001000000000000000000000001001001110101110011111101111111110111011111100101001100010011110011101101001110110111111110011100010011110101001110101101111100011011111111111111010111111111100111111011010111011011010111010
0000000000100000000100000001000000000000001000100000000000000001000000000011000101110101110001111010111111000001011000111110101110001010010001111001010101000101100111110111011000100100010001111111000001110010100110101010000100100111001111101111111111110010
0000000000000000000000000000000000000000000000100010101000110001000000011101001011101100011111010110101101101110100010010111100110011101111111010110010111110010000010010100110111111101011011100011111101111111111000111101011111111010111010111010111110101110
0000000000000000000000000000000000000000000011000000000000100001000000000111101010110011101110100111011111001111011100011001101011000001110100011010100011010111011111101101000001110101001101101011101100011110111101100111011100001111101110011000110110111110
0100000000000000100000000001000000000010000000000000010000000001000000000000010100110111101110101010111000101101101110110101111000111001111010111111101001011111111011111111011111101001110111111100101110011111111111110110011010101110110011111110100010101000
0000010000000000000000000100010000000000000000000000010010000000000000000010100011110101000110101111011010011010001111100111010011100001000000111101111101101010000100100100110110010011001101000110001110011011101011110101111000100101000111011011101010111000
0000000101000000000000000000000000010000000000000110100000000000000101101000111110111010111001101111110110100011110111111111011111101001011011111111111010011101110111111111111111101100111111111110101111101011001101101111100111001110101111110101111110000100
0000000000000000000000001000000000000000000000000000000000000000001010100001111100100110001001110101000100100010100101010011101001010110010110111011101011111001001000001011001101001111111100111011001100001001111100011110111001010101110001101010101100000000
0000000000000000000000001010000000000000000000000000100000000000001000000011111100101110111011111010111110100111001000101110111010001011100011101010010001000101111101001111101011101111111101001110101110101111111110011010111000111111000000100000001001101000
0000000000000000000000000000100000000100000000000100000000000000001001010010011000010011100010111011001111000111010111100011111101101001000111101010101010101101110010101011100000111000101011001000010100111000100011100111000110011001101000000010100001001010
0000010000100000010000000000000000100000000000000000000000000000000000010000100111011100011111011101001111111110111011011010111100001001000111111111111111111011111001111110010000101110111011110101001100011100001000100111100110100100001010111000001000110010
0000000000000000000000000000000010000000001000000000000000000000000100001011011100000011001000010010000001110100000101001010000000011100101001010110110001100011111110000000000000001001010101000100001000010110101100000000001001100010111001001001100101100100
0000000000000000000001000000000000000000000000001001000000000001001100000000001010001100000010000011000000000010100101000011001100000100001110001001010101011100111111010001010101010111000000011011001000110111010010001010100001111101000011011000100110000000
0000000000000000001000001000000000000000000000000000001000000000000100001000000000011100011000000000000010000010000100010101011000100000100101010001000111111000110010000100001010101000001000001110100110010011100000111000000001000001100000010011010110000000
0000000000000000000000000010000000000000000100000000000000000001000000010100010011000000001101000010110000100001100010010101101110001100000011000100111100010100001101001000010101011000101101011101010001001110100110001010111010010001000000001101010110011100
0000000000000000000001000000000000000000100010000110000000000000010000010010000000010000000000000000100011011001101011101100101000010100010101010101000011011010101100000010000000000011010000101010000111000100111010001101011011101000000011001000001100000000
0000000000000000000000000000000010000000101000100000000100000000000000000010000000000001000000100001001010001000100110000000000001000001111011001000100110111011001110100110001101111010000010000011010010010111000101001000001000000010010110110001010001001010
0000000100010000000000000000000000000000000000000000000000000000000000001000001001000000011001000100100001000000000000001010101011000100000000011001101000101001000001000000000001101001000000100010001100000000110000110001000100001000100000100010100000000110
0000000000000000000000100000000000011000010000000001000000000010000010000000110100110100001011000000000001100000001000101110011010110011010100100000100001000010100101100100011101001110010011000011101111101010101000100100100011011100000011100001100100010000
0000000000010000000100010000000000000000000000000000000010010000000001000000000000100000000110011000000000101010000001000100100010100000001000000011000111000111000010101101011010100011010101000010010100101101010001000101000100101010110010000001011100110110
0000000000000000000000000000000001000000000100000011001000000010000000001001100000000000001000010000100000100010100000001000001101000101000111100000100010010110100101001011011111101011011011010111110111010011111111011101110110100010010110000001000110001100
0000000000000000000000000000000000000001000000000000000001010010000000000100000000000001010000000100001000000000011110101111000010001000001001000010100001101100100000011011000001000000111100001011011101101101000100110010000010011010010100010001000000110000
0000000000000000000000000000000000000100000000000001001000000000001010000000110001000000000000110100001010000000101101100100100010000001010110100011100010000101111111100100011110111010001000101000111110000011110001000000000110101111000011011111000110000010
0000000000000000000000000000000000000000000000000010100000010000000110001000000000000000000000000010000000010000100000110000000000000000001000011000101000000000000010010000000100000010001110001000100000011101000001001000110000001010010101001010100000111110
0000011000000000001000000000100010100010000000000000000000000000000000010110000010110100000001000100100000110000011100000111001000001010110110110011111100100101000100011100011110001100101000000000000101010010011010011000001011111110111100101010001010110111
0000000000000000000000001100000000000010000000000000000001000000000001011001000000100100000000001000001000001010000000000000001000010001000000000000010100001000101000010101010011000000011011111110000001101010010001001100011111111101110110101001001010100110
0000000000000100000000010000000000000000000000100000000000011001000110000100000100000000010100001010000001101000000101110000001100000101110110011000000011101101100100100111001001000001101010100110101110110111101111010110011111101111111111101000011110101110
0000000000000000000000000000000000000000100001000000000000000000010000000001001100000000000000100000101010000000100011001000101100000000000001100000110101001101101110010000100000100000001110010010100010101101101010101000110010001011010001110101001110111000
0000000000000000000000000100000000000000000010000000000001000000000000001000000000000000010000100010100110100000000000001011100110000100000000100010001110001100010111101010110110001110010111111101011110101111111011111011011111110010110011101011010110111110
0000000000100000100000000000001000000000000000000000000000000000000000100000000000010000000100100100001000000100010000000000000001011101100011011100100111101001111000110001101101000100100011101110110011100101010001111100001111001001000111110001111000001000
0000001000000000000001100000100000000010000001000100000000010000100000000101001010001100100001100001001000101101000010001000101110011101011011011100011111110010111111100111101101100111101111111010110111111111111001011111110011111011111101101110101010111110
0000000000000000000000000000000000000000001000001000000010010000100000000000000000010000000001001100001000100001101000000010010100011110001100100101101111110011101110100000100101001100110000110101100111111001010000101110111001001001111011100010101111111100
0000000100000000000000000000000000100100000000000000001100001001000000000000001000000000010000000110100100000000100101100010110010011101011110110100101111111111111010111111101111001110101110111100011111101110111110111011110011011001111010111011111010111011
0000000000000010000000000000000000000000000000100000000000000100000000011011100000000010000001001110100100100011100001111110010110000100101111000001010010111000101101010101110010000111010110111001011001111011000010010011011001101000001100001001001000100100
0000000000000000000000000001000000000000000100010000000000010001000000000010000000101111100101111100111011011110101110010110110111110010110111000110010101011111000101101111111111101001101101111110100011001100111001100110111110111011111111101111111101111010
0000000000010000000000000000010000000010000000000000000000000000000010111100001011101100010001111110100111001100100100010101100100000111101101110110011010010101101110101000001000000010000111000000100011100100011010100001001101010100001010001101100000110100
0000000001000000000100000000000000000000000000000000000000000000000110111001011010111101101110111111011011000111101110010010110011011010011010010100010100110010011011101110101110111011111111101101110011011001111111110110111100100101111111011110111101111110
0000000000000000000001000000000000001000000000000010000000000001000011011000000111111110010110110110001100100010110011111100011111110000110100110001011001111010001110101111010111110000111011110001100011110101101001100000101000100100010001110111101110101110
0000000000100000001000000000010000000000000000000000000000000000000000000111010011111001110001000001111111101001010101101011111001111001011000011111110001110111011111111010110011001001111111001000111111111110101110111110111010111011101010111111101110010000
0000000000000000000000000000000000000000000000000000000000010001000000100001001000100010110111010100101001000110111111111011101110101001010000000000100110100011000010110111001111000110101101101001000010100001010001000111001001001011100010111110101010000110
0100000000000000000000010000001001000000000000001000000000100001000011011110001010100101011000001111101011111001100011111010101111101010110001110010110010100110110110011100101111111110001001100011111010111111101011111010011011011011011011111011111101011110
0000000000100000000000000000000000000000000000000000000000010000100001000111000011110010110010111011100100111100110101000110110101101111000111111100101000100111000000111010010101101011010011001100001101111101011001111010101011010000110000000000100101110010
0000000000001010100000000010000000000000000000100000000000100100000011100111111100011100111011101010111001111111110111111010110011100010111111111100111111111111101110110011100111111011111110101111101001110101001111100101100001011010101111110011011110111100
0000000000000000000000000000000000000000000001000000000000000000000000011100110100101110010010110110011101001110101110110001001000100101000100000101010110110110000011101111011101010010100101011111111011011010101010001111001000101011011011100001010011110000
0000000000000000000000000000000000000000100000000010001010100000001000000000100101100111011111111111100101101111101111111111001001000111011100011011110011011111111000100110011011101110101011110111111010100111111101010110011111111111111011011110111110111100
0000000000000000000000000000100000000000000000000100000000000000000000100101110010100010100101011110101010101111111101111000010110100110000101010000110101110111100110011000010110010110111110011010101110011101001111101011001100100010111111000110010110110110
0000000000000000000000000000000000000000000010000100000000001000000001000100001011101111111101101011111111001101111111101011101000110101101000111111111110101011111010101001111111001101111100111111111111011001100101101011001101001110011001111101111110000100
0000000000000000000000000000000000000000000010000000000000100000001000001010100000011010110010110101010100111111111111111110010101100011101111001011011110011001001010100101111101111110100010101010010010111110011100100100101011001110111111101011101110110100
0000000000000000000000000000000000100001001000101000000000000000000001011010101111011011111110111001100011111011101110111111101001000111111011110111110110001010011011011011011011101011101111111101101101011010111111111000110111101101111011110011000110011010
0000000000000000000000000000000001001000000000000000000000000100000010000001010110110011011001110100101011010111001100100010110011111111100111111110100001011101110010000101100010100010000010100000001011110010101011000011100001100100010101001011010001111000
0000000000000000000000001000000000000000100100000000000000000000110111000001101101010001110101100011100010110011011011111000111110101111111100111111111111111000111110011100111111010100011111101001001001110111111111110010111011110110111111101111111111100110
0000000000000100000000000000100000001000000000000000000000100000010000101110000110110101001101110010011100011101100001000000101010100001100011110010111001111011100111001011001110111111100010111011111111110111111000111101010111100001100011100110011000110100
0000000000000000000000010000000001000001000001000000000000000000000000001010101100101111000010111111011000100111110001111011100011111111011101011110010111111000110111111011101001110010111101110100011111010011101100101011111111111111101011110111101111011110
0010000000000000000000000000000000000011000000000100000000000000000000001011011110011001100110111011110000111011001000001110111111010010101101111111100001111110000100100011110100001101011110011001011100101011111010010101100001101011000111001111001010100000
0000100000000000000010000000100000000000000000000001100010000000001000000011101010011111111011010101110110111011010101111111101010101111011101100111010101101001001111110101101110111111000011011111111111111111101011011110011111001011011101011111101001111100
0000010000000000000000000000000000000000000000000001000000000000001010001000000000011101101110110000100101010001010110010010101111100001010110101010110011001001011111111001111000100011000010101011010111110010101101010010011000000110100001010011000001111010
0000000000000000000000000000000000000000100000000000000001000000000000100000110101011011111111100111011111110110001111111110100110110111101111110110011111001111110111100010001111101011101111111111011110101011111100101001100011111110110011010101000111110110
0100000000000000000100000000001100000000000000010000000000000000000000001000001001011001100101101000101111100000001010100110110110101000000001010001000000010000001011110110110001110110011111010001101110101001010110101011111000111110010100011000000001101110
0000000000000000011000000000101000010000000000000000000000000010000100000010110001001010101010100100111011111111010110101111011011101101111111110011011100011101011111100101001101111111111111100111000111111100001011111111010010111110111110101111100101011010
0000000001000100000000000010000000000000000000000000000001000000000000000000101100100010011110111001111010100100001001100101110011001101000000110001001101110100111100010001010111001010110101011111011101110110001100111110001101111101001110011001001101110010
0000000000000000000001000000000000000000000000110100000001000000000010000000000100000111111010011001111111011011111000111111101011101010101011001100001010101111101111001111001111010111111000110101101111010000101111111111101111111110101110111011001010101110
0000000000000000000000000000000001000000000000000100000000000000011000000010000001011110010110010100010011111001011011011100111101110011001100110001110100111110110011111101101101111011000011111011110101011000001011011101100011011111100011011001100000010010
0000000000100000000000001000000000000000110100010000000110000000000000000000000011010010000110111110111000011111001010101111111110101001111111101110010010011001001011101110111110110101101111101101011111111101111101111100000101111110101011110011101111101110
0000000010000000000000000001000000000000000001100010100000000000000000000000000000000000001011110000100000010000111010010101100111000010001001111110011001001100011001010101001111010011010111101010101011001010011001110111100011101111001010101111101100001010
0000000000000000010100000010000000000000000000100000000000101000000100100010000001111100111111101000110100010011001111011010110111111101011111100111111111001011111011110010101111111010001011101101111011000111011111110111101111111011101011001111110111011110
0000001000000000000000000000000000000000000010000000000000100000000000000000000010011000000010101100100100110111101011101111101111001101011011101101110110001111000010001101010101110001101010100001111000101000111100110100110101011101110110010011100000111000
0000000000000000000000000000101000001000000000110001000000000000000000000001000000101010100001101011010010110011111011101111000011101010111011101011111011011111111111101011000110011011111111110011001011001111101010101111101011111000111101101111111001111010
0100000000000000000010000000000000010000010001000000010000010000011001000000000000001011101011010001010111111001111111100000100100010010101111010100001010111101000110000111011100000111110110100011001100111111101100111011110010111111001111100111101001000000
0000000000000000000000000100000000000100000000000000000000001000000100001000100000100000101010011111011001010100110011111011011111101111011001111111111110001011100110111111111111010111111110111111100010110111110111110101101110111000111011111111110111111010
0000000000000000000000000000000000010000000000010000000000000000000000000000000010100000000000000101000111001101011110000010000101110100010000010111011011010100011011011101101111100011110110010011111000010111110010101001100110011001110110000110100110100110
1100000010000000000000000000000000000000010000010000001000001000000000000100000010000010000101100111110111100111000111011000011111101101111010100110111011111111110110110110111110101100011110011011111010000110111110111010111110111011111101101110101011111010
0000000000000000000000000100000000000000000000000001001000000000000000010000010000000000011011011000001001110010111011000110010111100111111110111000011101001110011000010100011111011011011010001101101110111001101100001101011010100001011110000111111101011100
0000000000000000000000010000000001000000000000000000000000000000001000000010000000000001000110011111111011100110111011101101100111111101111110111111111101001111111110111011111110101011101111011011111101100110011111111111101101000111111110101101101110111000
0010000000000000000000000000001000000000000100000000000000000000000000000010010000000000100000111001101010001010011100101001010111110000011101110000011101110000010000001010111110101110101110011111100010111110011111000011001100111001110010101100001010001000
0000000000100000000000000000100100000000000000000010000000000000000000000100000000000001000010100011101111111111011001011110010010101000111000001001100110111111111101111011111101111110111111111110100011110011011111111110001001111001111011111111100101101110
0000000000000000000000000000000000000000000100000000000000000000000000000000000000000000000001010110011101010011001000101100101111001011011101110000001001110001111100111000000001001001101011011001110111111000001111111001010001111000101111100111001000011010
0000000000000000000000000000000000100000001000000000000100000000000000000000001000000101010000000000010111110111011111110111101010110111111111011111011011001101011010111101111010100110101111110001111010011101101100111110111111000111011111100111101111100010
0000000000000000100000000000000000000000100000000000000000000000010000000010010000000000010000000000011010001110100111101100000100101111111001101101110101101000100100111000101010110001001110110110101010111101110010100001100010110011111111000101001001110010
0001000000000000000000100010001100000100100000000000000000100000100000110000000100001000000000010110100101001000101110111111010111000110111110111110101110111100011111101100111000100110100110110110101011100101011111110111110110100010111101111000101111101010
0000010000000000001000000000000000000100000000000000000000010000000000000000100000000000100000000100100000001100000010010011111011011111100111111101001000110001110010110100111010000011000100101000111110011010001001011011111010100111100101110111100111111000
0000000001000000000000000000000000001000000000000000000000001000000000000000010100100000000000010101100001001011001010101111100011100011011111011011000001101111110111001111011010101111100110000101011111101011110110100011011111110111110101110111111110100110
0000001100000000000000000000000010000000000010000000001000001000000000011000000001000000000000000000000011000000110100110110001000111000111111001001001000011101001111010100001111000011101000001001110010100011000100011010010011011000001000101001011000110010
0000000000000000000000000000000000000000000000000000010000000000001000000000000000000001000001101100100000000011011011100110111111011111011111000100101111000111111110111011011111111011101111111110111111110101111110110110010100111101001111111111111110101010
0010000110000000000000000000000010000000000000000000010000000000000000010000010010000000001000000000000000000100001000001010110001111101000101001110111001101010110010100110101110000001111111101110010100111010011011011001111110111011101011100000010100100010
0000000000000000010010010100000000000000100000000010000100000000010000000000000000000100000010000000000000010000100000010011011111111101101101101111111100001111011111111011100110001111101110001111011010100010011100111010110110000011011101101110100111111110
0000001000000000100000000000000000000000000000000000000000000001000000010001000000011000000000000001010000010000000000101100110000101000101000000111001110001100111111000001101101100011110101011101001010100011100011111111011101011101010101100001001000100000
0000000000000000000000000000000000000110000001000000100100000000010000000000000011000010000000110000010000100000000000011001000000010010000111100010010000111011100001000001100010000111001000100000101100111010110010110000101110101010001100101101001101001110
0000000000000000000000000000000000000000000000000000000000000010000000000000000000000010000000000000000000101010111000000000100100000010110001000011000000000000000000000001010010011000010000000001000011100001000110100001001010000001011000110110000101001100
0010000000000000000000001000000000000000000000001010010000000000000000000000000001000000000001000000001010100000000000011110000100111010000000001100000000000001010000001010000101000011110111110001010000100001111100110010011100000010000100001100100000010010
0000000000000000000000000000000000000000000000000000000000000001000000000000000000001000000100000000000000100000001100010000000110000001000000000000100011110011100000100010000000010000101010011000000100000100011100000000110000000010000010000010001101000000
0010000000000000000000000100000000000000000000000000010000000000000010000000000000000000000000000000010000010000001000000000010000010100100000101000000000001000001100000000010001000000001100100010011101000000101011001001001011001100010010111000001110100010
0000000000000000000000000000000000000000000000100000000000001000000000100000000001000010000000000000000010000100000000100000000000010010010000000000000010111000010000000000001100010000000001100000000001000010111000000000000110000100010110000000010000011010
0000000000000000000000010000000000000000100000000101000000000100000000000000001000000000001000000000001000000000100000000000000000000001010100001001100000010100000101010100001000100111000001111100100001110000101000100000011000001101010110000001101000000000
0000000000000000000000000000000000000000000000000100000000000000000000000000000000000000000000000001000010000000100001000001000000000000001010000010001100010001000100011000000100010010011000001001000111000000001001011000000100000000000000000000000000000100
0000000000001000000000001000001100000000000000000010000000000000000000000000000100000000000011000010001000000000000000110010010000000010000010010001100100001001110000111000010010010100000101010010000010000100110011101100000100110101100011000010100110000000
0000000000010000000000000000001000010000000000000000000000000001000000000001001000000000001000001001001000010110000000001000000001000000000100000110011010100000000001000000000100000000010001100010010000001100000010010010001011100000000100000000000000000000
0000000000000000000000000000000000000000000000000000000000000000000000000000000000000010000000001000000010000001000000000110000000010111000100100110011001111011000000110000101000000001000010001110100000110001000010000000110001010100011000000000001001010010
0000000000000000000000000000000000000000000000100000010100000000011000000000000010000000000100000000000000000010000000010000000000100000000000000100000000100000100000100010000000011100000000000100101000110000110000011010100010010000100000000010000000000000
0001000000000000000001000000000000000000000000100000000110000000000100000000000000000000000010000000000010000010000000000000011100001001001100011000100100011001000000100001010001101000001000000011000000010000100100001100010110010010001010011001110010000010
0000100000000000000000000000000000000000000000011000000000000000000000100000001000000000000000010001000010000000000001000000000101000000100000001001110100100000000001000101100000100001000100000000000100000000100000010010000000000001000000000000001000000000
0000000000000001000000000000000000000000000000000000000000000000001000101000000000000000000010000010000000000001000000000010000000000101100000000000000010100000000010010011000100000000000100001000001100010001000010010111100010000000010011010000000000000000
0000000000000000100001000000000000000000000000000000000000000000000000100010000000000000000001000000110000000011001001100000000000000000000000000010010000000000000000000001100011010001000000100100010000000001100010010100100000010000000000001110001010000000
1100000000000000000000011000000000000000000000100000001000000001000000000000011000000000000000000010000001000000001010000001000001000000000010110101000100010000001100001000010000000000011010010011000111010001001000010000000011000001100100000000000000000000
0000000000000000000000000000000000000000000110001000001000000000000000000000000010000000000101000110000000000000000000000010100100000100000000000100000000000000000011001000000000000000000100000001100100010000101100010100000001100000000000110010011010001000
0000000000000000000000000000000100000000000000000000010000000000100000000000000000000000000000001000101100000101000000001010011000000100000010000100000000000000100000000000010000001000001010000011000100001000100000000001001100010000100000000000001000000110
0000100000010000000000000000000000001000000000001000000000000000000000000000000000000000000000000000000000100000100000010100000000000000001000000000000000010100001001000000000000111010000000000000000001000001000100000000000000000000000000000000000000001010
0000000000000000000000000000000000000000000000000000000000000000000000000000000000000011000101001000000010000000000000000000001000000000010000001100100010001011001000010100110000000000100010000001000001110000010001010000000000001000000011000010100000000000
0000000000000000000000000000000001000000000000000000000000000000000001000000000100000000000010000000010010000000000000000000010000000000000100100011000000000100000101100100010010000000100000000000010000011100000100100000001000000010000000000000001000100000
0000000000000000000000100000000000000000000000000000000000000000100100000000010000000010000000000000000010110010010001001100000000000000000000000010010100101001000000010011001000000100100000100000101000000001100010000000001010010000100100000101000000000100
0000000000000000100000000000000000000000000000001010000000000000000001000000011100000000010000000000000000100000000000000000000010001000000000000100000001000000000000000000000000000010000111010010000000000001000000000000000000010000000100001010100110000000
0000100010100000000000000000000100000000000000001000000001000000100000000001011000000100000011000000000000001001000000001000010010000001100100000101000110000001001000000000000100100001001000000000100101100000001000000010100000000001001100001000000000000000
0000000000000000000000000000000001000000000000000000000000000000010000000000000000000010000001000000000010000000000000100000110010000000000000000000000000000000101100010110100000000000000000000000100001000000000000000010000000000000000000000011000000000000
0000000000010000000000000000010000000000000000000000000000000000000000000000000100010000000010001001010010010010010001000010000100001010100001000000000000000010001001111000000010100000000000001100100000010011010001101000000000011000011100000000101000000000
0000000000000000000000000000000000000000000000000000000000000000001000000001000000000000010000000001000010000000000000001100010100000000000000000000000000000000000100100010001000000100000000000000000100000010100010001000000101000000000100000000000101100000
0000000000000000000000000000000010000000000000000000000000110000000000000000000000100000000010000000000000000000010011010100000001100000000000000000100000000110000100100110001011000000010110000010000000000001100010000011011100000000000111110010000000100000
0000000000000000000000000000010000000000010000000000000000000000000000000000000000000000000010000100100000000000000010000001000010001000010000100001000000001000000011011000000000100001100000010000001000000010000000110011000100000000000000000010001100000000
0000100000000000000000000100000001000000000000000000000000000000000010000000000000000001000000010100000000000000000100000000000000000001100100000000000000001100100000000100000000010000100010000000000000000010100110010010010101001100100000000001000100011010
0000000000000000000010000000000100101000000000010000000000000000000000000000000000100000000000000000000000100000000001110000000000000010000100001011000000001011000100000100000000000010000100000100001000000100010000101100000000100000000000000000001000010000
0000000000000000000000000000000000000000000000000000000000001000000000000000000000100000000000010100000000010000000000011000000000001000000000000000110001000100100000000011000000110000000000001010000001011010000010000000010000000010010010000000000000000000
0000000000000000000000000000000000000000000000000000000000000100000000001000001000000000000000100110000000001000000000010000000000001100000000000101000000000000000000001000000001000010000000000000100000010010000100100000001000000000010100000000000001000000
0000000000000000000000000000100000000000000000000000000000000000000000000001000000010000000000000000000000100000100000010100100000000000000001000000001000000100000000000010000000001000000001000000000000000100001000101001000000001000001000001000000000010000
0000000000000000000100000010000000000100010000000100000000000000000000100000001000000000000000010000000000000100000000000010000000000000001000000000000000000000000000010100000000000000000000000100010000000000010000000000100000000000000000000000000100000000
0000000000000000000000000000000000000000000000000010000001000010010000000000000000000000000000010000000000000100000001010000100000010000000010010000001011000000010000001100001000010000000011000000000000000000001000000010000100000011000000100000000000000000
0000000000000000000000000000000000000000000000000000000000000000000000000000000000000000000000001001000000000000000000000000000100000000000000000000000000100000100000000000000000010101100000100000001000000000000000000000000001000000000000110000000000000000
0000000000000000000000000000001000000000000000000000000000000000000000000000000000001000011000100000000010000000000001000000100000000000000101000000000000000100100000000000100000000000000100001000000000000000010001000000000000001010100000000000010000001000
0000000001000000000000010000000000000000001000000001000000000000000000000000000001000110001000000100000000000000100010000000000000000000000000000000000000100000000000000000000000000000000000000000000010100000001010000000100010000000100000000001010000000000
0000000000000000000000000000000000000000000000000100000000000000010000000000000000000110000000000000000000000000000000000000000000010000000000110001000000000100000000000000000000010101000011000000000100100000001000010000000000000000000000000000100000000100
0000000000000000000000000000000000000000000000000000000000000000000000000000000000000000000000000001100000000000000000000000010000000010001000010000100000000001100000000000100000000000000000010000000000001000000100000000000000001000000000000000000000000000
0000000000000000000000000000000000000000000000100000000000000000000000000000000000000000000000000110000100000000000000000000000000000001100000000000100000000010100000000100000010011001000000010100000000100000000000000000000010000000100010000000100010100000
0000000000000000000000000000000000000000000000000000000000000001000000000000000000000000000000000000000000000000000000000010000000000000000000100100000000000100000000000000000010000000010000100000000010000000100000000000000000000000001010000000000001000000
0000000000000000000000000000000010000100010000000000000000000000000000000000001000000000000001000000000000000000101000000000000000000000001000000000001000001111010000010000010101000001100000000010100010110000100000000001010000010000010100011000000010000000
0000000000000100000000000000000000000000000001000000000100000000000000010000010000111000000100000000000000000000000000000100010000000000010000000100000010000010001100000100000000100000001001100000001000000000100000000000000001000000001000000000000001000000
0000000000000000000000000000000000010001100000000000000000000000100000000000000000000000000000000000000100000000000000000100000010010000000100001000000000010010100000000000000001010100000000000000100001010100000100000010010000010000000000000000000011000000
0000000000000000000100000000100000000000000001000000100000000000000000000000000000000000000000000000000000000010000000001000000000001000000000010000000000000000000000100000000000000000010000000010000001000000000000000011000000000010000000000000000000000000
0000000000000000000000000000000000000000000000000100001010000000000000001000000100000100000000000000000000000000000000000000100000000000000000000000000000001001101000000000001000000000100001000000001000000000010100000000001000100000000001000001010001001000
0000000000000000000000000000000000000000000010000000000000000000000000000000000000000100000000000001000000000000000010000000000000000000000000000000000000000000000000000000000100000001000000010000000000000000000000000000000000100000100000000000000000000000
0000000000000000000000000010100000000000100000000001000000000010000100000000000000000010000001000000000000000000010000000010000000000001000000000010001000001000000000000000100000000010000000000000000010000001010100000000000001000000000001000010000000000000
0000000000000000000000000000000000000010000000000000000000001000000000000010000000000000000000000000000000000000000000001000100000000000000000000001000000000100001100000000001000000011100000001001001000000000000000000001010000000000000000001000000010100000
0000000000000010000000000000000010000000000000000000000100000000000000000000000100000000000000100000100000001011010001000001000000000000101010000010000100010000100001000100001000001000000100001000101000000001000010000000000000000000000000000000000010000000
0000000000000000000000000000000000000000000000000000000000000000000000000000000100000000100000010000100000000000000000000000000000001100000000001000000000000000000000000000000000000000000000000000000000001000000000000100000000000000000100000100000000000000
0010000000000000000000000000000000000000000000000000000000000000000000000000000000000000000010000000000001100000100000000000000001100000000000010000000000000000110000000000000000000000000000000100010000000000000000000000000000000100010000001000001000010000
0000000000000000000000000000000000000000000000000000000000000000000000000000000000000100000000000000000000000000010000000000000000000001000000000000000000000000100000000000001010000010000000010000000001001001110010000100000000001100000000010001101010000000
0000000000000000000000000010000000000000100000000011000010000010010000000000000000001000000000000000000000000000000011001001000000000000000000000000000001000000000000000000010000010000100000000000100000010000000000000000100000000011100000000000000010001000
0000000000000000000000100000000000010010000000000000000000100000000000000000000000010000000000000000000000000000000000000000000010000000000000000000000000000100000001000100000000000000000000000000000000011000010101100100000010000000000000001000010100000000
0000000000100000000000000000000000000000000000000100000000000000000000000000000000010000000000000001000010000001000000000001000000000010000000000000000010001100001000100000000000000000000000010001000000000001000000010001010000000000011000000000001000010000
0000000000000000000000000000000000000000000000000000000000000000000000000000000000000000010000000100000000000100000000000000000110000100011000000000000000001010000000000000001100000000000000000000000000000000010000000000000000000000000000010000000000000000
0000000000000000000000000000000000000000000000000000000001000000000000000000010100000000000000000000000000000000000000000000010001000000001100100000000000010110000100100000000000100000000000000000000000001000100000000100100000000000100000000000000000000000
0000000000000000000000000000000000000000000000000000000000000000010000000000010001000000000010000000000000000000000000000000000000000001000000000000000000001000100000000100000101000000000000000000000000010100000000000000010001000000000000000100000000000000
0000000000000000100000000000000000000000000000000000000000000100000000000000000010000001000000000010000000000000011100000010100000000000000000000000100000000000000000000001000000000000000000010000010000000000000001000000100000000000000000010000000000100000
0000000000000100000000000000000000000000000000000000000000000000000000000000000100000000000000000000100000100000000000001000001000000000000000001000000000000000000100000001000010100000000000000001100000000000000000000000000000000000000000000000000000010000
0000000000000000000010000000000010000000000000000000000000000000000000000000001000000000000000000001010000000000000000000000100000000000000000000000000001000000000000000000000000000000000000010000000001000000100000100000010000000000000000000000000000000000
0000000000000000000000000000000000000000000000000010000000000000000000000000000000000000000101000000000000000000000000000000000000000000000000000000000000000001010000000000100000001000000000000000100000000000000000000000000010000000000000000000000000000000
0000000000000000000000000000000000000000000000000000000000000110000000000000000000000000010000000000000100100100001100111000000000000000100000000000010000000011000110001000000000000000000000000000000000001000000000000000000000101000000010000000000000000000
0000000000000000001000000000000000000000000000000000000000000000000000100000100000000000000010001000000000000000000000010000000000000100000000000001000000000000000000001000000000000000001000000000010000000000000000000000000000010000000000000000000000000000
0000000000000000000000000000000000000001000100000000000000000000000100000000000000000010000000000001000000001000000000000001000000000000000000001000000100000000000000000000000000101000000000000000000000000000000000010000000000000000000000000010000001000000
0000000000000000000000000000000000000010000000100000000000000000000000000010000000000000000000000000000000000000000000000000001000000000000000001000000000000000000010000000000000000000000000000000000000000000000100000000000000000000000000000000000000000000
0000000000000000000000000000000000000000000000000000000000000000000000000000000000000000000010000000000000000010000000000000000000000100000000000000000100000000000000000000000000000000000000000000000000000000000100000000000000000000000000000000000000010000
0000000000000000000000000000000000000100000000000000000000000000000000000010000000000100000000000100000000000100000000001000000000000000000000000000000000000000000000000000000000000000000000000100000000000000010000000000000000001000000000000000000000000000
0010000000000000000000000000000000000000000000010000000000000000000000000000000000000000000000000000000000000000000000000000000000000000001000000001000010000000000000000000100000000000000000000000100000000000000100000000100010000000010000000000000000000000
0000000000000000000000000000000000001000010000000000000000000000000000000000000010000000000010000000000000000000000000000000000000011000000000010100000100000000000000000001000000000000001000000000001001000000000000000000100000000000000000000000000110000000
0000000000000001000000000000000000000000000000000000001000000000000000000000000000000000000000000000000000000000000000000000100000000000000100000000000100000000000001000011000000000000000000010000010000100000000010000000000000001000000000000010000010000010
0000000000000000000100000100000000000000000000000000000000000000000000000000000000000000000000000010000000010000100000000000001000000010000000000000000000000000000000000000000000000000101100000000000000000000000000000000000000000000000000010001000000000000
0000000000000000000000000000000000000000000000000000000000000000100000000000000000000000000000000000000000000000001000000010000000000000000000000000000000011000000000000000000000000000000000000000000000000000010000000001000001000000000000010000000010100000
0000000000000000000001000000000000000000000000000000000000000000000000000000010000000000000000000000001000000000100000000000101000000000000100001000000100000010000000000000010000000000000000000000000000000000100000000000000000000000000000010100000001000000
0000000100000000000000000000000000100000000000000000000000000000000000000000000000000000000000000100000000000000000000000000000000000000000000000000001000100000000000000000000100000000000000100001000000000000000100000000000000000000000010001000001100000000
0000000000000000000000000000000000000000000000000000000000000000000100000000000000000000000000000000000000000000000000000001001000000000000000000000000000000000000000000000000001000000000000000000000001000000000000000000000000000000000000000001000000000000
0000000000000000000000000000000000000000000000000000000100000000000000000000000000000000000000000000000000000000000001000000000010000100110000000000000000000000000010000000000000000011000000010000000000000001000001000010000000010000000100010000000001000010
0000000000000000000000000000000000000000000000000000010000000000000000000000000000000000000000000000000000010000000000000000000000000000000000001000000000001000000000000000010100000000000000000000000000010000000000000000000000000000000000000010000000000000
0000100000000001000000000000000000000000000000000000000000010000000000000000000000000000000000000000001000100000000000000000000000100000000100000000000000000000000000000000000000000001110000000000000000100001100000000000000010000000100001000000100000000000
0000000000000000000000000000000000000000000000000000000000000000000000000000000000000000000000010001000000000000000000000000000010001000100000000000000110000000000001000000000000010000000110000000000000000000000101000101100000000100010000100000000000000000
0000000100000000000000000000000001000000000000000000000000000000000000000000000000000000000000000000000000000000000000000000000000000000000000010000000000000001010010000100000000000000010001010000000000101000000000000000100000000000000000000000000001000000
0000000000000000000000000000000000000000000000000000000000000000000000000000000000000100000000000000000000000000000000000000000000000000000000000000000000100010100000000000000000000101000100000000000000000000000000000000000000000000000000010000000010001000
0000000000000000000000000000000000000100000000000001000000000000000000000000000000000000000000000110000000000000000000000000000000000100000000100000100100000000100000000010000110000000010000000000000000000000000000000001100100000010000000000000000000000000
0000000000000000000000000000000010000000000000000000000000000000000000010000000000000000000000000000000000000000001010010000000000000000000000000000000000001000000000000000000000000000000000000000000000000000000000000100001000000000000000000000100000001000
0010000000000000000000000000000000000000000000000000000000000000001000000000000000100000000000000000000000100000000000000000000000000000000000000000000010000000000000000110010000001000000000100000000000000000000000000000000000000000000000000100000000000000
0100000000000000000100000000000000000000000000000000000000000000000000000000000000000000000000000000000000000000000000000000000000000000001000001000010000000000000000000000000000010000000000000000000000100000100000000000001000000001000000000100000000000000
0000000000000000000000000000000000000000000000000000000000000000000001000000000000000010000000000000000000000000000000000000000000100001001000000000000000001000000000001000000000000010000000010000000000000000001000000000000000000000000000000000000001000000
0000000000000001000000000000000000000000000000100000000010000000000000000000110000000000000000100000000000000000000000000000000000000000000000000111000000000000000000000000000000000000010000000000000000000000000000000000000000000000000000000000010000000000
0000000000000001000000000000000000000000000000000000000000000000000000000000000000000000101000000000000000001000001000000000000000000000000000000000000000000000000000000100000000000000000000000000000000000000000000000000000000000000000000000100000000000000
0000000000000000000000000000000000000000000000000000000000010000000000000000000000000000000000000000001100000000000000000010000000000000000000000000000000000000000000000000100000000000000000000000000000000000000000000000000000000000000000000000000000000000
0000000000000000001000000000000000000000000000000000000000000000000000000000000000000000000000000000000000001000000011000000000000000000000000000000000000000000000000000000000000000000000010000000100000000000001000000000000010000000000000000000000000000000
0000000000000000000000100000000000000000000000000000000000000000000000000000000000000000000000000000000000000000000000000001000011001000000000000000000000000000000000000000000000000000000000000000000000000000001000000000000000000000000000000001000000000000
0000000000000000000000000000000000000000000000000000000000100000000100000000010010000000000000000000010000000000000000000000000000000000000000000000000000011000000000000000000000010000000010000000000101000000000000000000000000010000000000000000000000000000
0000000000000000000000000000000000000000000000000000000000000000000000000010100000000000000000000000000000000010000000000000000100000000000010000000000000000000000000000000000000000000001000000000001000000000000000000000000001000000000000010000000000000000
0000000000000000000000000000000000000000000000000000000000000000000000000010000000000000000001001000000000000100010000000000000100000000000000000000000000000000000100000000000000000000000000000000010000000011001100000000000000000000010000001000000000000000
0000000000000000000000000000000000000000000000000000000000010000000000000100000000000000000001000100000000000000000000000000000000000001000100000000000000100000000000001000000000000000000000000000000000000000100000000000000010000000000000000100000000000100
0000000000100000000000000000000000000000000000000000000100000000000000000000000000000000000000000000000001000000000000000000000000000000000000000000000000000000000000100000000001100000000010000000000000010000000000000000000001000000000001000000000000000000
0000000000100000000000000000000000000000000000000000000000000000000000000000000000000000000000000000000000000000000000000000000000000000000000000000000000000000000000000000100000000000000000000001000000000000000000000000000000000000000010000000000000000000
0000000000000000000000000000000000000000000000000000000000001000000000000011000000001000000000000000000000000000100000000001000000000000000000000010000000000000000000100100000100000000000000000000000000000000000000000000000000000000000000000010000000000000
0000000000000000000000000000000010000000000000000000000000000010000000000000000000000000000000000000000001000000000000000000000000000000000000000000001000000000100000000000000000000000000000000000000000000000010000000001000010000000000000000000000000000000
