0000000000000000000000000000000000000000000000100000100000001000000000100000000000000000000000101000000000100011000000000000000010000000001010000100000000000000100101110100010000000001000000001001101000100001010001001010100000000000000010000010010000100000
1000001000000000000001000000000000000000000000000000000000000000000010000000000001010000000000010000000001000101000000000000000110000000001000100000001000000000010010000000000000100110010101001000000000010000000000000000000101000000000000000000000000000000
0000000000000000000000000000000001000000000000000000000000000000010010100000000001000001000000000010000000000001000100100101000100000101000000001000010000000100010000000000000000001000100000000000000000000011000000010010000000011100100100010100000001000001
0100000000000000010000000000000000000000000000000000000000000000000000010010000010001101000000000100000010000000100100000000000001001000100000101000000000100000000000000000000000000000000000000100010010000110010000000000000001000100000010010000000100000000
1100000000000010000000000000000000000000000000000100000000000000011000000000000000000001000000000000000100000000100001000110010010010100110011011000011001110011000000100001000001000001110000100010011100100010000000000010000000000000010000000000000000000010
0000000000000000000001000000001010000000000000100010000101000010000010000000000010000110000010000000000000010010000000000000000010000000110010001001101000001010000000000000001001000010000000000000001000100001001001010000000101000100000011010001010000000000
0000000000000000000000000000000000000000000010000000000000000000000000011000100000100000010010011001110010010000000000000010001010110000110010100000001000100001011010010100001010000000000011011100000001000000000101101110000010011000000100000011011110000001
0000000000000000000000000000001000000000000000100000010010000000000001100000100000001001001001110000100000100101000000001000010001000000000000000011001000101110000000000000000100000000001000000101010000100100010010000000100000000110101100000000001010000010
0000000000000000000000000000000000000000010000001010000100100000010000000000010000000100000000100000011010100011010010100111000000101101111000000010001011100010000111100000001100000000000000000011001000010111000100011000100100000101100001000010000000010101
0000000000000000000000000000000000000000000000010000100000000001000000000000010000100000000010000000000001000000000001010100100100000000100000011000001100100001001000011110100101010000110000000100100000000000000000000000001000000001010100000110001111100000
0000000000010000001000000000000000000000000000000000001000000000000000001000100000000000100000000000010010000000000000000001100111001100010000000000000010010010111100000000101000000101110100010110010100100110000001001101000000001000101001000100010100000000
0000000000000000000000000000011000000000000000000000000100000000000000000101010000001000000000000000000110000000000101000000001000100000000000010000101000000101000101000001010001011010000000010100000000000000010100000000000001010000010000010000001000000000
0000010000000000000000000001000000010000011110000000001000000010000000001000000000000000000001011000000010100011001111000000001110000011010111010000100010100010110001110101000110010011011101011100100011011000011010101100001000000101000000010010011000100001
0000000000000100000001010000000000000000000000000001000000000001000000000000000100010000000000100000010000100000000000010010000000000001010000011000110000000001000000001101000001101110000100000110110000001000000000000001100000101010001100000100011100100000
0000000010010000000000000000000001000000000010000100001001000010011000000010000000000010000000001100000010001100010110000010100100000110100000000001110000010010110000000000010100010111111001011101000011101010010000000001101110110010000001000001110100010001
0000000011000000000000000000000000000000000000000000000000000000000000000000100010000000100000000000000101000000000000001000010010000001100010000001001000100100001000000000000101010000000010000110100001000100000000000000101101010110110000000000011100010100
0000001000000000000000001000000000000000000000000000000010000000000000000000000010000010000000001001000100111000000000000000000000000000100101100110100010110000000010011001100000000111010000001101101000100110001000111001100000000100000000001001010110010110
0000000000000000000000001000100000000000000000100000000000000010000000000011000000000100000000000000010010100000000000010001010001100001010000011100110001000000001010000100001101011000000011000011000000101100101000010100000001100010111000000100000010101010
0000000000000000000000000100000000000100000000000100010000001000000000011000000000001001001000100100000000101001000000011011000100100010110000001111010000111100011001111000010101110010100010000001100110100010100100110100110100010000010011000000011000010100
0000000000000000000000000100010000000000000000000000010000000000001000000000000010010010000010001000010011000000000001001000000001000100000010000101000000000110011000000001000000000000100101010110000001101000010000001000100000010110000000101101000000010000
0010000000000000000000000000001100000000010000101001000001010100000000000010000100000000000000000000000100000000000000000000000000000011000010010000101000011010010011110011000101101101000101101101000001001110111010111100010100001011000000101110010000010101
0000000000000100000000000000001000100001000000000110000000000000000000100000000100000000000000100000000000110001000001000100000000100000010101010000000110011000000000000000001000100000011000111001010000001000010010001000000010000100111000011000110011010110
0000000000000000000010000000000001000000000000000000000000001000010100000001100100001011001100000000100100001001001000010001101101100111100100000000000010010101010100010110000001000001100000110100010001101111001100001100000010010101100100000000110100010100
0000000000000000000000000100000001000000000010000000000000000000000000000000000000000000001111001000000000001000000010000100000100000011010000001100000010000001111011000010100001010000010110001010010011100111001000100100000000010010111000000001001000000001
0000000000000000000000100000000000000000000000010010000001000000000100000001000001001000000100001000000100011000100011000000100001001001101110111010101000000101010000101001111100000101111001011000001100000001000000001110010001000000001000000001010000001010
0000000000000000000010100000000000000000000000000010000010100000000000000000000000000100000000000000000000100000101001110010000101110010011000010001111000000101000000000000001010010001101001000100000100100001110000010001001100100000100101110000010000010000
0000000000000000000100001000100000000000000001000010000001000000000000000000000000010000000000000001000000010001000001001001110001000001100011001111010010100000001001010101110110100100001100011001010000100000010101010100001000010010100010001100100110001000
0000000000000000010000000000000000001000000000110000000000000100000100010000000000001000000000000000000000100000000000011000000110000001111000001000001011100001010100010100110000011000000000000110001001100001001000011010000000010111000000001010110101100000
0000000000100000000000100100000000000000000000000000010100000010000000010000000000000001001000010000010000000111010000000001010011110001100010011001100001000100011101001001000100011001011011000011010000101000000000111100111101010110100001011100000101100101
0000000010001000000000000000000000000000000000000000000001000000100000010000000000001111000010001000001001010001010001011011000000001010010000010001100110000100001110010001111111110101011110011101110000011111111000100001000110011010110111000111000000011000
0100000100000000000000000000000000100001000000000001000001000000100000010000000010000000000000010000010000100001000000000100000011000001000110011011010001111111011011010000001011111111110100011001111101100110111111001101111011010111001100111110001010111010
0000000000000100000000010000000000000000000000100010000000000000000000000010000001000000011000101000110000000000000000001100001000001000000001000110010011001111010111011101001011001001001110010001100110010100011010010101011110000110101100011101010101011000
0010000000010000000000000000000010000000000000000000100000010000000000010010000000000000010100000001000000100001001001000010010101001011001100101111110011101111110011101111001011011011111001110101011001111010101101111111001110110111111011111100110110111111
0000000000000000000000000000000000000010000000000100000000000100000000010010000100000000100010100001000001100100010100100000000001010110010100001000011110110101101110011111011111001001100000101000101110011011110111011111001111110101010101110011010101000100
0001000000000000000000001000000000000000000000000000010001000001000001001000010000000011000000101010000100101010110010010101110101111110110100110011011101101110000111100010111010111111111111101001001100010001001111100011101111011110111011111111111111011100
0000000000000000000100000000000000000000100000000000000000000000100001000100000010000110100010000000001011110100001011101001010101111101011000010100010101011111111000100101101101101111000011111110111101101010101001000110111100101111101111011001111100011100
0000000000000100000000000000000000000000000000000000000010000000000000100001100100110000000000000010111101100101010110100001011011101101011010111111101110111101111110100111011011001101101111001011110100111111101111011001111001010111011001110111101101101111
0000000000000000000000000000001000000010000000000001000010000000000000000010000000000101000000000000010010110100101001110010010001001001011010100101010011000110111011001101000110000001111001010111011101001110010011010101011011011011010110011110010011000110
0001000000000000000000001000100000001000000000010000000000010000000000000100000101000000001000000000110001110011111111111111110110111001111101111101011011011000101001101101011111110111111111011101011011101000111111111010111000000011001101101111110111100111
0000000000000000000000000000000000000000000100000000100000000000000000100000000010010110000000000000100101000000110000100101111010010100110010100010100111110001010111000011000100101100101010001110111001111101100111011111010000110010001111110111101111101111
0000000000001000000001000001000000000000010000100001000000000000000000100011000001001100000100011111001001011011011001011011010111111011101111111101010111011111110111110010101101110100111100100011111010111111011001111111101111011101101101101011111110010111
0000000000000100000000000100000000000000000000010001001000000000100100000000000000001001000100000101100001100111100011000111001111100110010111000000011100111101001001111101111010110001111111100111110010001111111011100010000110110001011001001111111111100100
0000000000000000000000011010000000000000000001000000010000000100000000000101000001000000110001000000111010011111110101100000011101111110110110000110100100110111101111101101010111011100011110110101000111111110110111111101111111011101111111111111111111011011
0000001000000000000010000000000000000000001010000000001000000001000000000100011000001000001010011010011011011000111001111101000001011111000111001001011001000000100010100001100101111010001011100001110101110110111100111010101101000111001011100001011111010100
0000000001000000001000000101000010000000000000000000000000000000000000000000001000101000000011110111010101111101011110111100111001111101101111110111011101010111011100110101111101010111101111000111111101101111111111110101111001111010110101011111101110100111
1000000000000000000001000000000000000010000000000000100000000000000100000011000000110100000100011001001100110101100001011110011001100110011011101100000100011000111000101111111100011010101100111011011001101111101111100010111111010100010011110110100000111101
0000000100000000000000000000000100000000010001010000000010100000000001010000000100000010000111100101111111110101111101011110011111110011110011001010010111111101110001000111101111111100110111001101111110111101011011011010110011001000110101111011110111101101
0000000000000000100000100000000100000000000000000110000100000101000100000100000001000000011101000100001110100100001000100100111010000110101101111011101010100110111111010010001011101000010010000110000001100111111111111100001000111001111010100101010100011110
0010000000000000000001000000000100000010000000000000000000000000000001000000001010100011111011110001011101101101100001100111010111101111110111111011111011111111011010100011111000110001110101010101010101001001111101111111110111001010111110101111011010110111
0000000000000000001000000000001100100000000000000000000000001100000000100010000000010001010111010100100111010010100111011111100111001101000011000100110101011000110111111010001010011101000101001101110001010000011010111101011101001001111001110111000110110111
0000100000000101000000000100000000000100000100000000111000010000000000101011001011001000001101011100111110111101111111111000110111111001111110111000011100110010011111100111011010110100010111010111111011011111111110110100111111101101100110101111101111100011
0011000100000000000000000000010010000000000000000000010000010001000110000000010000000000111100111011100110001110110100111101111001011101110100101010001001100000111111110000011101010010000111000001010011010111100111100011001011001101100101111001011111111010
0000000000000000000000000000100000000000000000010000100000001000101000000100000000000100001100100011110100011111010011000011110111011111110110110110011100101110111111101111011011111110000010011101101111110100110111110101001111000110101111010111011111101110
1000000000000000000000000000000000000100100000001000000000000000010000000001000011000100100000111000110100011101010110100011110100000101110001000011000001101011111111011111110110011011110111010110001010100001111111111111110110101100111101010111011001110101
0000010000000000010001000100000011000001000000111000000000000100000000001101100001101010111011111011010100111011110111111101111001011000101111011011011111111101010111111111010010100101110110100101110111101010110100000101101110111001010111111100111101111111
0000000000010000100010000000000010000000010001000000000001000000000000000000101110011101110001100001001101111011001000001001111111101111001101100100011000101101100111100010010001011101111100001111111010010110110010110000010001000110011010110001111100110011
0000000000000000010000000000000001000000000001000000000000000000000100100000001111011010111111010111000101111011111100111111111011100010101111101010111100101111111100001101111000110010010011000101101111011101111111011100110000101111111011101111101101110000
0000000000000010000000000000000100000000000100000000000000000000000000000100010100010100000100010000000100111100100111001011000110001100011011111011010110010011011111101111110100010111001001100101111111010000011011111110000111010000100100011111101101000001
1000000000000000000000000010001000010000000000000010000000000001100000000110101101001111011011110100001110011111101111111111101110011011100101101111101010011110111110001101011110001101111101111001111101111010010110000001111111110111001100111010110111110111
0100000000000000000000000000000000000000000000000000000010000000000010000010000100010000111110111101111001101010011011010000110110111100000100010111001110111011011011101001011011101101111011001011001111001111011011011000110100101100101001110101110110111010
0000000000000001010000000000000000000000000000001000000000110000010000000010001101100111010101110110110101111111100110101011101011011101011010100111110110010111111101111111111011101111110110111111010001111011101101110110111101110110111011111111100111110011
0010000000110000000000000000010000000000100010100001000000010000110000010010000101000101010110011101110010011111101011010011100101111000100010110101010000111101100111010011101101000110110000110101111001111110011110000110011000011000001011011010100111110111
0000000000000000000000000000000000000001000010100000000100000000000000100010111100010001101101011111110110111111010111000001111100111011111100010010010011001100100100111111111111111011011110111111110011001111011000011100110111111110111100111011011101000111
1000000000000000010000000000000010000000000000000000000100001000001000000000110101101001010010111111001001010010010110101011110111011110001011001101111100111111110001110110111110110100101010111111011100110110010011001011110101110111111101010000000011010101
0000010000000010010000000000000000000000000000000001000010010000000010000100101111000101010011100111111111111110111101101111010111010111111111111101111101010010011110111101111011100100100001011011101111011011101111101111111011010011001111111101011111010110
0000010000000000001000000000000000000000000000100001000000000100000011000000001001000010110101011100000101000111011001100011100001001111110101111010000111100111111011110010010111111001110111000110101100011110011000000110100101101010010101100100001111100010
0000000000000000000000000000100000000000000000000000000010110010010001000001010111001111110111111111011101111110010100110001001111001110110100111011011111111001110001001111010100111010110111110001101111111111111101011111111110011111101101011101101101011101
0000000000000000000010000000000000000000000000001000010010000000000000010001110010111110111000111101011111100000101100011111010111000101001000111100101010100010110011111011101100010010001000111111100000101001010011010101000010010011100111110111111111111001
0000000100001000000000000000000000000000000000000001000000001000000001001110110101110110001111101011010110110111010001001011110011001110111111101011001011111001000001001010011011111110101101110001111110111111111100011110101111111101011101011101011111010111
0000000000000000000000000000001100000000000000000000010000000100000000000111100101011101110111010011101111100111101110001100110101100000111011001101010001101010101111110110100000111010100110110101110110001111011110110011101110000111110111001100011011011111
0010000000000000010000000010000000000001010000000010010000000000110000001110011010011011110111010101011100010110110111011010111100011100111101011111110100101111111101111111101111110100111011111110010111001111111111111011001101010111011001111111010001010100
0000001000000000000000000010000000010001000000000000000001000100000000000100011001111010100011010111101101001100000111110011101001110000100000011110111110110101000010010010011011001001100110100011000110001101110101111010111100010010100011101101110101011100
0000000000000000010000010000000000000001000000000000000000000000000000110100001111111101011100110111111011010001111011111111101111110100101101111111111101001110111011111111111111110110011111111111010111110101100010110111110011100111010111111110011111011111
0000000000000000000000000000000100000000000000010000000000000100000000000011111110010011000100111010100010010001010010101001110100101011001011011101110101111100100100000101100110100111111110011101100110000100111110001111011100101010111000110101010100100000
0010000000000000000000000001000000000100000000000010011000100000010100000101101110010111011101111101011111010011100100010111011101000101110001110101001000100010111110100111110101110111111110100111010111010111111111001101011100011111100000110100010100000100
0000000000000000000000100000010000000010000000000000000001100001000000100011001100001001110001011101100111100011101011110001111110110100100011110101010101010110111001010101110000011100010101100100001010011100010001011011110101000100110000000001011100100101
0000001000000000000000001000000000000000000001000000000001100000000000001101011011101110011111111110100111111111011101101101011110000100100111111111111111111101111100111111001000010111011101111010100110011111000001010111111011000111100111010101001100011010
0000000000000000000000000000000000000000000010000000000001000000001101000101101110010001100100001001000000111011000011100101000000011111010100101011011000110001111110000100000000001110100000011010000000011011011110000000000100110010011100100001010010100010
0000000000000000000000100001000000110010000000000100000110000000010100100000010000000100100101100001001100100001011010110011110110000010000100011101001000001100111111001000101000001001100100010100000111010011001000000101010000010110110011011110000110010001
0000000000000000000110000000000000000001000000000000000100010000001111001010000100001010000111001000000001000001000110001110100100010100010010001000000010111100000101000010100000010100010100010111011000000001110000011110000000100000110000011011001011000000
0010000000000000000010000000000000000000000010000000000000000000100000001011000100001010000100000010000000010101110111000010010101001100010000110010010110001110000110100101001000111000010110101111101000110111111011011101011101010010101101000111011011011100
0000000000000000000000100000010000000001000000000000000000001001100000010000000100111010101010001001000001110000100101101110010010011010001011101010100001101111010110100001100000000001101100010101000010100111001101000010101101110001000001100101000111010011
0000000000000000000000010000000000000000000000000001000010000000001010100000000100011100100100010100010001010001000000000000011001100001111001100100000011011101010111010011010111111111111101000011111000001110101010110100000100111000100010110001101110100000
0000000000001000000000000000000000001000001110000000000100000000001000000100000101001100001000100001000001100000100000000101000100100000001000001100110100010100100010110100101010010100100100011101001000110000011000001000100010001000000101010100010000000000
0000000000000000010000000001000000000100000000001000100000000001001001100000010010000000100001110001000000010011001000010011001100111001001111110000001000101011010011110000011110011111001101100101110011110111000110000110110001001101000001110000111000001100
0000000000000000000010001000000000010000100000001000000000001000000001000000010000010000010001101100001000110000001000111100010001010100010001000000100011100010100101011110111101010001100110100101001110010010101000100010100010010101000001000000101111011011
0000000000000000000000010000000000100000000100011101000100000001010001000000010100100010001000111010100000010101110110011111001111100110110111100110011011001101010010100101101111101111101001100111111111101001110111101110111010010111001011010001111000011110
0000000000000001000010000100010001000000100100000001000000010000110000000010000001000000100000000010000110010000011110110111110001000100110100110000000000010100011110011101000000100100011110100101001010100110100010011011000001101111000010011001100000101100
1100000000000000000001000000010000000000000000001000000000000000000000000100000001100100000111011011100011001001110100110110010111001100101111010110110001000010001011110010101111111101100110111110111111100000111101100000110111010100101001101001101111000111
0000000000000000000000000000000000100001000000100100100000001000000000000100000000000010000100010011010010001000110000011000100001010000000100001101110110011101100101101100001000100001010110010100010000101110010001100000011000100101001010000001010000011111
0000000000000000000100000000000001001100000000000001100000000010100000001000000100010110001010110000000100110000000111000011000110010110011111001000111110010010100110001010001111100101010101001011010010111101001001001100000101010111011110011101000111011111
1000000010000000000000100010000000000000001000001000000000100110000010000000000000010000001000001100100100101000011000000100000100001001010001000100001000001000011000001010101010101000001101101111000000110101001100100110001111111110111011010100100101011011
0000000100000010000000001000000000000000001100000000100010000010110001100001000011011001001000000101010010110100010010110010011100100110111011011100110001010110001111011011110100101110110100010111110111001011110111101010001111110111111111110110001111010111
1000000000000000000001000000001000000000000000001000000000000001000000010000100110000000001000010100010011001100000011110101010110110100000001110101010011101110110111011110000100010101000111001001010001010110110101010100011001000101101000111010100111011100
0001000000000000000100000010000101000000000010000001100000001000000010000000110000100100011000000100110001010000000001010111000111100110011001010001000111000101001011110001011011000111001111111110101111010111111101111101101111111001011001110101101011011111
0000000000010000000000000000000101000000000001000000101010100000100100110100000000001000000110000110100101001000001000100001000000111101110001100110011011110100111100011100110110100010010001110111011101110010101000111110000111100100100011111000111100000100
0000000000000000100010000000010000000000100000001010000000101100000000000100100000001111101000100100010000010110010100010100001111010110101111101110001111111011011111110011110110110011110111111101011011111111111100101111111001111101111110110111010101011111
0000000000000001000000000000000000000000000100000010010000000000000011001000100000000010001011100010000101001000111000000011001010001111001110010010110111111001110111010000010010100110011000011010110011111100101000010111011100100100111101110001010111111110
0000000010000000001000000000000000000000110010011010000000001010000000010001010001100001011011000010010011100001110000110000011001001110101111011010010111111111111101011111110111100111010111011110001111110111011111011101111001101100111101011101111101011101
0000000001000001000000000000000000000000100100000001000000000110000011000001100011000000000100100010001010010001110001111111001011000010010111100000101001011100010110101010111001000011101011011100101100111101100001001001101100110100000110000100100100010010
0000100000000000000000001000100001000001100010101000000000001000001101000000000000010111110010111110011101101111010111001011011011111001011011100011001010101111100010110111111111110100110110111111010001100110011100110011011111011101111111110111111110111101
0000000000000000000000000000000000000000000010000000000000000000000001011010000111110110001000111111010011100110010010001010111010000011110110111011001101001010110111010100000100000001000011100000010001110010001101010000100110101010000101000110110000011010
0000001000000000000010000000000000100000000100100000000000000001000111110110101101011110110111011111101101100011110111001001011001101101001101001010001010011001001101110111010111011101111111110110111001101100111111111011011110010010111111101111011110111111
0000000010000000000000000000000000000000100000000000000000000100001001111101000011111111001011011011000110010001011001111110001111111000011010011000101100111101000111010111101011111000011101111000110001111010110100110000010100010010001000111011110111010111
0000000000010010000000000000001000001000000000010000000101000000000000101011101001111100111000100000111111110100101010110101111100111100101100001111111000111011101111111101011001100100111111100100011111111111010111011111011101011101110101011111110111001000
0000000000000100000000000000000000000000000001000000000000001000000100010010100000010001011011101010010100100011011111111101110111010100101000000000010011010001100001011011100111100011010110110100100001010000101000100011100100100101110001011111010101000011
0000010000000000000000000001000000100000000110000000000000000000100101111110100101010010101100000111110101111100110001111101010111110101011000111001011001010011011011001110010111111111000100110001111101011111110101111101001101101101101101111101111110101111
0000100000000000000100001000000000000100001000000010000000000000100000101101000001111001011001011101110010011110011010100011011010110111110011111110010100010011110000011101001010110101101001100110000110111110101100111101010101101000011000000000010010111001
0001000000000000010000000000000000000001000001010000001000110010000100110010110111001110011101110101011100111111111011111101011001110001011111111110011111111111110111011001110011111101111111010111110100111010100111110010110000101101010111111001101111011110
0000000000000000000000000000000000010000000000100000000000000000010101001111011110010111001001011011001110100111010111011000100100010010100010000010101011011011000001110111101110101001010010101111111101101101010101000111100100010101101101110000101001111000
0000000000000000010000000000000000000001000000000001000101100100000100010000010010110011101111111111110010110111110111111111100100100011101110001101111001101111111100010011001101110111010101111011111101010011111110101011001111111111111101101111011111011110
0000000001000000000000000000000000000000000000000110000000000000000000000010111001010101010010101111010101010111111110111100001011010011000010101000011010111011110011001100001011001011011111001101010111001110100111110101100110010001011111100011001011011011
0000000000001000000001000000000000000000000000000000000000000000000100001010000101110111111110110101111111100110111111110101110100011010110100011111111111010101111101010100111111100110111110011111111111101100110010110101100110100111001100111110111111000010
0000000000000000100000000000000000000001100001000101010000110000000010011110010100001101011111011010101010011111111111111111001010110001110111100101101111001100100101010010111110111111010001010101001001011111001110010010010101100111011111110101110111011010
1000001010000001000000000000000000000000000000011001001000000000000100100100010111101101111111011100110001111101110111011111110100100011111101111011111011000101001101101101101101110101110111111110110110101101011111111100011011110110111101111001100011001101
0000000000000010000000010000000000000000000000000000010000000000000000110000101011011001101100111010010101101011100110010001011001111111110011111111010000101110111001000010110001010001000001010000000101111001010101100001110000110010001010100101101000111100
0010000000001000000001000000000000000000100000000000000011010000001011010101110010101000110010110001110001011001101101111100011111010111111110011111111111111100011111001110011111101010001111110100100100111011111111111001011101111011011111110111111111110011
0000000000000000000000000000000000000100000000010000010000000000001000000111100011011010100110111101001110001110110000100000010101010000110001111001011100111101110011100101100111011111110001011101111111111011111100011110101011110000110001110011001100011010
0000000000000000000000000000010000100000100000101000000000100000010000000100010110110111100001011111101100010011111000111101110001111111101110101111001011111100011011111101110100111001011110111010001111101001110110010101111111111111110101111011110111101111
0001000000010000000000000000000000000000000000001000000000000010000000011000101101001110110011011101111000001111100100000111011111101001010110111111110000111111000010010001111010000110101111001100101110010101111101001010110000110101100011100111100101010000
0000010000000000000100000000010000000000000000101001000000000000000000000011110101011111111101101010111011011101101010111111110101010111101110110011101010110100100111111010110111011111100001101111111111111111110101101111001111100101101110101111110100111110
0000001000000000000000000000000000000000000000100000100000000100000000000010000000001110110111011000010010101000101011001001010111110000101011010101011001100100101111111100111100010001100001010101101011111001010110101001001100000011010000101001100000111101
0000000000000000010000000000100001000000110000000000000100001000000000100000001010101111111111110111101111111011000111111111010011011011110111111011001111100111111011110001000111110101110111111111101111010101111110010100110001111111011001101010100011111011
0000000000000000000000000000000000000000010000001001000000000000000000000100010110111100110010110100010111110000000101010011011011010100000000101000100000001000000101111011011000111011011111101000110111010100101011010101111100011111001010001100000000110111
0000000000100000000100000000000001000010010110000000010000000100001001010000010000111101010111010010011101111111101011010111101101110110111111111001101110001110101111110010100110111111111111110011100011111110000101111111101001011111011111010111110010101101
0000100000100000000000100000000011000000001000000000001001000000000000000000110100010011001111011100111101010010000100110010111001100110100000011000100110111010011110001000101011100101011010101111101110111011000110011111000110111110100111001100100110111001
0000000000000000000000000000000000000000000011000010000000000001000101010000000001000011111101001100111111101101111110011111110101110101010101100110000101010111110111100111100111101011111100011010110111101000010111111111110111111111010111011101100101010111
0000000110000000000000000000100000100100000000000000000000100000000000000011000000001111001011001010001001111100101101101110011110111001100110011000111010011111011001111110110110111101100001111101111010101100000101101110110001101111110001101100110000001001
0001000000010000000010000000000000001000000000000000000001100000000000010010000101111011010011011111011100001111110101010111111111010100111111110111001001001100100101110111011111011010110111110110101111111110111110111110000010111111010101111001110111110111
0000000000000000000000100000100000000000000000000100000010000000101001000000010100000000000101011000010000001000011101001010110011100001000100111111001100100110001100101010100111101001101011110101010101100101001100111011110001110111100101010111110110000101
0000000000000000001000100001000000000000000010000010000000000101000010100001000000111111011111110100011010001001100111101101011011111110101111110011111111100101111101111001010111111101000101110110111101100011101111111011110111111101110101100111111011101111
0000000100000000000001000000000000100000000000001000000001000000000000000100010001001100100011010110010010011011110101110111110111100110101101110110111011000111100001000110101010111000110101010000111100010100011110011010011010101110111011001001110000011100
0000000000000000000000000000000000000000000000000001000000000000100000000000100100010101110000110101101001011001111101110111100001110101011101110101111101101111111111110101100011001101111111111001100101100111110101010111110101111100011110110111111100111101
0000000000100000000011000000000000000000001100000000100000001000000100100000000000000100110111101000101011111100111111110000010010001001010111101010000101011110100011000011101110000011111011010001100110011111110110011101111001011111100111110011110100100000
0000000000000000000000000000001000000000010010001000000001000001000100000000000000010000110101001111101100101010011001111101101111110111101100111111111111000101110011011111111111101011111111011111110001011011111011111010110111011100011101111111111011111101
0000000000000000000000000000000000001000000100000001000001000010000100000010000000000000100000000010100011100110101111000001000010111010001000001011101101101010001101101110110111110001111011001001111100001011111001010100110011001100111011000011010011010011
0010000000001000100000000001000000000000001000000000010010000000000001000000000000100010010100110011111011110011100011101100001111110110111101010011011101111111111011011011011111010110001111001101111101000011011111011101011111011101111110110111010101111101
0000000000000000000000000010000000000000000000100000101000000000000000000000000100001010010101101100000101111001011101100011001011110011111111011100001110100111001100001010001111101101101101000110110111011100110110000110101101010000101111000011111110101110
0000000000000000000000000010100100000000000000001000000000000100000000000001000000100000001011001111111111110011011101110110110011111110111111011111111110100111111111011101111111010101110111101101111110110011001111111111110110100011111111010110110111011100
0000000000101000000000000000000000000100010010000000000001100000000010001000011010000000000000011100110101000101001110010100101011111000001110111000001110111000001000000101011111010111010111001111110001011011001111100001100110011100111001010110000101000100
0000000000000000000000000000000000000000000000000000000000000000000000000010000100000100100110010011110111111111101100101111001001010100011100000100110011011111111110111101111110111111011111111111010001111001101111111111000100111100111101111111110010110111
0000010000000000100000000011000000000000100001000000000000000000000000000000000000000000000000111001001110101011100100010110010111100101101110111000000100111000111110011100000000100100110101101100111011111100000111111100101000111100010111110011100100001101
0100000000000001001000000000000000000000000100000010000000000000000000010000000100001010000000010110101111111011101111111011110101111011111111101111101101100110101101011110111101010011010111111000111101001110110110011111011111100011101111110011110111110001
0000000000000000010000000000000001000000000011000000000000000000000000000000000010000011000000001010001101000111010011110110000010010111111100110110111010110000010010011100010101011000100111011011010101011110111001010000110001011001111111100010100000111001
1100000000000000000000000001000000000010000100000000100000000000010000100100000000001110000000011011110010100100010111011111101011100011011111011111010111011110001111110110011100010011010011011011010101110010101111111011111011010001011110111100010111110101
0000000000000010000000000000001000000000000000000000000001000000000000000000010010010000001000010000010110000110000001001001111111101111110011111110100100011000111001011010011101000001100010010100011111001101000100101101111101010011110010111011110011111100
0000000000100000000000000000000000000101000000000001000000000000001000100100000001000100000000011000110000100111010101010111110001110001101111101101100000110111111011100111101101010111110011000010101111110101111011010001101111111011111010111011111111010011
1100000000000000000000000000000000000100000000000000001001001000000001001000000000000100010011000010000000000010011010011011000100011100011111100100100100001110100111101010000111100001110100000100111001010001100010001101001000101100000100010100101100011001
0000000001000000000001000010000000000000000000000000011000010000000000010010000000000000000000000100010000000000010101110001011111101111101111100010010111100011111111011101101111111101110111111111011111111010111111011011001010011110100111111111111111010101
0000000001000000000000000000000001000000000000000000101000000000000000000001100000000000000100000000010010000011000000100101011100111110100010100111011100110101011001010011010111000000111111110111001010011101001101101100111111011101110101110000001010010001
0000000000000000000000000000000001001000000000011001001010000000001000001000100000110000010000110000000000000000011011110010101110111110110110110111111110000111101111111101110011000111110111000111101101010001001110011101011011000001101111110111010011111111
0000000000000000000000000100100000000001000000000000000000000000000000000100100000101000001100000000000000000000000100010100011100110100000100000011100111100110011111100000110110110001111110101110100101010001110001111111101110101110101110110001000100010000
0000000000000000000000010100000000000000000000110000010011000100000000001001010111000001001000010100001001001010000101111001111000001001000011100001000000011101010110100000111000010011001110000100011111000111111001011010100001010101110100010110110101001001
0000000000000000000000000000000000000000110010000000000001000000000000000000011000000000000001000000000000001000000100000001110011000001001001101101100000100000011001000101111011001100101000000000100110100100110011110001010101100000100100010111000010000110
0001000000000000000000110000000000000000000000000100110000001001000100001000000000100000000010100001000100000100010100000100000100111001100001011110010000111000010100000101010110100001011011111110101001010001100110011010000100100101010000100110000010001011
0000000000100000000000000000001000000000000000010100001100000000000000000000000100010110000010010100010000000110001110011010001011000101100000010000110000110000100000011101000000001000010100101100111000011110000011010000001000100001000001000001011000100010
0000000000000000000001000010010000000000000000001000000000000000000000001000000100011010000000010001001000011000100000110000000111001010010111011100000000101101001000000011001000101010000110000001111100101000101101010101010001110001001001010110111111010101
0000000000000000000000000000000000000000100000000000000000000000000000001000001001100000000000000001100000000001001000010001000000001101001100000000001001010010000000000000001110011100000100110100000001101000011000010101100011000010011111100110001100000001
0000000000000000000000000000000010000000000000000110100000000000010000000000000000000000011100010100100011100000010000100000011010010001001011100000010100001010101001101011010101000110100001110100110101110000010000000000011001001011100001101100110000000100
0000000000000000000000000000000000000000000000001010000000001000000000010100100000000000000000000001100000011000110010000101000001010011100100000001100100011100010010001100000110000100000100000000100000100000000010101100000001010001000000000000010000000100
1110000000010100000101000000000000000000000000001001000000100010000001000000000001000000000000110000101100000010000110000000001000101000011100001100100010011110000100011111001000110000000001101111010110000010100001100010110010010110110001000000010000010000
0000000000001000000000000000000000000100000000000000000000000000010000000000100000000000100110000100001000000001011111010000010001100000000110100010010100001011000010000000000000001100000000111000000000011111001000001011010111110100011110110000000000000100
0000000000000000010000000000000010100000000000000001000000000000000100000000101010001001001000100100000101110000100100101010000010110010100010000101000101101111100001001110010010000010010101000001001010000000111100011111000001100010101110000100001101101000
0000000000000000000100000000000000000000001000000101000000001000001100000000000001000000000011000000000101000000000000000010000000110000000000010000000000000010110010110101010000000110000100000010010100001000011000101101010011101001010000110100000000100100
0000100000000000000100100001000000000000000001000000000011000000000010100000000000000000000010000011001000110011000000010100001000100001101010100101110010101100001000011000001000010110010100101001000000101000100111001110010000011000000011001010011001010101
0000000000000000000000000000000000000000000010000000000000000000000001000000000000000000000001000000001001000000000100100100010000000000010111000000001000000001101100000100011000001010100101110000000000001000000010000000000001001110010001001000000000000001
0000000100000000000000000001000000000000000000000000000001100001000100000000000000000010000000000010000001000001101000000100001010000000101000101000100001010110000000001000011000100111010100100001110110111101011000001001110101010101110101101100000000100000
0000000000000000010000000000000000000000000000000000000000000000010000000100000000000010000000100010001000000000000000110000000000000000001000001001001000010000001000001100110010100000000000010000011000100001100001100000000000000001100000000100001111000010
0000000000000000000000001000000000000100000000000000000100000000100000000000000100000000001000011000000000000000101000000000110000000000000001011111100010001011010011000000011000010100000101000000001010100010110010001000011100000101001010100000001000000100
0000000000000100000000000000000000000000000010000000100000000000000000010000000001001000001000100010000000000000000010000001010111000011100100000110000000000000000000100000000000010110010000000000110010100000000010001101000001110000000010000001100001100000
0000000000000000000000000000000000000000000000000010000000000000010000000001000000000000000000000000000100010010010000000100000000000010010011000001000000110000000000001000010000001100000101000111100011110001110001100000000100011001000001001010000010000011
0000010000000000000000000000000000000000000000000100000001000000000000001000001000000000000001000000000000010000000000000010000000110000001111000000000000001010000000001001000010001001110100010100100000000000110000000000000101000000000000001001000001100010
0000000000000000000000000001000000000000000000000000000000000000100000011000000000100000001110000100000100000000100010000000000000000000100011100000010000010111111110000000000001000110110000000001000000111001000100000001001000010101100001000101000000000000
0000000000000000000000000000000000000000000000000000000000000000001000100000000000000000001001000010000000000100000101000000000000000000000010110000000010001101100010010010000001000010111000001001011100000000000010100000000000000100110010000100001100000100
0000000000000000001000110000000001000000000000000000010000010101000000000000100000000100000000100000000001000111010110011000000000000110000101000000101011001100001010001100101000110111000000010110011101000010100100000000110001011010000011000000000001010000
0000000000000000010000001000000000000000000010010000000000000000000000001000000000001100000000000010010000010000101001000000000001110100100000010101000000000010001010100100000000001000001011000010001100000000010000110000000010001100000000000000000000010000
0000000001010000010000000001000000000000000000001000000000000000000000000101100100000000000101001000000000001110001000000101000000000100110000000010101001100000000000000010000110100000100101010000010000110000000010001000110000100000000000000100000000000000
0000000000000000000000000000000000000000000000000000000000000001000000000000000000000000010000000000010000000000000100010000010000000000000000100001100010000000010111100011111000000000000000110100000001100000000000100010000000000000000001001001010100001001
0000000000000000000000000000001000000010000000000000000000000000000000000001000000001000010000000000100000001011000101100000110010011000000100100000000000100000001010101101011001110000010111001110100001001101001101110100000000000110101110100010000100000000
0000000000000000000000000000000000000000000001000000000000100000001000000001100001000000001000000000100100000000010001000100100000000011000001000100001100000000000000001001000000010100100000000010000010000000000001000000000110000000001000100001011010000011
0000000000000100000000001000000000010000000000000010000101000000000000100000000000010010010110000000000000001100100001001010000000010000000000000000010000001001000001000011000001000001000100000000010000000000100111000011000000001100000011100000000010000011
0000000000000000000000000000000000000010001000000000000000000100000001000100000000000000000000000010000000000001000100000000100000000000011000011000000000000000000000000011000000100001110001000000000000000001100100011110101010000000000000000100001100000000
0000000001000000000100000010000000010010000000000001010000000000000001000001010000010000000100000000000000100100000100010000000000000001011010100000001000000100010000000101010010001111010100001000000001010001010000101000000000000111010000100000100000100000
0000000000000000000001100000000000010000000000000000000000010000000000000000000100000000000000000000000000000010000000001001100001000001100000000000000001000001100000000101000010001110100010000001000100000001010000000010000010101000000000000000000000101100
0000001000000000000001000000000000100000000000000000001000100000110000000000000000100000000000001001001000000100000000000100001001000110101000000000001010000000011000000001000001001010100000000100001100101111000001000000110100010011100000100001000000000000
0000000000000000000000000000000000000000000000000100000000000100000000000000000000000000000000000000000000000100000000000100000001000001000000010000100000000000000000000101110000000010000000000110010000000000000000010000000010001000100000100001000001000001
0000000000000010000000000000010000100000000000000100000100000000100010000010100000000000000000100100000010010000111000001000010101000010000000001000100100010010010000010000000000100000000100100000000000101010000000100110001000000000100000000000000000000101
0001000000000000000000000000000000000000001000000100000010000000000000000000000010100000010010000000000000000000000001000000010000001000100000100000000000000100001000001000000000000001000000001010000000000000001000000100010000000000110000100000000110000000
0000000000000001000000000000000000000000000000000000000000100000000000000100000000100000000000001010001000100000000000101001000001000101000000100000000010000000010010100010010100000000001000100000001100001000000000001001000000000001001000000000000010000010
0000000000000000000000000000000000000000000000010000000000000000000000000000101100000000000010100000000101001000000000001110000010000100000000000000000000000000010101000100000000000010100000001000100000000000000010010000000000000000000000000000000001100000
0000000000000000000000000000000000000000001000000000000001000000000000000000000000000000000001000000000000000001000000010001000000100100100010000000000001100011001010000000000000001000010010001100010110000001000000101001100000000000010000000000100000000000
0000000000100000000000000000000000000100000000000000100000000000000000000000000000110000000000001000000000000000010001000001000010110010010011000010000100000001000000010000010001100100000010000000000000010001100000000000010101000001000000000000101000000000
0000000000000000000000000000000000000000000000000011000000010000110000000100000000000100000000000000010000110010000001000000000000011000000000001011000000000100001000000000001100010010010000100000000010010000001100000000000000001001000100000000000010000000
0000000010000000000000000000000000000000000000000000000000000100000000000000000000000000000000010000100010010000000000000010000010000011010000011000100010010000010011000000000010000000101000000000000000001000000001010000000000000000000000011000000000101000
0000000000000000000000000000000000000000000000000000000000000000000000000000000000000001000101000001000000000000001001000000000000000000110001000010010001000000010000000000000000000010000000001111001000001000000100000100001011000000000110000100011000000000
0000000000000000000000000000000001000000000010000010000000000000100000001001010000001100000000001000100000010000000000000000000000000000000000010001001000000000001000100100010000011000000110000100000000000000000001100001000000000000000000000110100000100000
0000000000000000000000000001000000000000000000000000000000000000100000000000000000000000000000000001000100000010010001100000000000100000000101000000001100000000101000000000111100000001100000000000000000000000000100000000100000000001000000100100000000000000
0000000000000000000000000000000000000000000000100000000010000000000000001000000000000001100010000000000001010000000000000001000000000000001000000100000001001010001110010000000000000000010000010000000100000011000010000000000000110000000100000000100000100000
0000000000000000000000010000000000000000010000000000000000000000000000000000000000000000000000101000001010000000100000000010000000000000010000000000100100100011001000000010001000001010000000001001000101110000101001000100000000000001000000000011000000000100
0000000000000000000001000000001000000000000000000000001000000000000000000100000000000001100000000000000000000011000000000000000000000000000000000000000000000100010000001000000100100001000100001010100000000000000010000000100100010000000000000001000000000000
0000000000000010000000001010000000100000000000000000100000000100000000000000100000000001000000000000000000000000000000000000000010000000100000000000001000000000000000000000001001101000000100010000010000000001010111000000000000100000000000000001000100000000
0000000000000000000000001100000000000000000000100000000000000000000000000000000000000100000000000000000000000000000000000010010000000001000000000000010000000000001001110000000000000000000100000000000010000001000000000000000000001000000000100000001000000000
0000000000000000000000000000000000000000001000000000000000000000100001000000000000000000000000010001000100000000000100000010000000001110000001000001100001000000001000100000000000100000000001000000000000000001001100000000100010000000000000000000110000001000
0000000000000000000000000000000000000010000000000000000000000000000001000000100100000000000000000000000000000000000000010000001000000010010011000010000000000000000000000010000000000000001000000000000000000000000000000000000000100000000000000010000000001000
0000000000000000000000000000000000000000000000000000000000000000000001101000000000000000000000100000001000000000010100010000010010010110001100100000000000000111001000000000100100000000000000000000000000000000000000000000000000000000000000000010000000000000
0000000000000000000000000000000000000000000000000000001000000000000000000000000001000000001000001000001000000000000000000000000000000010000000000100000000000001101000100000000000010000001000000010000000000000000010000000001000000000000001000000000000000000
0000000000000000000000000000000000000001000000000000000000000000000000000000000000000000110000000001001000011000001000000000000100100000010000010000000000000010000000100000001000000000100001001000010000100000000000010000010000100001001000010000000010000000
0000000000000000000000000000000000000000000000000000000000000000010000000000000000000000000000000000000000000100000000000000000101000000000000001000000001001000101000000000100000000000000000000100010010010000010000001100000000000000000000000000100000000000
0000000000000000000001000110100000000000000000000000010000000000101000000000000000010000000000100000000000000001010000110010000000001100000100000000000100010000000000000000100001000100010000010101000001010000000000000000000000000000000000000000000000101010
0000000000000000000000001000000000000000000000100000000000000000000000000000000000000000000000001000000000000000000000000000000010000000000000001000000010010000000001010000000000100000000101000000000001000010000010000100000010010000001000000100010000000000
0000000010000000000000000000000000000001000000000001000000000000000001000000100000000000000000000000000000100000000000000000000000100000000000000000000000000010001000001010010010000000000100010000010000000000010000000000010100000110000001110000001001000000
0000000000000000000000000000000000000000000000000000000001000000000000000000000000000000000000000001000000000001000000000000100000100001000000000000010000000010000000000000000000000000000100000000001000000000000000000000100000001000010000000100000000010000
0000000000000000000000000000000000001000000000001000000000000000000001000000010100000000010000000000000000000000000000000010000100010000000010001000010000000000000001010000000000001110000000001010100000000000111000001001001000000000001000000000000000000000
0000010000000000000000000000000000000000000000000000000000000000000000000000000000010000000000000000000000000000000000000000000000000000011001000000010110100000000010001001000000010000000000000000000000000110010000000000000000000000000010000000001000000001
0000000000000000000000000000000000000000000000000000000000010001000000000000000000100000010000000000100110001000000000000100101000010000000000000000000000000000000001110000000000010000000001000001000000010000000000001100001100000000000000000000000000000000
0000000000000001000000000000000000000000000000000000000100000000000000000000000100000001000000000000000000001000000000000000000100000000000100000010010000000010000000100000000000000010000000010001000011101000000001000100000000000001010000000000000000000100
0000000000000000000000100000000000100100000000000000000000000000000100000000000010000100000000100000010100000000000000000010000010000000000000000000000000000010001000000000000010000000000000000000000000000100000000110000000000000000000001000010000000001000
0000000000000000000000000000000000001000000000000000000000000000000000000000000010000000000000010000000000000000000000000010000000000000000000001000000000001000000000000000000000000000010000001000000000001000001000000000000001000010000001001000000000000100
0100000000000001000000000000000000000000000000000000000000000000000000100000000000000000000000000001000000001001000000000000000000000000000000000000000100000000010001000010000000000000000000001000000100000000001000100000000100000011011000000100000000000000
0000000000000000000010000000000000000000000000000000000000000000000000001000001000000010000100100000010000000100000000000000000000000000000100000000000000000100000000100000000001000010000000000000001100000000100000000001000000000000100000000000000000100000
0011000000000000000000000000000000010010000001000000000000000000000000000000000000000000000000000000010000000000000000000000000110100100000001000000000000010010000010000000000100100000000000000010100100000000001000100000000000000000000010000000000000000000
0000000000000000000010000000000000010000110000000000010000000000000000000000100000000000000000000000001000000000100000000000000000000000100000000010000000000000010000001000010000000000000000000010001000000001111000100000000010000000000000000000100000000000
0000000000000000000000000000000000000000000000000000000000000000000000000000000000000010001000100000000000000000100000110000000001000101000000000100001000000000000000000000000000000000010000010010000000000001000000000100100000100000010001001001000000000000
0000000000000000000000000000000000000000000000000000000000000000000000000000000000000000000000010001000000000001000000000001000000001000000000000010000000000000000000000000100001000000001000000000000000000000000100100100000000000110000000000000000000100000
1100100000000000000000000000000000000000000000000000000000010000000000000000000000000000000000000000000000000000000000000000000000000000000000001000000000000001100000000001001100000000000000000000000000001000000000000010000001000010000000000000000000000000
0000000000000000000000000000000000000000000000000100000000000000000000000000000000000000000010100000000000000000000000000001000000001010000000000000000001001010000000000000010000000000000000010000000000000000000000000000000000000000000000001000110001000000
0000000000000000000000000000000000000000000000000000000000000000000000000000000000000100000000010000000000000000000000000001001000000000100000000000000000000010000000010000000000100000000001000000000000001000000000000000000000101010000000000010000000000000
1000000000000000000000000000000000000000000000000000000000010000000000000000000001000000000000000000000000000100000000000000000000000000100000000000000000000000000000010000001000000000000010000000000000000100000000000000010000000000000000001001000000100010
0000000000000000000000000000000000000000000001000000000000000010000000000000000000000000000000010000000001000000011000000000000000000000000000000000000000001100000000001001001000000000010000001000000000000000100100000000000000100000000000010000000000101000
0000000000000000000000000000000000000000000001000000000000000000000000000000000000100000000000010000000000000100000000000000001010000000000000000000001001000100000000000000000000100000000000001000000001000000000000000000000000000000000000000000000000000000
0000000000000000000000000000000000000000000100000000000000100000000000000010000000000000000000000010000001000000000000110000000000000010001000000000001010000100000000001000000101000001000000101000100010000000000000000000010000000000010000000000000000010000
0000000000000000000000000000000000000000000000000000000000000100100000000000000000000000000000010000010000000000000000000000000000000000000000000010000000100000000000010000000000000000000000000000000000010010000000000000000000000000000001000000010000000000
0000000000000000000000000000000000000001000000000000000000000100000001000000000000000100000000001000000000000000000000000000000000000000000000000000000000000000000000100000000000000100000000000010011000000000010000011000100000000100000001000100000010000000
1000000000000100000000000000000000000000000000000000000100000000000000000000000000000101000000000000000000000100000000000000000000001000100000000010000000000000000000010000000100000000000000000000000000000000010001000000000000000000000000000001100000000000
0000001000000000010000000000000000000000000010000000000000000100000000000000000000000000000000010000000100001000000000000000000000000000101101000000000000000000000000000000000000000000000000000000000000000000001000000000000000000000100000010000000000000001
0000000000000000000000000000000010000000000000000000000000000000000000001100000000000000000000000000000000000000000000000001000000000000001000000000000000000000001001000010000000000000000010000010000000000000000001000000000000000000000100001000000000000000
0000000001000000000000000000000000010000010100000000000000000000000000000000000000000000000000000000000000000000000000000000000000000011000000000000000000000000000000000000000000000000000000000000010010000000001001000000000000000000000000000000000000010000
0000000000000000000000001000000000000000000000000000000000000000000000000000000000000001000010000000000000010001000001000000010000000000000000001000000001000000101000000000000000000000000001000001000000000000000000000000000000000010000000010000000001100001
0000000000000000000000000000000000000001000000000000010000000001000000000000000000000000000000000001100000000000000000000001000000000001000000000000000000000000000000000000000001111000000000000000000000100001000000000000010001001000100000000000000000000000
0000000000000000000000000000000000100000000000000000000000000000000000000100000000000000000000000000000000000000000001100101000000000000000000000000000000000010000000001000000000001000000100001000000000000000000000000000000000000000000000000000000000000000
0000000000000000000000000000000000000000000000000000000000000000000000000000000000001000000000000000000000010000000000000000000000000100000000000000000000100010000001001000100100000000000010001000100100000000000000000000000000010000000000000000000000000000
0001000000000000001000000000100000000001000000000000001000000000001000000000000000000000100000000000011000000000000000000000000000000000000000000000000000000000000000000000000000000000000000000000000000000000001000000000101010000000010000000001000000000000
0000000000000000000000000000000000000000000000001000000000000000000000000000000000000000100000100000000000001000010000000000001000000000000000000000000000010000000001000000000010000000000100000100000000000000000000000000000000100000000000000000000000010000
0000000000000000000000000000000000000000000000001000000000000000000000010000001000000000000000001000000000000000000000001000000000000000000000000000100000000000010000000000000000000000100000000100000000000000000000000000000000000000000000000000000000001000
0000000000000000010000000000000001000000000000000000000000000000000000000000000000000000001010000000000000000010000000000000000000000000000000000000000000000000000000100001000000000000000000001000000000000001000000100000000000000000000100000001000000000000
0000000000000000000000000000000000100000000000000000000000100010000000000000000000000000000000000000000000100000000000000000000100000000000000000000000000000000000000010000000000000000000000000000000000000000000000000000000000000000000010000010000000000000
0000000000000000000010000000000000000000000000000000000000000000000000000000000000000000000000000000010000000000000000010000011001000000000000000000000000000000000000001000000000000000000000100000001000000000000000000000100000100000000000000000000000000000
0000000000000000000000000000000000000000000000000000000010000000000000000000000000000000000000000000000000000010000000000000000000010000000000000000000000000000000000000000000000000000000000000010000000000000000000000010000000000000000000000000000000000000
0000001000000000000000000000000000000000000000000000000000001000000001000000000100000000000000000000000100000000000000000000000000000000000000001000000000000100000000000000000000000000000000000100100010000010010000000000000000000100000000000000000000000000
0000000000000000000000000000000000000000000000000000000000000000000000000000101000000000000000000000000000000000000000000010000000000000000000110000000000000000001000000000000000000000010010000000000010000000000000000000000000001000000001000000000000000000
0000000000000000000001000000000000000000000000000000000000000000000001000000100010000000000000000010000000000001010000000000000000000000000000000001000000000100000100000000000000000000000000000000000000000000100001000010000000000000000000000000000000000000
0000000000000000000000000000000000000000000000000000000000000000000000000000000000001000000000010000000000000000010000000000000000000000000001000000000000001000000000000000000000000000000000000100000000000000001000000000000000100000000000000000001000000000
0000000000000000000000000000000000000000000000000000000000000000000000100000000000000000000000000000000000010100000000000000000000000000000000000000000100000000000000001000000000100000000000100001000000000000000000000000000000010000000000010000000000000000
0000000000001001010000000000000000000000000000000000000000000000000000000000000000000000000000100000000000000000000000000000100010100000000000000000000000000000000000100000000000000000000000000100000001000000000000000100000000000100000000100000000000000000
0000000000000000000000000000000000000000000000000000000000000010000000000000000000000000000000000000000000000000000000000000010000000000000000100000000000000000000000000000100000000000001000000000000000000000000000000000000000000000010000000000100000000000
0000000000000000000000000000000000100000000000100000000000000000100000000000000001000000000000000000000000000000000000000000000000000000000000000001000000000000000000000000000000100000000001000000000000000000000000000000100000100000000000000000000000000000
