0000000000000000000010100000000000000000000100100000000000000100000000100000111000000000000000000000110000100000010000000000000100000000100110001100010000001001110010001000100000000010111001000101000110011010000000100000000001000100000110100001100000011001
0100000100000000000000100000010000000000000000000100000000000000000000000000000000000010010000000000010000100001100001000000000000000000000010001010010000110001001000000000100000010100001011000100000000001000000001000000000000100000100000000010100010001000
1000000000000000000000000000000000100000000000000000100110000000100000000100000001000000000000000001000000000100000010001010100010000000101011001110000010101110000011000100001000100100010000011100111011001000111010000101100110000000000010101000001001000101
0000000000000001000000000000000000000000000000000000010000010000000000010000000000000110100000000000000000000010010110010000100000100000010000000010000000110000101100000000000101000000100001001010100001000001101000000000001000001000000000010000000010000001
1100000000000000000000000000001000000000000000000000000100000000100000000000000110001000100010000010000000110000000101001101001000000010010011000001000010110001000100011000000000100000110000011000000011010100001001110001000000100000001100011001000100000111
1000000000000000000000100000010100000000000000010000000010001001000001000000000001000010000101000001000001001010000000010000000001000110001001000010100010010000000000000000001110000000000010100000100000010101100000111010000000100111000001100000100000000000
0000000000000000000100000000000000000000000001000000010000000110000010000011001000010000001001000000000001001100100010100001100100111000111001000101000001010100001000000000001001001100010101001111000011101111010110000100011000000000110000000001001001000010
0000000000000000000000000000001000000000100000000000011000000000000000010000000000000100000000010001010010010101000000000000101000110000000000000010000000101010000000000010000001000000001000000100000000010100001000000000001001000101110111000000000100000000
0000000000000000000000000000000000000000000000000000000000010000001100000000000001000000000001001010000000110000101000000011000000010001000001110001000101100111000000000001100100110001000000000101111000011011100010010000011000000010101101010000000001000000
1000100000000000000000000000000000000000010010000000000001000100000010000000000000110000000011000000000000001000010000000000001010000000011110000000000110010001101100000101010010100110011011010000110000100010000000000000001100000000001001001100000100010000
1000000000000000010100010100001000000000000000000010000100100000000000000100010000000000000000000000000001010010000000100010110111000000001100001000000011110010000110110011110010000100101010000011010010011010110011101010100100000100010100001010001001000000
0000000000000100000000000000001000000000000000000000100011000000000001100000001000000000010000001000000110000000000100100000000100010000000000001000010001001010100010100100010000001100000000001101000000000000000010000010000100011010101010100100000000010000
0000000000100000000000000000100000001010011001000000000000000000010000000000000000000000000010000100010001010000111001100000010011000000101010100000110000010001010000111000000001000011111010011111010000111100001001111100100100100000001010001110001100010100
1000000000001000000000001000100000100000000000001000100000000000000000000000000000000010001000010000011000010100100000000101001000000000000000000110001100001000010000000100000000100111010010000101010010000101000000001010110010011111000000001010000110000000
0000000000000000000000000000010000001000000001000110000000000000001000000001100000000101110010001100000001110000001001000001010011000001010000001010101001111000110000110000000010000010000100000000100001110111001010000001101101011000110000100110000011000100
1000000000010000000000000000000000000000000100000010000000000001000001000000000001001000010010000000100011111000000000011000101011000000110001000000000100101000110110000011000000101000100011100010010101101011010000001010100010101011001001100000000110001010
0000000100000000000000000100000000000010000000000001001100000010000000000000000000000001110000000000001011011000000100000000001000000110000000010011011110001010000001001101110010011001001110001101101000011001110100001101010000000110000000000000111011101011
0000000000000000000000000000000000001000000100010000110000001000000000000000000001000000100000001010100001110010100000000010100000110001100001000000011000010100000101000010010110101100001010000000000000011000010000000010000110010100001100000010011001100100
0000000000000000000100000000000000000000000000000001000000110100000001100101000000000000110000100000010001010101100100001100110010010011001100100010100000010100101111111100001010110001000001001010101011010001101000010000011010101000111000100011001010001000
0000000000000000000000000010001000001000010000000000000010100100010000010000010100000000011100000110000111000011000000000010000001101000000001000000100010000011001000000100101000000000000010101001000000111010101000000100110000101000000001100110100001001000
0001000000000000000010001000000110110000000010000010100000100010000010001101000000100001000000010001000000000000110000001100001010001001100001110000000110110111001000110001101010110101100011101110001010001101101101010110001011000110100010010001101001001110
1000000000001010000000000000000000000000100000000010000000000000000000010100010000000000000000010000100010001000000010101010100000010110001000111000000001000100001000100100000100101110011000011101111011001110101001000100100100001010010100001000010000010001
0000000000000000000100000000000000100001000000000000100000000000101010000000100001000001001100000001000010100000110100000001110110010000010110010011000000000000101011101001001001100001011010011010001000111111110010111110000001001100011010101000011001000100
0000000000000000000000000000010000000000000101000000000000001000000000000000100000000000100101000010000000010010000001000110000000010011101000100111100000100110111100100001010010101000001101000110010011101001110000010010010000001000010100110010000000100000
1100000000000001000000000000000000000000010000000001000000000010000100000100100000000100000100000100000010100010010001101001000001101101111110011111010100000010011010000110111100000010111100111000100000010001100111101101101100100010101100110101001101010101
1000000000000000100000010000000000000000000000000000000001010000000000000011010000000010101000000001001010010000000001000001000110101001100100101000110101000010101000000100000101001000110100000010000010001010111000011010100110010100010010111101001100101000
0000000000000000000010000001000000101000000000000000010000000000010001100000100000000100000000010010100000001101000100000001010001100000111111100110100011010010100101111011111011011001001010101100001000010001000110101000001000010011000101010100010011010010
1000000000000000000000000000010000000000000000000001000000001000000000001000000000000100000000010000001000000001010000011100000001001000101100110101010101010110111000001011001000001100101100001011000100110010100100001100000000111011001000001011111010110000
0000000000010000000000101000000000000000000000010000001000000001000000000000000001101010000100101100011000000001000000000110101001111000111000110000110001000010001000101110101001101100101101101001111100001100001110011100010001000110011001001110011111100110
0000000001010100000000000000000001000000000001000100000000100000000000001000000001001101101100000100000101101000001001101010100001001000001001010000111101000010000001001000111111111010101111001110011010001111111100110001100101001101101001100101110100101100
0000000000000000000000001000000010000001000000000000100100000000001000001000000000000100001001000000000010000000111000100000010001100000100001111011101000110111101101101000000101111111111010001100111110110011111111100110111101111011100110011100100100011000
1100000000000000000000000001000000000000010000001001000000010000000100000001001010010010001010010100011100010010010000000000000100000100000100100011001001100111101011101110100101100100100111001000110011001010001101001010101111000011010110001111101101011100
1101000000000010000100000000000001001000000000001000010000000000001000001000000001000000101000000000000000010000100100000001001110000101101110010111111001100111111001110111100101101101111100111010101100111101010110111111100111011011111101111110011111001011
0000000000000000000000000000000000010001000000001000010000110000010000100000001010000000010001000001100000111000100011010000001000101011011011000100001111011010110111001111101111100100110000010100010111001101111011101111100111111010101010111001101011100010
0000100100000001010000000100000000000000000100000000000000000000000000000000011000000001000010010100110011100101001000001010111010111111011010011001101110110111000011110001011101011111111111110100100110001000100111110001110111101111011101111111111111101110
0000000000000000000010000000001000000000000000000000000000001000010000000010011001000011000001000000000111010010000101111100100010111110101100001010001010101111111100010010110110110111100001111111011110110101010100100011011110010111110111101100111111001110
0000000000000000000000000000000000000000010001100000000000000000101000010000000011000001010000110101011110110010101111010000101101110110101101011111110111011110111111010011101101100110110111100101111010011111110111101100111100101011101100111011110110110111
1000000000000000000000000100001000000001000000000000001000001000000000001000000000000010100010001011001001011010011100111001001000100100101101010010101001100011011101100110100011000000111100101011101110100111001001101010101101101101101011001111001001100011
0000100000000000000000000001000000000000000000001010000000000000000011000000001110100010001110111000001000111001111111111111111011011100111110111110101101101100010100110110101111111011111111101110101101110100011111111101011100000001100110110111111011110011
1000000000000000000000100000000000000000001010010000010000000011011100010010000000001111000000000000010011100100111000010010111101001010011001010001010011111000101011100001100010010110010101000111011100111110110011101111101000011001000111111011110111110111
0000000000000100000000100000000000000000000000010000000010000001000000010100000000001000000011001011100100101101101100101100101011111101110111111110101011101111111011111001010110111010011110010001111101011111101100111111110111101110110110110101111111001011
1000000100000000000000010010000000000000000000000000010000001000001000010000000110010000000100000111111000110011110001100011100111110011001011100000001110011110100100111110111101011000111111110011111001000111111101110001000011011000101100100111111111110010
0000000001000000001000001000010000001000000000100010000101011110100100000000100100110010001000100111011101001111111010110000001110111111011011000011010010011011110111110110101011101110001111011010100011111111011011111110111111101110111111111111111111101101
1000001000000000000000000000000000000000001001010000100011000000000000000000000000000100001001101101001101101100011100111110100000101111100011100100101100100000010001010000110010111101000101110000111010111011011110011101010110100011100101110000101111101010
0000000001100000000100001000100010000000000000000000000110000000000000111000000000000000010001111010101010111110101111011110011100111110110111111011101110101011101110011010111110101011110111100011111110110111111111111010111100111101011010101111110111010011
1100000000000000100000000000000000000000000000000000010001000000001010000001100110011010001110001100100110011010110000101111001100110011001101110110000010001100011100010111111110001101010110011101101100110111110111110001011111101010001001111011010000011110
1000000000000000000000000000000000000000000000100000001001010000000000000000001001010001100011111010111111111010111110101111001111111001111001100101001011111110111000100011110111111110011011100110111111011110101101101101011001100100011010111101111011110110
1000001000000000000000010000000000001000001000000011100010000000100100000001100000100000000110100010000111010010000100010010011101000011010110111101110101010011011111101001000101110100001001000011000000110011111111111110000100011100111101010010101010001111
0000000000000100100100000000000010000001001000000000000000000110111100000000010010100001111101111000101110110110110000110011101011110111111011111101111101111111101101010001111100011000111010101010101010100100111110111111111011100101011111010111101101011011
1000000000000000000000001000000000000001000000000000000100010100000001000011000000111001100011101010010011101001010011100111110011100110100001100010011010101100011011111101000101001110100010100110111000101000001101011110101110100100111100111011100011011011
1000010000000110101000000001000000000000000000000000010000000000000000011010000000110100000110101111011111011110111111111100011011111100111111011100001110011001001111110011101101011010001011101011111101101111111111011010011111110110110011010111110111110001
1001100001000010000000000000101011000000001000000000001000001000000000000000001000010001011010011101110011000111011010011110111100101110111010110101000100110000011111111000001110101001000011100000101001101011110011110001100101100110110010111100101111111101
0000100000000000000000000100000000010000001000000000110111000000100100000011010011010011000111010001111010001111101001100001111011101111111011011011001110010111011111110111101101111111000001001110110111111010011011111010100111100011010111101011101111110111
0100001100000000000000000000000000000000000000001100101000000000000000000000000001000010011000011100011010001110001011010001111010000010111000100001100000110101111111101111111011001101111011101011000101010000111111111111111011010110011110101011101100111010
1000000000000000001000100000000000100000000000010000000000001010000000010010110010001101011101111101101010011101111011111110111100101100010111101101101111111110101011111111101001010010111011010010111011110101011010000010110111011100101011111110011110111111
1000000010001001000001001000000000000000000000000100000000010000001000000001000001001100111000110000100110111111100100000100111111110111100110110010001100010110110011110001001000101110111110000111111101001011011001011000001000100011001101011000111110011001
0000100000000000000000000010100000000110000000000100000000000000001000110000011110001101111111101011100010111101111100011111111101110001010111110101011110010111111110000110111100011001001001100010110111101110111111101110011000010111111101110111110110111000
0000000000000001000000000000001010100001000000000010000000000000000000000001111000101010000010001000000010011110010011100101100011000110001101111101101011001001101111110111111010001011100100110010111111101000001101111111000011101000010010001111110110100000
1000000100001000001000010001000000010100010001010000000000000001100000000101010000100111101101111010000111001111110111111111110111001101110010110111110101001111011111000110101111000110111110111100111110111101001011000000111111111011100110011101011011111011
1000000000000000000000000000000000000000000000000000000000000000000110001001010010001000011111011110111100110101001101101000011011011110000010001011100111011101101101110100101101110110111101100101100111100111101101101100011010010110010100111010111011011101
0000100000000000000000000000000000000001000100000100000000001001010000000000010110110011101010111011011010111111110011010101110101101110101101010011111011001011111110111111111101110111111011011111101000111101110110111011011110111011011101111111110011111001
1001000000000000000001000000001001001000010001000000000001000000000001011000000010110010101011001110111001001111110101101001110010111100010001011010101000011110110011101001110110100011011000011010111100111111001111000011001100001100000101101101010011111011
1000000000000000000000000000000000000000000001000000000000000000101000010101011110001000111110101111111011011111101011100000111110011101111110001001001001100110010010011111111111111101101111011111111001100111101100001110011011111111011110011101101110100011
1000000000000010000001000000000000000000000000000000000000000110010000000000011010110100101001011111100100101001001011010101111011101111000101100110111110011111111000111011011111011010010101011111101110011011001001100101111010111011111110101000000001101010
0000000000000000001000000000001000000000000000000000110000100010001001010010010111100110101001110011111111111111011110110111101011101011111111111110111110101001001111011110111101110010010000101101110111101101110111110111111101101001100111111110101111101011
0000100000000010000000000000000000000100000000000000000000000000100001000000110100100001011010101110000010100011101100110001110000100111111010111101000011110011111101111001001011111100111011100011010110001111001100000011010010110101001010110010000111110001
0000000010001000010000000000010000100000000000000010000001111010001000100010101011101111111011111111101110111111001010011000100111100111011010011101101111111100111000100111101010011101011011111000110111111111111110101111111111001111110110101110110110101110
1000000000000000000001000000000000010000000000000100001000010000011000100000111001011111011100011110101111110000010110001111101011100010100100011110010101010001011001111101110110001001000100011111110000011100101001101010100001001001110011111011111111111100
0000000010000000000000000010000001000000000010000001100000000100001001001011010010111011000111110101101011011011101000100101111001100111011111110101100101111100100000100101001101111111010110111000111111011111111110001111011111111110101110101110101111101011
1000000000000010000000000000000000000000000000010000001000001000010000000011111010101100111011101001110111110011110111000110011010110000011101100110101000110101110111111011010000011101010011011010111011000111101111011001110111000011111011100110001101101111
1000000000000000001010000000000100000000110010000000010000001000110001000111101101001101111011101010101110001011011011101101011110001110011110101111111010010111111110111111110111111010011101111111001011100111111111111101100110101011101100111111101000101010
0000000100000000000000000000000000001001010000000000000000101011010000000111101100111101010001101011110110100110000011111001110100111000010000001111011111011010100001001001001101100100110011010001100011100110111010111101011110001001010001110110111010101110
0001000000000000000010000000100010100000100000010001000000000000000010011010101111111110101110011011111101101000111101111111110111111010010110111111111110100111011101111111111111111011001111111111101011111010110011011011111001110011101011111111011111111111
1000000000000000000000000000000010000000000000000000000000001010001010100011111111001001100010011101010001001000001001010100111010010101100101101110111010111110010010000010110011010011111111001110110011000010011111000111101110010101011100011010101011010000
0000000000000000000000000000101000000010110001000000101101000010000000011010111111001011101110111110101111101001110010001011101110100010111000111010100100010001011111010011111110111011111111010011101011101011111111100110101110001111110000011011001010011111
0000000000100000000010000000001000000001000000000000000000000000000100110111100110000100111000101110110011111001110101111000111111011010010001111010101010101011011100101010111000001110001010110010000101001110001000111100111011000110011011001000101110010010
0000000110100110000000000000000000100010001000000000000010001100000000001110101001110111001111111111010011111111101110110110101111000010010011111111111111111110111110011111100110001011101110111101110011001111100010101011101001101011110011101010100110001101
1000000000000000000000000000001010000000001001000000000000000001000000110010100111001001110010000100100000011101100001110010100000001111101010010101101100011000111111100010000101100011010101011101000010111101101011000000000010111000101110010010111001011101
1000000000000000000000010000000000000000011001100010000001001000111011110000001010110001000000110100111010011000111000011000110010000001100011001110110101010011011111100100010111010100100010001010110011101101100100000010101010011101111001111111001101100000
0000000000100000000010001000000000000000101000000000000011000000000001001001000001000101000011100000000000000000101011000111110010101000001000010100010001110110101110100001010100101110000010001001101010100000100000001111001100010001011000001101111101101000
0000000000000000000000000000000010000000100001000001000001000010010010010101011000110111110010100011100100111010011010100001011111100111011000110111001110000011001011010010100101011100001011010111110101011001111101101111001111111101010110100011010001101111
0000000001000000000000010000000000001000000100100000000001000000000000101000000000010110010000000100111000001100000011111101001010001101000101100101010000110111000011000000110000000000110100001010100101110011101100100011010110111000100010111010100011100100
1000000000001100000011000000000001100000001010001100000000000000111000000010111000000000010010000010000110001100000001010010001100110000111110110010001001111110111011101101101011111111111010100001111100100111110001111011000010011100010101101100111101110010
0100000000000000000000000000000000000100000000000000000010000000001000001110010010010100000111010011001000000000010000000010101011010001000100100010011110101010010001011010010101011010111010000100100111010000001100001100010001000110001000101000101010100001
0001100000001000000000000000010000000010000100000110010000011011000100010000000011100001011110011001111010101011100111001111100110101100010110111000001110000100101011011001001111101110101110100011111011111011101011101111011001010101000010111000111111000100
0000000000000100000001000000000000000000000000000000000000010100000000000001000001001000001000110110000000011110100100011101101000101010011000100000111011110001010010101111010110101000110110010010100111001011010100010001010001001010101100100000010111101100
0000000000100000000000000110000000011010001000011110100011000011000000000010010000100000010110110111010010001010101011101101101011110011011001100011001101100110101001010010110111011110110100111111011101110100111111110111011101101011100111101010010101101111
0000000000000100000000000000000000101000010000000000110000001001001000000000000000100101110000010001010011000011000111010011111000100010011000010000101000011010001111001110110000010010001111010010110101010011010001001101101100110111100101001100110010001110
0000000000000000100000000000101000001000010000000000000000000000000000100000001101111000000001001111010001100110111011011011001011100110010101101011111100100001010111110001010111111111110111011111011111110000110110110100001011001101110100110111110111100011
1000000000000010000000000000010000001000000100000000010000010100101000100000000000000001101010100011001001101000011001000100011000101000000010000110111011001110011010100110000101010000101011101010001000000111111000110010001100000010100101010010111000001111
1010001000001000000010000100001000001010100010100010100000001001001000100100100010001101000001011001011010011100010111000001010010001011101101101100111111001001010011010111100111110011101000110100101001011101101100100110001000111111101111001110100010101111
1100000001000000000000000000000000000000000100000000000000011001010000000100000000000001000010010111000010000000111110010000000010001100111000100010000111100110001110001101010100010100000110111111100000011010100100010011000111111111011101101010010010101101
0000000100000000100011000100010000000000100000000000110000000100011100110000000100111000000001000000101000001010001101010001000111011010011101100110011010111011011111101001111010010111111110101011111011101101111011110101100111111011111111111011000111101011
1000000000000000000000000000010000001000000000000010000000000000100001000000000001010010000100000011001001100110000001101010101011010000000000111011100101110111011011101111001010101010100011100100101000101011011010101010001100100010110100011101010011101110
0000000100000000000000000001001000000100000000001100110100100000000001000000000000010010001100000110111000101010000000100010100011110001011110001000100011100011100101111000101101100011100111111111010111101011111110111110110111111100101100111010110101101111
1000000000001000001000000000000000000000000000000100000100000000000000000000000000000110000010001101010110000001000100001000101000011111011010110111001101111010011110001110011011010001001000111011101110111001010100011111000011110010010001111100011110000010
0000000000000000000001000000001001000000000000000001011100010100001100100001100000110011000100011010010011010011001010101000001101111011010111110111000111111101101111111001111011011001111011111110101101111111111110010111111110111110111111011011101010101111
1000000000000000000000000000000000000000000010000011000000100000001000000000000000100100100011101001000011101100001000000001100101000111100111001001011011111100111011101000001001010011001100001101011001111110010100001011101110010010011110111000101011111111
0000000000000000010000000000010001000000101000110100000010010101000100001100000000111000001110000000111001000000111001011000101100100111010111101101001011111111111110101111111011110011101011101111000111111011101111101110111100110110011110101110111110101110
1000000000000000100001010000100000000000000000000001000000100010000000100000011001010101110010010000110101001000111000111111100101100001001011110000010100101110001011010101011100100001110101101110010110011110110000100100110110011010000011000010010010001001
0000000000000000000000000100010000000000001001000100100110100100000111100000101110000011111001011111001110110111101011100101101101111100101101110001100101010111110001011011111111111010011011011111101000110011001110011001101111101110111111111011111111011110
1100000000001000000000000001000100000000000000000010000000001000000000101011100011111011000100011111101001110011001001000101011101000001111011011101101110100101011011101010000010000000100001110000001000111001000110101000010011010101000010100011011000001101
0000010000000000000001000010000000000000000000000000001000011010000011101111110110101111011011101111110110110001111011100100101100110110100110100101000101001100100110111011101011101110111111111011011100110110011111111101101111001001011111110111101111011111
1100000000000000000000010000000000000000001000100000000000000010000010110010100001111111100101101101100011001000101100111111000111111100001101001100010110011110100011101011110101111100001110111100011000111101011010011000001010001001000100011101111011101011
0000000000000000000100000000000100000000000000000000000010000010010000111101110100111110001100010000011111111010010101011010111110011110010110000111111100011101110111111110101100110010011111110010001111111111101011101111101110101110111010101111111011100100
0000000000000000000000000000000000001000000000000010000000000100010010011001010010001000001101110101001010010001101111111110111011101010010100000000001001101000110000101101110011110001101011011010010000101000010100010001110010010010111000101111101010100001
1000000001000000000000000000110000000010000000000000000000100001010000111110110010101001010110000011111010111110011000111110101011111010101100011100101100101001101101100111001011111111100010011000111110101111111010111110100110110110110110111110111111010111
1000100000000000000000000000100010000000000000000001100000000010000000010111110000111100101100101110111001001111001101010001101101011011111001111111001010001001111000001110100101011010110100110011000011011111010110011110101010110100001100000000001001011100
1100100000010010001000000100000001000000101000101000010000000000001100111001111111100111001110111010101110011111111101111110101100111000101111111111001111111111111011101100111001111110111111101011111010011101010011111001011000010110101011111100110111101111
0000000000000000000000000001000000000000000000010100000000000000001000000111101111001011100100101101100111010011101011101100010010001001010001000001010101101101100000111011110111010100101001010111111110110110101010100011110010001010110110111000010100111100
0000000000000000010000000000001000001000000000000011100010001010001000001000001001011001110111111111111001011011111011111111110010010001110111000110111100110111111110001001100110111011101010111101111110101001111111010101100111111111111110110111101111101111
0000000000000000000000000000000000000000100000000001000000000000100000001101011110101010101001010111101010101011111111011110000101101001100001010100001101011101111001100110000101100101101111100110101011100111010011111010110011001000101111110001100101101101
0000000000010100001000000000100000010111000000000001000000000000101011010101000010111011111111011010111111110011011111111010111010001101011010001111111111101010111110101010011111110011011111001111111111110110011001011010110011010011100110011111011111100001
0000000010000000000010000000000000000000100000000000001000001000000000001111001010000110101111101101010101001111111111111111100101011000111011110010110111100110010010101001011111011111101000101010100100101111100111001001001010110011101111111010111011101101
0000000100000000000000000000010000001000000010000000001000000000010000110101100011110110111111101110011000111110111011101111111010010001111110111101111101100010100110110110110110111010111011111111011011010110101111111110001101111011011110111100110001100110
1000100000000000000110000000000000000010000000000000100000011001100000011000010101101100110110011101001010110101110011001000101100111111111001111111101000010111011100100001011000101000100000101000000010111100101010110000111000011001000101010010110100011110
0000000000000000000000100000000001100000000010000000000100000100000100011010011011010100011101011000111000101100110110111110001111101011111111001111111111111110001111100111001111110101000111111010010010011101111111111100101110111101101111111011111111111001
1000000001000000000000100010001100000010000000001000000010000000000000000011110001101101010011011110100111000111011000010000001010101000011000111100101110011110111001110010110011101111111000101110111111111101111110001111010101111000011000111001100110001101
0000000000000000000000000000000000010000000000000000000010010000001000000010101011011011110000101111110110001001111100011110111000111111110111010111100101111110001101111110111010011100101111011101000111110100111011001010111111111111111010111101111011110111
1000100000000000000001000000000000100000100100000000000000000010000000001000000111100111011001101110111100001111110010000011101111110100101011011111111000011111100001001000111101000011010111100110010111001010111110100101011000011010110001110011110010101000
0000001000000000001000000000001000001000010010000110000000101000001000000100011010100111111110110101011101101110110101011111111010101011110111011001110101011010010011111101011011101111110000110111111111111111111010110111100111110010110111010111111010011111
0000000100000000000000000000000000000000000000010001011000000000010000000010000000000111011011101100001001010100010101100100101011111000010101101010101100110010010111111110011110001000110000101010110101111100101011010100100110000001101000010100110000011110
1000000000000100100000000000000000100001001000000000000000010000000000010000001000010111111111111011110111111101100011111111101001101101111011111101100111110011111101111000100011111010111011111111110111101010111111001010011000111111101100110101010001111101
1000010000000000000001000010000000000000000000000100100000000000010000000100001011011110011001011010001011111000000010101001101101101010000000010100010000000100000010111101101100011101101111110100011011101010010101101010111110001111100101000110000000011011
0000000000100000000010000010100000000100000010000000001010000100000011000010101100010010101001101001001110111111110101101011110110111011011111111100110111000111010111111001010011011111111111111001110001111111000010111111110100101111101111101011111001010110
1000000000000000000000000000100000000000000000000100010000110000000000000000011000001001100111101110011110101001000010011001011100110011010000001100010011011101001111000100010101110010101101010111110111011101100011001111100011011111010011100110010011011100
1000000000000000000000000000000000000000100000001001000000000000000000110000000111100001111110100110011111110110111111001111111010111010101010110011000010101011111011110011110011110101111110001101011011110100001011111111111011111111101011101110110010101011
1000000000000000000000000000100000010010000010000000000000000100000001000101100010010111100101100101000100111110010110110111001111011100110011001100011101001111101100111111011011011110110000111110111101010110000010110111011000110111111000110110011000000100
0000000000000000000000000000100000000000100101011000000000101000100100010001010000111101100001101111101110000111111010101011111111101010011111111011100100100110010010111011101111101101011011111011010111111111011111011111000001011111101010111100111011111011
1000000000000000000000000000011000000000000000100000001000000000000001000100111000000000001010101100001000000100001110100101011001110000100010011111100110010011000110010101010011110100110101111010101010110010100110011101111000111011110010101011111011000010
1000000000000000000100000100000000010000000000000000100100010010100001000000000000001111101111111010001111000100110011110110101101111111010111111001111111110010111110111100101011111110100010111011011110110001110111111101111011111110111010110011111101110111
1000001010000000000000000000000001001011000000110000000100101001000000000010000000100110010001001011001001001101111010111011111011110011010110111011011101100011110000100011010101011100011010101000011110001010001111001101001101010111011101100100111000001110
0000100000000000000000000000001000011000100000000010000000000100100000100001010010101010111000011010110100101100111110111011110000111010101110111010111110110111111111111010110001100110111111111100110010110011111010101011111010111110001111011011111110011110
1000000000100000000000100000000000000000000100010000000001000100000010010000000010000000011011110100010101111110011111111000001001000100101011110101000010101111010001100001110111000001111101101000110011001111111011001110111100101111110011111001111010010000
0000000000100010000000000010100000000000011001000000000000000000100000000000001010000000111010100111110110010101001100111110110111111011110110011111111111100010111001101111111111110101111111101111111000101101111101111101011011101110001110111111111101111110
1000000000000000000000000000000000000100000000010010000000001010000010110011000000101000010000000001010001110011010111100000100001011101000100000101110110110101000110110111011011111000111101100100111110000101111100101010011001100110011101100001101001101001
0001000000000000000000000000000010000000001100001000001000000000010000010000011000110101101010111001111101111001110001110110000111111011011110101001101110111111111101101101101111101011000111100110111110100001101111101110101111101110111111011011101010111110
1000000000010000000000000001000000000101000000010000010000000000010000000000000100101001000110110110000010111100101110110001100101111001111111101110000111010011100110000101000111110110110110100011011011101110011011000011010110101000010111100001111111010111
0000010000000000000000000000000000000000000000000100000000100000011000010000001010010000011101100111111111111001101110111011011001111111011111101111111111010011111111101110111111101010111011110110111111011001100111111111111011010001111111101011011011101110
0000000000000100000010000000000000000000000000000000110000010100000000000100001001000000001000001110011010100010100111001010010101111100000111011100000111011100000100000010101111101011101011100111111000101111100111110000110011001110011100101011000010100010
0000000000100000000000000000001000000000000011010000000000011100000100001001010010000001010000111001111011111111110110010111101100101010001110000010011001101111111111011110111111011111101111111111101000111100110111111111100010011110011110111111111001011011
1000000000000000000000000001000000000100000000000000000000000000000100001100100000000000000000011101100111010101110010001011001011110010110111011100000010011100011111001110000000010010011010110110011101111110000011111110010100011110001011111001110010000110
1000001000000000000000000000000000000000000011000000001001000010000001001011100010000101110010010011010111111101010111111101111010111101111111110111110110110011010110101111011110101001101011111100011110100111011011001111101111110001110111111001111011111000
1000000000000000000000000000000000000000000000010000000001000000000010000000100110000000100100000001000110110011101001111011000001001011111110011011011101011010001001001110001010101100010011101101101010101111011100101000011000101100111111110001010010011100
0000000000000000000000000000100000000001000000100000000000111000000000001000000000010001100100000110110001010010001011101111110101110001101111101111101011101111000111111011001110001001101001101101101010111001010111111101111101101000101111011110001011111010
1000000000000000001000000000000000000000001110000000000000000000000000100000000000000000010100000001000011100011000000100100111111110111111001111111010010001100011100101101001110100000110001001010001111100110100010010110111110101001111001011101111001111110
0000000000011000001000000000000000000010100000000100100000000000000001000000000000101000000011001111111000010011111010100011111000111000110111110110110000011011111101110011110110101011111001100001010111111010111101101000110111111101111101011101111111101001
1000000000000000000000000000000000010000100000110000000100001100000000010000001000001011000000000000000000100011001101001101100010001110001111110010010010000111010011110101000011110000111010000010011100101000110001000110100100110110000010001010010110001100
0000000000000000000000000000000000000000000000000000000100000100100000000011000000000100000000001100001010000000101110111001101111110111110111110001001011110001111111101110110111111110111011111111101111111101011111101101100101001111010011111111111111101010
1000000100100001000000010000000000100000000000000100000100010000000000000010101100100010000010000101000001100001110010010010101110011111010001010011101110011010101100101001101011100000011111111011100101001110100110110110011111101110111010111000000101001000
1000001000000000010000000010000000000000000000010000000011010000000000000000010011000000000000001001001000100100011111110100110111111111011011011011111111000111110111111110111001100011111011100011110110101000100111001110101101100000110111111011101001111111
1000000000000000000000000000000000000000000000000000000000000000010000000000010100010000000010000000010011000000000000001011101110011010000010000001110011110011001111110000011011011000111111010111010010101000111000111111110111010111010101011000100010000000
0000000000000000100000000000100000000000000000011000000010100000010110000000000001000010001000000000100110000011000001000110111000100100100101111000001110011110101110111010011000101000110111000010001011101111111100101100010101101010111010111111011001110000
1000000000000010000000000000000000100001000010010010000001100000000100000000000000000011000000100000100010000010001110000001110001100000000100010010110000110000000100100010011000110110000000000000011011110010001001111001100011100000000100001010110001000001
0000100000000000000100000000000000000000001000000010010100101110010000000000000000000000001100010010000010100110100010000011100011001101110000100101001001001100010001000000101101110010111001111011010000101000111111000101001000010010100010000001101000010101
1000000000000000000000000000000000000011100000000000000100000010000000000100000000000010000000000000101100000010000010001111000111000000111000001100011000101100110000101100100000010110001000100110011001001110000011101110001000010010100000100000101101010000
0000000000000000000000000101000000100000000000000000000000000000000000100000000010110100010110000000000110111000101001101010010011100101001001101110101001110111100001100001101100000111000011010000111011000010001010111110101000011011101000101111011110000010
1000000000000000000000000000000000010010000000000000000001000000000100000010001000010000000000000000110000000000100100000000000000100010000110001000100000101011000100000000010111000010000010011010000000110100101011000010110001100001000110110111001100001000
1000000000000000000100000000000001000000000000100001111000000000000000010000000000000000110010000010000000000011001000000000000101010001110100111010011000000001010101110100101010101011110000001111011110011100001010000100001010100101110101100010010001000000
0000000000000000001000000000000000100000000000000011000000001000000000000000000000000000000100000001010000110000011010000010100000001001110010000100010010000110001000001110110010000010110110000010010000010000001011010100010000101001100001101000000000000000
0001000000000010000000000000000000000000100000000000100000000000000000000000000010000001000000111011000110100000000010001100101100100110010010100000111001001110111010001111101100111001100011010111111000001011001000111001010001100001011100010100101000001100
0000000000000100000000000000000010000000000000101100000000000000000000000000010000000100001010000010010110100011101100001010001000100001000000001001101110001101110000010000000001000100000000011000111100001111100100100000011110111011011111001000100000000000
0000001000000000000100000000000000000000010010000010011000000000000000000010100001000100000100100110000011110000011011011111000001011101110000001011101111011000100100001110000010000100101010100010101000001100011110100101100100010101110111000010010011110100
0001000000000000011000000000000000000000000000000001100010000000000110010000100001100000000001000000100010100000000000000001000000111000000000001000000000000001001111111000100100000011011010010000011010011110001000010100101001010101100000001011010000010110
0000010000000100000000010000000000000000001000000100000001100000000000000000010000000000000001000100010000111101110010010000000111010111100010000010001001011110011101001000100000001001001010010001110010010010000111110011010101101100110010011111001101001011
1000000000000000000000100000000100001000011000000000000001000000000000000001001000000000000000101100000100100101100000010010000001000001101010100000001101001001100100010111001100011101000011010000000001000100110000100110110001001011011000000100000010001000
1000000000000000100000000000000000000000000000010000000001000000000000100000000101101000010000010011000000100001100000110001101100000101010100001100010001011110000000000000110100010001101010010010010001001110111100000111111000101010011000100100001010000000
0000000000000000001000000000000000000000000000000000010000000000011000000000000001000101000010010001110000000000100010011000000000010100000100101100100100000010000001000111011001110000010010011100001110010100111000110100001011000100110100000000000101000011
0000000000000000000100000100000000000000000000100000000011000000010010100000000000000100000010001100000000000000101001000001111000000000001000010111110101000100110011000000001110000011000110101100111101101101011001010000001011111110111001001000000000011010
1000000000000000000001000010000000000000000001100000000000000001000000000000000000000000001000010001000001000100000001001000101001000101110010000001000000001000000010010001001001001011111000000100011001111000001001100110100000110000101000000100001110110000
1000000000000000000000000000001000000000000000000000000000010000001000010000000010100000000001000011001010000001110100100110110011000010101011101000000000101000001000000100001000011100100010100000110010111011111010010001000001001100110000100011000101000001
1000001000000000000000000000000000000100000000000011010000000000000000010000000000001100000000101010000000000000000010001110001000000000001101010000100000010001000010000100000001000110001010000010010000000000101100010010000010100000100100000100000000110010
0000000000000000000000000000000000101000000100000000000000001100001100001010000000000010101000001000001010000000000000000000001000000110000011000010010001101011110110000101001000000111001100100101010000101100100010010100110111001010101100101000111000000000
0000000000000000000000000000000000000000010000000000000000000000000001010001010000000000000000100000000101000000000000000011001001000000000001001001011001000111000001001010000100101001011100000000000001010111100001000010001010000010010000000001010010011010
0000000000100000000000001000000000000000000001000000000000000000001001000000000000000000000000010000001000000101000011100011000011000000001110110000100100111110000111011111110111010000001000001010101100110011101010100100101010100101001001100001010000001000
0000000000000000001000000000000000001000010000000000000000000000100000100001000110100100000001000001000100000000010100000000000000111000000101101000100000000001000000000000000100000100100100110101110110000000010000001010000000100110000010100001000100101000
0000000000101001000000000000000000000000000000000000000010000010000010000010100110000000000000010000000010100001010000010010000101000000001000000001011110110000010011000000000010101000010010100000111011100000010011000110110000000111000111010001000101001001
0000000000000000000000000000010000000000000000000000010000000000000000100000000001000000100001101000000000000000100000001100000000000100000101000000100000010000001011110000011100010000000100100000000011011100010000010001010000000000000010101100111110000010
0000000000000000000000000000000100000000010000000100000010000000000000001000100000000100000010010100010000010100100100110000101001010001001000000001101000010000110000001010000001011000000011000011011010010110110101110000000000100010010111000001101000000000
0000000000000000000000000000000000000000000000000000000000000101000000000000000000000000000100010010010000000100000000100010000000001001110000100010000110000000000011000100100010000001110000100011000010010100111100010010000000000001100100101100001000010001
0000000000000000001000000000010000000000000001000000000001000000000000101001000000001000001100001100000000000000000001000100000101000010000000101010000001100110100000000001100000010010101000000100101000000011101111100101100001000010000001001100000011101000
1000000000000000000000001010000000000000000000000000000000000000000000000000000000000110010000100001000000100100100100100100000100000000001100001010000001000010010000010010000010011001110000001000000011000000110010101110010101001000001010000000000111000010
1100000000000000000000000001000000000100000000000101100000000000000000100000001100000000000000000000000000010000010010111100000000101001101100000001000000000001000000001001000101000001001000100000010001101010101011110000100101111011100000011101010011000010
1000000000000010000000000000000000001000000101000000000000000000000000000000000001000000000000000000000000000001001000000100000000000000100000000010000010100010111000000100101011000010100101000001000000000001100000000001001000011010000010011010000000000110
0000000000000000000000000000000000000000000000000100000000000000011000000000000000010100011000001100001000000000000000010100000000100110010100001100011111100000101101001000000000010110000001000010100010110101100000011010001000000000001000110000100000000010
0000000000000000000000000000000000000000000010000000000000000000001010000100000010000000100000000000000000000010000000000010000000101101010000001000000001010000000000100010101000010000000000100000000000000000000001000000001111000100010001010001000000000100
0000010000000000000000010000001000010000000000000000000000000000010001001000010001000000001000011010000010000010001100000001000000001100001000010000000000000100000100000010000111000010010010010000110000110101100000000010010101000001010000001000110010001100
0000100000001000000100000000100000000000000100000000000000000001000000000000000000000000001001001000000010000000000100000111000010001000010010010000000000000010100100001001001000010001100001000101000100000000000000000000000000000001010000100100000000000000
0000000000000000000000000000010000000000000000000100000000000000000100010100000000010000000100100101000000100000000010000100000001000000010000000010000111101001000001000100100110001001000000011000000001010101000010000000111000000110000110110100101100100001
0000000000000010000000000000000000000000000000000000000000000000000000010000010000000000000000000000010000000000000000000110100000000000000001010000000010010001001000100100000000000010010000001010000000000010000000000000000000000000000100000010000100000011
0000000000000000000001000000000000000000000000010000001000000000000000000000000000100000000000000000000010000010000100001010001000000000010001010000100000100010001001100100001000000000000011000010000011000000100000010000010010000010100001000000001101000000
0000000000010000000000000000000000000000000000000000010000001100001000000000000000111110100000000000000000000001100000100100100011001100001000000000001010000100100000101001001000110100000010000000000000110001000000000000000001100100010000000000010101010000
0000000001100000000000001100000001010000000000000000000000000000000000010100000000000000000000000010000000010100000000100000110000000000000000011101001010100000000010001110000100000011000010110000100000001001000110011000001100000000000000001000011000000001
1000000000000000000000000000000000000000000000000000000000000000000001000100000000000000000010001010010001000010110000000000011110000001100001011110001001000000011101100000000011000000010010010001000001010100001100100100000100000010010000000001000100000000
0000000000000000000000000000000000000000000000101000100000000000000000000000000000000000100000100000000101000000000000000100000000100010001000000000100010111100100001000000000000000000101001110111000011000000000001000000101100100000000010000000001000000000
1000000000100000000000000000000000000000000000000000000000000000000000000000000000000000000000000100000010000100000000001000000000000000001000000011100000010000100000000010000001100000001101010000100000000100000000000000000000000000000000000111000000010000
0000000000100001000000000000000101000000000100000000010000000000000100000000000000001100000000000000000100000001001000000000000001000000000010000011000011010010110110010000100100000000100001000110000001000001000010000011010000000000100000010110000000001000
0000000000000000000000000000000000000000000000010000100001000000100000000100000000101010000001000000000000101000100000000000000100000000000000000110010100100000100111000001000000010101000000001000100000000001100000000000000000010000000100000010010000010000
0000000001000000000001000000000000000000001000000000100001000000000000000000010000000000000000000000100001000000000000000100000000011000000000000001010001110100001000000001001100000000100101000010010001000010000110000100000100100000001001000000000000001000
1000000000000000000000100000000100000000000000001000000100001000000000000000000000000000001000000000000100000000001000000000000000000000100000000110001000000010000000001100000011010000001010010001010100100001001101110000010010000000100000000000000001100001
0000000000000000000100000000000000010001000000000000000000000000000000010001000010000000100000000000110000000000000010001000100000000000000010100000000100000100000100100000100001000000001000001110100001100000000011100000000001000100000101101000100010101001
0000000000000000100010000110000000000100010000000000000100000000000100010000000000000010000001010000000000101000000100000000100010100000100100000000100000000000000100100000010100110000001000000010100001000100010000000000000000000100000100000000000100000000
0000010000000000000001000000000000000000000000000000000000000000010000101000000000000000000110001000000010000000000010000000100000100110010010010000010000000010000000000000001000010000001001000000000000000010000000000000000000100000011100101101010000010110
1000000000000000000000000000000000000000000000000010000000000000001000000000010000000000000000000000000000010000000000000000000100000000000000000001000000000000000001100101000111000000010100000000001000000000000000000001101000100000100000000001001000110100
0000000000000100000000000000000000000000000000000000000100100000000000010001000000000000100000001001000100010001001000001000001000000010100100000000000000100010010100000010000000000000001000100100000001000010101000000000000000100000010000000000000000010000
0000000000001000000000010000100000000000000000000000000100010000000000000000000000100000000101000000001101000000000000000010000000000001100000000010100000000000000000000000010000001000100100000000001000000001011000000000000000001000000000000000100000000000
1000000000001001010000000000000000000000000000000000000000000000000000000001000010000000000000010011000000001100000010001110000010000000010000001001000010001001000100010000100100100001000000100100000000010000000000000000000000000000100000000001100000000010
0000000000010000000000000000000000000000000000010000000000000000000000000001010011000000000000001100100000000000000000000000010000000000001000010000000000001000000101000000000000000000000000000010000000001000011000000000001000000001000000000000000100000000
0000000000100000000000000000010000000000000000010000001000000010100000000000000000001000000000100000001000000000110000011011000000010000000011000000010110101000001001001000001100110010001000000000000000010010000000100000000000100010000000000000000000010001
0000000000000000000000000110000000000000000000001000000100000001000000000000000000000000100000000000000000000000000000000000100001000000000010100011000000011010100000101001100011000000010000100010010000000001000010101000000000000000000000000010000000000000
0000000000000000000000000000000000000000000000000000000000000000100000000000000000000000000000100000001000011000000000000000000000000010000101000000000000010000000010100101001000000000011110001010001000000000001100000000001000010001000000000101000010000000
0000000000000100000000000000000000000000000000000000000000000000000000000000000000000000000000000000000000000010100000000001000000110010100001010001000000001001000000000000000000100000000010011000000001000000101000100000000000000000101000000000000000101000
0000000000000000000000000010000000001000000000000000000000000000000000010000100000000000000100000010000010000000000100000001000000001000101000000100001000001100001000000100100000000110000000000101010000000010001100000000100100000000000101100000001000000000
0000000000000000000000000000000000000000100000000000000000000000000000010000000000001000000000000100000010000000000000000000000000100000011011100001000001000000000000000000000010001000000000000100000000010010000000000000000000000000010001000000100000000000
0000000000000000000000000000000000000000000000001000000000000000100000000000000000010000001000000000010000100010001000000000010100100000000010000110000010000000000001010000001000100100001001000000010000000101000001000110000100100000100000000010000101000001
1000000000000000100000100000000000000000000000000000000000000000000000000000000000000100000000000000000000001100000000000001000000100000101010000000000000010000000000000000000000000000000000001000000000100000100000000000010000000000000100000000000000000000
0000000000000000000000011000000000010000100000000000000000000000000010000000000001100000000000000000000010000100001000000001000000010000000000010100010000101000000100000000000000000110010000100000000000000000100000100010010001110000101100100000000000000000
0000000000000000000000000000001000000000001000000000000000000000000000000000000000000000000000001000000000001000000000000001000000000000000000000000000000000000000000000000000100000001000110000100100111000000000100000100100000000001000000000000000000001010
0000000000000000000000000000000000000000001000000000001000000000000000000000000000000000100100000000101000000100000010001010000101000100100000000000000010000000001000100001000010001000100000000000000000000000000000000000000000000000000100010110001000000110
0000000001000000000001000000000000000000000000000000000000001000000000000100100100000100000000001000000000000000010010100000100000000000000000000000000000000000001001010001001000100010000001000000000110010100100000000100000000010000000000000000000100010000
0000000000001000000000000100000000001000000001100100000000000000000000000000000000010000010000000000001100000000000000000000000010000010001000100100000000101000000001000001000000000110010000001000000000000000000001001000000000000000000100000010000000000000
0000000000000000000000000000000000000001010000000000001000100000001000000000010000000001000000010000000000000001000000100000000001000000000000000001000000001000000000000000001000000000001000111001000000000000000000000000000101000000000000100000010000001000
0000000000000000000010000000000000000000000011000000000000000000000000000000000000000101000001011100000000000000010000000000000010000000100000000000000110000000000000000000000010000000000000000001000000000110000000000000000000100000010010000000001010000000
0000000000000000000010000000000000000000000000000000100000000000000000000010010000000000000000000010100000000000100000000000010000000000000000011000000000000001000000000000110000000000000001000000000000000100110010000000100000100001000001000000000001000000
0000010000000000000000000000000000000000000000000101000000000000000000000100000000000010001000000000000000000000000000000010010000101000000000000000000000000001010100000000000100001000000000000000000010100000000100000000000100000001010000000000000000010010
0000000000000000000000000000000000000001000010000000000000000000000000000100000000000010000000010000000010000000101000000000000010000010000000000100000000100001001000000100001000000000000100000000001000001000000000000000000000000000001000000000000000110000
0000000000010000000000100000000000000000001000000000000000000000000000000000000000000000000000010000000000000000000000000000100100000010000110000000000000000000000100001000000000010001000000000000000000000100000000000001000000000001000000000000000000000000
0100000000000000000001000000000000000000010000000001000000000000000000100000000000000000010000000000010000000010000000000000000001000010010000000000000000000000000000000000100000000000000101000000100010000100000000100000000000000000100000000000000000000001
0000000000000000000000000000001000000000000000000000000000001001000000000000000100000000000000000000000000000000000000000000000000000000000000000000000000000001000100000000000000000100100000000000000000000000000000000000000000000001000000000000000000010000
1000000000000000000000000000000000000000000000000000000000000000001000000000000000000000010000001000001000000000000000100000000101000000000010001000000000100000000100000010100000000000100001000000000000100000000010000000000000000000000000010000000010001000
0000000000000100000000000000000000000000000000001000000000000000000000000000000000101000000000000000100010110000000000000000000000000000000000000000000001000000000000001000000100000010000000000100000000000000000000000000100000000000000100000000000000000000
0000000000000000000000000000000000000000000000000000000000000000100000000000000000000000000000001010001001000000000000000100001000000000000010000000000000000000010000000000000100000000000000000000001000101000000000100000000100000000000000000000001000000000
0000000000000000000000000000000000000000100000001000000000000000000000000000000000000010000000000000000000000000000001000000000000100100000000000000000000000000000000010000000000000010110000000000000000000000000000000100010010000010000000001011000000001000
0100000000000000000000000000000000000000000000000000000010000000000000000000000000100001000000000000100000000010000000000000000010000000000000000001100000000000000000000000000010000000010000010000000000000000000000000010000000000000001000000100001000000000
0000000100000000001000000000000000000000000000000000000000000010010000000000000000000000000000010000000000000100000000000000000000000001000100100000011000000000000000000000000000000000000011000000000000000000000100000000001000000000000000001001000000100000
0000000000000000000000000000000000000000000000100000000000000001010000000000000000000000000000010000000000000000000000000000000000100000000100010010000000000000000000001000000000000000000000000000000000000100000000100000010000000100000010000100000000010000
0000000000100000000000000000000000001000000000000000000000001000000001000000000000000010000000001000000000000000100000000000000000000000100100000000001000000000100000100000000000000000000001000001000000000000000100000000000000000000000010000000100100000000
0000000000000000000000000000000000000100000000000000000000000000000000000000000000000000100000000000000100000000000000000000000000000000100000000001000000000000001100000000000000000000000000100001000000000000000000000000000000000000000000000000000000010001
0000100000000000000000000000000000000100100000000001001000000000000010000000000100110000000000000000110000000001000000000000100000000001100000000000000000000010000010000000000000100010000000000000000000000000000000000001000000101000010000000000001000000000
0000000000000000000000000000000000110000000000000000000000000000000000000010010000001000000000000000010000011000000000010010100000000000000000000000001000000001000000000000000000000000000000000000000000000000010000000000000101000000000000000000100000000000
0000000000000010000000000000000000000000000000000000000000000000000000000000000001000100000000000000001001100000000000000000001000000001000000000000000000000000100000000000011010000000000000000100100000000000001000000000000000000000000001000000100000000000
0000100000000000100000000000000000000000000000000000000000000010000000000000000000000000000000010000000000000000000000100000000000000000000001000000000000000001000000000000100000000000100000010000000000000000000100000000100101000000001000001000100000000000
0000000000000000000000000000000000000000000000000000000000000000000000000000000000000000010000000000000000001000110000000000000100000000000000010000000011000001000000000000000000000000010000000010000001000000000000000001000000000000000000001010000000001000
0000000000000000000000000000000000000000000000000100000000000000000000000000000100000001000000000100000000000000000000000100000000000000000100000000010000000000000000000000000000000000000000000000000000000000000000000000000000000000000100000001000000000000
0000000000000000001000010000000000000000000000000000000000000000000000000000000000000000000101000000000000000001000000000000000100000000000000000001000000100000000001000001100000000000000000010000000000000000000100000000000000000000000000010000100000000000
0000000000000000000000000000000000100000000000000000000000000000000000000000000100000000000010000000010000000000000000000010000000010001000000000000010000000000000010000000000000000000000000000000000000000000010000000000000001010001000000000000000000010000
0000000000000000000001000000000000100000000000000000000001000000000000000000000000000000000010000000100000000000000000001000000010000000010000000000000000000000000000000000000001010010010000010000000000000000000000000000000000010000000111100000000000000000
0000000100000001000000000000000000000000000000000000000000000001000000000000000000000001110000000000000100000000000000000000000000001000000000000000000000010000000000000000000000000000000000000001100000000000000000000000000000000000000000100000000000000000
0000000000000000000000000000000000000000000000000000000000000100000000100000001010001000100000000010000010000000000000000000000000000010000000000000000000000000000000000000000000000000000000000010000000000000000000000000000000000010000000000000000000000000
0000000000000000001000000000000000000000000000000000000000000000000000000001000100010000000000000000000000000000000000000000000000000000000100010000000000000000100001000000000000001000000001000000000001000000000000000000010001000000000010000000000000000010
0000000000000000000000000000000000000000000000000000000000000000000000000000010000000000000000000001000000000000100001000000000010100000001000000000000000000000000000100000000000000000000000000000000000010000010000101000000000000000000000010000001000000000
0000000000000000000000000000000000000000000000000000000000000000000100000000000000000000000100011100000000000000000000000000000000000000000000100000000000000101000000000001000000100000000000000000010000100000000100000000000000010000000000000000000100000000
0000000000100000000000000000000000000000000000000000100000000000000000000000000000000000000000000000000000001000000000000000000000010000000000000000000000000000000000001100000100000000000000010001000000000000000000000000000000001000000000001000000000000010
0000000000000100000000000010000000000000000000000000000100000000000000000000000000000000000000000000101000000000001000000010100000000010000100000000010000000000000000000010000000000000001000000000000000000000000000000000000000001000000000010000000000000000
0000000000000000000000000000000000000000010000000000000000000001000000000000000000100010000000010000000000000000000000000000001000000000000000000000110000000000000000000000000000000000000000000000000000000000001000000000000000000000000000000000000000000000
0000000000000000000000000000000000010000000000000000000001000000010000000000000000000000000000000000000000000000000000000000000000001000000000000000000000000000000000000000000001010000000100000000000000100000000000000000100000010000000000000001000000000010
