0000000000000000000010000000000000000000000001000000000000000000000000010000000000000000100000010000000000000001110011100000000101000100000000001101001001011000110100110000111000001000000000000100101010010000100000100110010111000110000010100100111000000000
1100000100000000001000101000000000000000000000000000010000000000000000000000000000000000010000000000010000000110100000000100000001000000000010001000000100000000111001000001100000000101000011000100011000010000000000000000010011100000000100000000000000010101
0000000000000000000000000000010000100001000000000000000000000000000000000100000000000000000000000011000100000000010010011000000010100001100000100010000000111010000001001000101000100100010000011000011010001010110001000101000100000100000000101000000010010100
0010000000000100000001000000000000001001000000000000000000010000000000011000000001000000001000100000000000001001000000010000110000100010010000010110000001110010100100000000000100000000000001001010101001000001000000001000001010100010010000011000001110000001
0000000000000100000000000000000000000000000000000000010000000100000000010000001000000010100010000000000010011010100000000110001011010001000111111001000100010011000100010010100000100000111000000000001011000101101011110001010100001000011001010000001000001101
0000000000000000000000100000000101000000000000010000000000100001000001100000000011000010100101010000000000001001001000011000000000010101000010010000100101000101000100010000001100100001000000000100100100000000000100110010010001101111000001101000110010000000
0000000000000001000000000001000000000000000001000000000000000000000000000001100010011000001001011000011010111010000000100001110100001000010101000001101100010000110101001010000101000000001100100100001011101111000110111111010101001100110000000001011010000110
0000000000000000000000000010000000000110000001000000000001000000100010001000000000001100000000011000010100010110100001000000000100100001000000010000000111100110000000000000000000100000001000000110100000010000001001000010000000000110010110010000000000000001
0000010000000100000000000100000010010000000000010000000000010000000100001000000000000011000000101110000000010000000011010110000000100100100001110001100001010001000011010101100110010001000010000001100100101011001010010100010000101011110110110101000000000010
1000000000000000000000010000000000000000100011001000010000000000100100001000000000010000000000000011000101000000000000001100001010001000001110100100010000010001001000001001010000100110001000110011011010000000000000000000101000001000101011001011001011110000
0000000000010101000100000100001000000000000001000000000100000000000010000010001010000110000010000000000100000010000100100110010111000100001000000010100101111000011100010011110010000110101010101000100000011001010001101010100000000100011100110011011011100000
0001000000000000000001000000001100100000000000010000000010110000000001000000000000000100000000100000000001100000010000000010000000000000000000011000001100000010101100110000111010101101001010001100000000000001001010000010001000111000001010001100000100000110
0001000000000000000000000000101000011100000000000000001000000100001000100001000000000000000010000001010000000000010000101000110011000010001110010010100011110001001000111110100011010010001110001110011000001110101011011110000110100011111110001000001100011000
1000000000000000000000001000000000000000000000000101110100100000000000000000000000001010000001010100011000110000000000000111101001000010100000101010001000000000110000100100100001110111010010000110011010000110000010000000110000010011100110010010001001000000
1000000000001000000000000000000000000000000000000010000110001000001110001011100000010110010000000100001101100101101011001000011000010101100000010110111001011001000010011000001110011010011000101100100100110111000010010010000011000000100000100110100010001011
1000000000000100000000000000000000000001000000000000000000000000010000000000000000000010000010010000001010000000000000000001001001000000000001001001000000000010010000000001000010101001100011100011000101100011000000001001111010001001001101000000000110001010
0000000100000000000000000100000000000000000010001000000001010100000001000000000101000010000100000000011111011110000100001000100000000100110000110011010101100011100001001100100010010001001110000100101100011010010100011101011000000110000000000110111011101001
0000000010000000000000000000000100001100000000000010000010010000000000000100110001000000100001010001101000010000000000001010101000110000001001100010010000110100000100000010010100101101000011100011100000011000010100001010010110111001010110000010010000100101
0000000000000100001000000000000000100000000000000000000000100100000000010101000000000101000001110000010000110101110101001101100000010011011101001010111000010100001111111101001011010001000001101000000000110001111011000000001011101000001010000011001110001111
0000000000000000000000000010000100000000010000101000000000010000000000000000000001001001001000000100100100110001000000100010010001101010000101000000100010000011001000000000001000000000010010101001010000111100101010000100111010100010100000001100100011000100
1101100000000001000000000000000110000000000010101000101000100010000001000001000010100001010000000011000010100000001101001101011000100001100001011000100100111101001001110110100111110110101011111100100010101111101101001110101001000100100110010101111010101001
1000000010000010000000000000000000000001100010000010000000000000000000100000010001000001000000000100000010001010100010000010100000010011101000111001100001000100001000100101100110111110011100010101111011001110110101000110000001000110010100000100000000001011
0000000000000010000100000000000000100001000000000000100000010000101000001100100001000001000110000000010010101100110100000000110100100011110011011010000011001000101011101001001001100001111010011010000000110001110110100110000001001110010010111000001100000100
0100000000000000000000000000000000100010000001000000000000001000100010000000101000000100100001100100000010010010001001000100001010010011101000101101100001100110101101000100011010101000001101000110010001111001100100010010010000011001011100010000100000001000
0000000000000001000000000000000100000000010000000001000010000000000100000010100110001101001101001100010010000000010000101000010001100001111010011111011100100010111010010100101010100001101100101100111101000001100101101111100101100110101000010100001011000011
1000000000000000000000010000000000000000000001000000000001010001000000000011000001110010100000110000000010010110110000100000001000110000001100001100100101000010100000000100000101001000110100100010000010000010111100000010000110010110000111111110011000001000
0000000000000000000010000000000001000000000000000000000000000000010010001000000000001001000010010100000000001101000010010001101011100000011111010111100111000000100101101010110011010011000111111000101010110011001110001010001110011011000100010000010011110100
0000000000000000000000000000000000010000000000011000000000000000000110011000000000000001000000010000010000010000000000011100010001000000001100110101010101100110101010101011101000001100001100000011000100100000100000001101000000111011000000000111111000110000
0000000000110000000000000000000000000100000000000000100000100010001000000000000000100000000010100000001000110011100100001110100010111000111010101100110010101010001010110010101001001010011101101001111110010110001110011110011111001110011000101110011011110110
1000000001000100000000100000000000000000000000000000000000100000000100101000000000000111001000000010000101101000001001011111001000001100000000000000111111000010000101001000111111111010101111001110111010001111111100110001101101001101111001101011110000101101
0000100001000000000000000000000000000000000000010000101100001000011000101001000010000000111001000001101010010100110010000000010001100000111011101101101000011111101101101000000101111111111010001100111110110011011111100110111101111011100110011110100101011100
1000000000000000000000000000000000000000100000000000000000010000000000000000000000011000000010000000011100011011010001010110000000011100001100000011001001100111101011101110100101100100100111001000110011001010001101001010101111000011010110001111101010011100
1101000000100000000101000000000001010010010000001000000000001010001100001000000001010000101000000000100000110000000100100001001000110101101110010111111001110111111001110111100101101101111100111010101100111101010110111111100111011011011101111110011111011111
0000000000000000000000000000000000000001000000000000000000000010010001100100010011000000010001000000000000011010101111000010001010101011011011000100001111011010110111001111101111100100110000010100010111001101111011101111100111111010101010111001101011000010
0000100001000001100000000100000000100001000000000101000001110000100000000000010000100010000010010110000111100100011001000110111010111111011010011001101110110111000011110001011101011111111111110100100110001000100111110001110111101111011101111111111101101110
0000000000000000000010000000010000010000000001000000000000001010011000000000011001001000010100000000001101111010000101111100101010111110101100001010001010101111111100010010110110110111100001111111011110110101010100100011011110010111110111101100111111001110
0000000000000000000100000000001101001010000000001000000001010100100000010100001010100000000000110101111010010010101111010000101101110110101101011111110111011110111111010011101101100110110111100101111010011111110111101100111100101011101100111011110110110111
1000000000000000000000000101000100000001000000000110001000000000000000001000000000000000100000001110000101011010011100111001001000100100101101010010101001100011011101100110100011000000111100101011101110100111001001101010101101101101101011001111001001100011
0000100000000000010000010000000000000000010000000000000000000000000001101010000111000010100100101000011000111011111111111111111011011100111110111110101101101100010100110110101111111011111111101110101101110100011111111101011100000001100110110111111011110011
1000000000000000000000001100000000000010000010000010000000101010100000010010000000101001000000101000010011000100111000010010111101001010011001010001010011111000101011100001100010010110010101000111011100111110110011101111101000011001000111111011110111110111
0001000000000100000000000000000000000000000000010010000010000000000000000000011001001010100010001111100100001101101100101100101011111101110111111110101011101111111011111001010110111010011110010001111101011111101100111111110111101110110110110101111111001011
1000001000000000000000000010000000000000000000000100000000000000100000010000001110000000000110100111011000110011110001100011100111110011001011100000001110011110100100111110111101011000111111110011111001000111111101110001000011011000101100100111111111110010
0000000010000000000000001100000000010000001000000000000000010110000010100010100000100000001000110111011101001111111010110000001110111111011011000011010010011011110111110110101011101110001111011010100011111111011011111110111111101110111111111111111111101101
1000000100000000000000000000000000000000000011010000000000000100000010000100000001000100101101011101001101101100011100111110100000101111100011100100101100100000010001010000110010111101000101110000111010111011011110011101010110100011100101110000101111101010
0000000000100000000100100000101000000000000000000000001000001000001000010000100100011001010000111010101010111110101111011110011100111110110111111011101110101011101110011010111110101011110111100011111110111111111111111010111100111101011010101111110111010011
1100000000000010100000010000100000000010000000000000010000000010000010001000100000010000011110001100100110011010110000101111001100110011001101110110000010001100011100010111111110001101010110011101101100110111110111110001011111101010001001111011010000011110
1000010010010000000000000000000000100000110100101000010001010000000001001000001001010001000011111010111111111010111110101111001111111001111001100101001011111110111000100011110111111110011011100110111111011110101101101101011001100100011010111101111011110110
1000000000000000010000000000000000001000001000000011100010000011101000000010000000000000001110100010000111010010000100010010011101000011010110111101110101010011011111101001000101110100001001000011000000110011111111111110000100011100111101010010101010001111
0001000010000000000000101010000011001001010000000000001111011101001100010000010101100000111101111000101110110110110000110011101011110111111011111101111101111111101101010001111100011000111010101010101010100100111110111111111011100101011111010111101101011011
1000000001000000000000000001000001010000000000000000000000010110000000010001000000111000100011101010010011101001010011101111110011100110100001100010011010101100011011111101000101001110100010100110111000101000001101011110101110100100111100111011100011011011
1001010000000010000100101100100001001000000000000000111000001000000100011011100011000100000110101111011111011110111111111100011011111100111111011100001110011001001111110011101101011010001011101011111101101111111111011010011111110110110011010111110111110001
1001100000000010000000000000011001000010001000001010001000000100000000010000000100000001011110011101110011000111011010011110111100101110111010110101000100110000011111111000001110101001000011100000101001101011110011110001100101100110110010111100101111111101
0001000000000000000000010000010000000010001000001010000110000010000100100000000100100011001101010001111010001111101001100001111011101111111011011011001110010111011111110111101101111111000001001110110111111010011011111010100111100011010111101011101111110111
0101000000100000000000000000000000000000000000000000000000000000000000100001000001100010011000011100011010001110101011010001111010000010111000100001100000110101111111101111111011001101111011101011000101010000111111111111111011010110011110101011101100111010
1000000100000001001100110000100000100000000000001001000000100010000110010001001010111101011101111101100010011101111011111110111100101100010111101101101111111110101011111111101001010010111011010010111011110101011010000010110111011100101011111110011110111111
1000000000001001000001000000000000000001100000001000001000110000001000000011100001001110111010110000100110111111100100000100111111110111100110110010001100010110110011110001001000101110111110000111111101001011011001011000001000100011001101011000111110011001
0010100000000000000000000000100000101000000100100000000100000001000010011000000111101101011111101011100010111101111110011111111101110001010111110101011110010111111110000110111100011001001001100010110111101110111111101110011000010111111101110111110110111000
0000000000000100000000000000000010000000100000000000000000000000100000000010110000001010000010001000000010011110010011100101100011000110001101111101101011001001101111110111111010001011100100110010111111101000001101111111000011101000010010001111110110100000
1000000000000000000000000001001000000000010001000001011000100000010000000000010100100111101101111010000111001111110111111111110111001101110010110111110101001111011111000110101111000110111110111100111110111101001011000000111111111011100110011101011011111011
1000000000000000000000001000000000000000000000000010101000010000000101010001010010001000011111011110111100110101001101101000011011011110000010001011100111011101101101110100101101110110111101100101100111100111101101101100011010010110010100111010111011011101
0000000000000100010000100000000000000000000000010111010000001000100000100001010110110011101010111011011010111111110011010101110101101110101101010011111011001011111110111111111101110111111011011111101000111101110110111011011110111011011101111111110011111001
1001000000000100000001000000001001000000111001000000001000000000010010000010001010110010101011001110111001001111110101101001110010111100010001011010101000011110110011101001110110100011011000011010111100111111001111000011001100001100000101101101010011111011
1000000101000000000000001001000000100000000001110001000000000000100000010001011110001000111110101111111011011111101011100000111110011101111110001001001001100110010010011111111111111101101111011111111001100111101100001110011011111111011110011101101110100011
1100000010000000000000000010110101000100000000001000000010000010010000000010011010110100101001011111100100101001001011010101111011101111000101100110111110011111111000111011011111011010010101011111101110011011001001100101111010111011111110101000000001101010
0001000000010010001000000010000000100000000000100001000000000011010101011000010111100110101001110011111111111111011110110111101011101011111111111110111110101001001111011110111101110010010000101101110111101101110111110111111101101001100111111110101111101011
0000100000000000000000001000010010000100000100010000111000000010100101100000100100100001011010101110000010100011101100110001110000100111111010111101000011110011111101111001000011111100111011100011010110001111001100000011010010110101001010110010000111110001
0000001000000001000000100000010000010000000000000110000000001110110010100011000011101111111011111111101110111111001010011000100111100111011010011101101111111100111000100111101010011101011011111000110111111111111110101111111111001111110110101110110110101110
1000000001010000000001100000000000000010000000000010001000010000001000011000111001011111011100011110101111110000010110001111101011100010100100011110010101010001011001111101110110001001000100011111110000011100101001101010100001001001110011111011111111111100
0000100000010000000010000000000000100110000000000000101010010100001011101101011010111011000111110101101011011011101000100101111001100111011111110101100101111100100000100101001101111111010110111000111111011111111110001111011111111110101110101110101111101011
1000000000000000000000000000000000100000000100100000001100001010000000000011111000101100011011101001110111110011110111000110011010110000011101100110101000110101110111111011010000011101010011011010111011000111101111011001110111000011111011100110001101101111
1000000000000000001000001000100100011000101000000000000000000000111000000111101101001101111011101010101110001011011011101101011110001110011110101111111010010111111110111111110111111010011101111111001011100111111111111101100110101011101100111111101000101010
0000000100000000000000000001000000000000010000000000000000101001000010000111101100111101010001101011110110100110100011111001110100111000010000001111011111011010100001001001001101100100110011010001100011100110111010111101011110001001010001110110111010101110
0000000000100000000000010000010101100000000000000100001000000100000000011010101111111110101110011011111101101000111101111111110111111010010110111111111110100111011101111111111111111011001111111111101011111010110011011011111001110011101011111111011111111111
1000010000000000000000010001000010000001000000001000010000001000000010001001011111001001100010011101010001001000101001010100111010010101100101101110111010111110010010000010110011010011111111001110110011000010011111000111101110010101011100011010101011010000
0000000000000000000000000011100000000000000100000001001000100000001111100010111111001011101110111110101111101001110010001011101110100010111000111010100100010001011111010011111010111011111111010011101011101011111111100110101110001111110000001010011000011010
0000001000010000000000000000001000100001000000000001000000110000101000110101100110000100111000101110110011111001110101111000111111011010010001111010101010101011011100101010111000001110001010110010000101001110001000111100111011100110011011000000101110010011
0000000100000000101001001000000100000000101000000000001010110010000000001110101101110111001111111111010011111111101110110110101111000010010011111111111111111110111110011111100110001011101110111101110111000111000010101011111101001011110011101110100110001100
0000000000100100000100000000001000000100000000010000000000000000100110010010110111001001110010000100100010011101100001110010100000001111101010010101101100011000111111100010000101100111010101111101000010111101001111100000000011111001101110010010111001001101
1000100000000000001000010000001000000000010001001010010000001010010011000000001010111011010010010000110000001010111001011001111011100001100011001110110100010111001111100100010111011100110110001110110011101101110100100110101010011111111001101111001110101000
1000000001100000000010000000010000000000000000000000000011000000000011100101100010000011000111000110100000000000101011101111110110101010001001010110010001111110001110100001010000101110001010001011101001100100110000001111000100010001011000000101111101101000
0000000100000000000000000000000010000110000001100101000000001000000000011110101100010110000110110011101101010010110000100101011111101111011010111111001111000111001011010010100101011110001011000111110101011011111101101110101011110101000110110111101001101111
0000000000000100000000010000000000000010000000000000110000000000100101000000000010000111110101000101111000111100011010111011001010001101000101110100010011110111101011010000110000000000110110001010100001111011110110110011000110111010100010111010000011101001
1010000000101000100000001010000010000000000000000001100010100010001001101110111010000010010001000110001110101110100001110010000100110000111110111010001000101110111011101001101011111111101010101000111100100111110101111011000010011000110101011100111111111110
0000000001000000000010000000100000000000100100010100000010000000010000001010010000110100000101010011101000000000010001100000100111110001000110100110011110101010010001011010010101011010111110001100100111010000001100001100010001000110000000101010001010000001
0010000000011000000000000000100100000110001000110010011001110000101100101010000111000101000010111001110010111010100111001001100110111100110111111000011110010100101011111001001111111111101110110011111111111011101011101110011011010111000000111000011111000100
0000000000000000000001000000000000000000000000000000001000001000001000000000001011001000001001110110001100011110000101011111000000101000011010110000111011110000010000101111011110101000110111010010100111101010010100010001000001001010101000100000010111101101
0000000000000010000000000100000000010000100010001100110001000010001000000110010000100000110111110111011010001110101011101111101110110010001011101011001101100111101001010010110111111111111010111111111111110100011111110101011101111111100111101000010101100011
0000000000000000010001100010000100001000010010001000000000010101101000000001000000101100010100000001010011001011001101001011111000100010011110010000101000011010001111011110110000011010101111010010110111011011010001001101101100110111100101001100010010001111
0000000000010000000000000000000000000000000000000000000000000000000010100000001100111110000010101111010000100110111011111011001011100110010110101011111100100001011111111001110111111111110111011111011111110000111110110100011011101111110100110111110011100011
1000000000000000000000000000000000111000100000010000000000000100100001100010100000000111001010100010100001001100011101001100010000001000000010100100111011001110011010100110000101010000101011101000101000000111101000110010001100000010000101010010101000101111
1000000000000000000010000001000000010110100010110000000000000001100000010000100010001101100000111011110010111100001111000001110011001011001111101100111111001001010011010101100110110011101010000111101001011101101110100110001010101011101111001110100011101111
1100000000000100000000000010000000000000000100000000000000110000000000100100010000001000000010000110100010000010110110010010000010100100111000100010000110100110001010000101010100010100000110111111100010011010100110010011000111111111011101101010010010101101
0000000000000001100100000100000000100000001100000000100011000110011011111001001100011100100101000010100000011010001100011101001111011001001100111110011010110011011111101001111010010111011110101011111011101101111011110101100111111011111111111011000111101011
1000000000000000000000000000000000000000000000010100101001000000010100000000010001010010100000001010001011100110000001111010101011011010000000111010101101111110011011101111001010001010100011100100101000101011011010101010001100100010110100011101010011101110
0100000000000000000010000001000000000000100000100100010000100000000001000010000000010010011100011111111001001010000000100011111011110001011000100000100111100011100101111010101101100011100111111111010111101011111110111110110111111100101100111010110101101111
1000000001001000000000000000000000000000001000000100011100010000001000000100100000000000010001011010010010100101000100011000100000011111110010110111001101111010011110001110011011010001001000111011101110111001010100011111000011110010010001111100011110000010
0000000000000000100000000000001000000000111100110101000100101010000000110000100000100011100100011010010010001011011000001010000111111111010111110111000111111101101111111001111011011001111011111110101101111111111110010111111100111110111111011011101010101111
1100000000000010000000000000000000100000000001000000000000100000000001100100000000000001110100101011000011101110011110000001100101000111100111001001011011111100111011101000001001010011001100001101011001111110010100001011101110010010011110111000101011111111
0000000000000000010110000000000000001000001001000000000110000000000000001110001010010000100000010001110001110000101001011000101100100111010111101101001011111111111110101111111011110011101011101111000111111011101111101110111100110110011110101110111110101110
1000000100000000100000010000100000000000000000000100000000010011000001010100011011010001110010010001111101001000111000111111100101100001001011110000010100101110001011010101011100100001110101101110010110011110110000100100110110011010000011000010010010001001
0000000000000000001101010100010010100000000001000100000010000100010100000001101000001011111001111111001110110111101011100101101101111100101101110001100101010111110001011011111111111010011011011111101000110011001110011001101111101110111111111011111111011110
1101000000000000000001000001000000010000110000000000000001000010000000101011100011111011000100011111101001110011001001000101011101000001111011011101101110100101011011101010000010000000100001110000001000111001000110101000010011010101000010100011011000001101
0000010000100000000010010000000000000000000000010000001000001000100011110111110110101111011011101111110110110001111011100100101100110110100110100101000101001100100110111011101011101110111111111011011100110110011111111101101111001001011111110111101111011111
1010000100000000000000010000000000000000101000000000100000000010000110011110100001111111100101101101100011001000101100111111000111111100001101001100010110011110100011101011110101111100001110111100011000111101011010011000001010001001000100011101111011101011
0000010001000000000101100100000100000000010000000100000000110000000000110101110100111110011100010000011111111010010101011010111110011110010110000111111100011101110111111110101100110010011111110010001111111111101011101111101110101110111010101111111011100100
0001000010000000000010000001000000001000000000001000100000001100000010001001010010001000101101110101001010010001101111111110111011101010010100000000001001101000110000101101110011110001101011011010010000101000010100010001110010010010111000101111101010100001
1001000000110000000000000000000000010000000010000000010000011000110100110111110010101001010110000011111010111110011000111110101011111010101100011100101100101001101101100111001011111111100010011000111110101111111010111110100110110110110110111110111111010111
1000100000000000000010000100100000000000000000000000110000101011001010010111110000111100101100101110111001001111001101010001101101011011111001111111001010001001111000001110100101011010110100110011000011011111010110011110101010110100001100000000001001011100
0000100000100000001000000000001000000000100000000000110000010000000000111001011111100111001110111010101110011111111101111110101100111000101111111111001111111111111011101100111001111110111111101011111010011101010011111001011000010110101011111100110111101111
0000000010100000000000010001000010000000000000010000000000001100001001000111101111001011100100101101100111010011101011101100010010001001010001000001010101101101100000111011110111010100101001010111111110110110101010100011110010001010110110111000010100111100
0000000000000000011100000000000101001000000000010001110010010000100010000000001001011001110111111111111001011011111011111111110010010001110111000110111100110111111110001001100110111011101010111101111110101001111111010101100111111111111110110111101111101111
0001000000000000000000000000000000000001000000000011000000000001001000000101011110101010101001010111101010101011111111011110000101101001100001010100001101011101111001100110000101100101101111100110101011100111010011111010110011001000101111110001100101101101
0000000000000010000001000000100000000010000010011001000000100010100000000101000010111011111111011010111111110011011111111010111010001101011010001111111111101010111110101010011111110011011111001111111111110110011001011010110011010011100110011111011111100001
0000000010000000000000000000000000000000000000000000100001010000000000001101101010000110101111101101010101001111111111111111100101011000111011110010110111100110010010101001011111011111101000101010100100101111100111001001001010110011101111111010111011101101
0000001010000000001000100001100000000000010010000110100000000000000000010111101011110110111111001110011000111110111011101111111010010001111110111101111101100010100110110110110110111010111011111111011011010110101111111110001101111011011110111100110001100110
1010010010000000000100000000000000000000000010000100001000000000000000111000010101101100110110011101001010110101110011001000101100111111111001111111101000010111011100100001011000101000100000101000000010111100101010110000111000011001000101010010110100011110
0000000000001000000010000010000000000100000000110000100000000100000101011011011011010100011101011000111000101100110110111110001111101011111111001111111111111110001111100111001111110101000111111010010010011101111111111100101110111101101111111011111111111001
1000000000000000000000000000000001000011000000000000010000001001010000000011110001101101010011011100100111000111011000010000001010101000011000111100101110011110111001110010110011101111111000101110111111111101111110001111010101111000011000111001100110001101
0100000000000100000000000000000000110000010000010001100010000000000000100011101011011011110000101111110110001001111100011110111000111111110111010111100101111110001101111110111010011100101111011101000111110100111011001010111111111111111010111101111011110111
1100100000000000010001100100000000000000010100100000000000000001000000000010110111100111011001101110111100000110110010000011101111110100101011011111111000011111100001001000111101000011010111100110010111001010111110100101011000011010110001110011110010101000
0000001000000000000000000000001000100000010000000000000010001010001100000101011000101111111110110101011101101110110101011111111010101011110111011001110101011010010011111101011011101111110000110111111111111111111010110111100111110010110111010111111010011111
0000000100000000000000000000010000100010100000010000010000000000010000000001000000000111011011101100001001010100010101100100101011111000010101101010101100110010010111111110011110001000110000101010110101111100101011010100100110000001101000010100110000011110
1000000000000010000000000000000000000001000000000000100000000100101000000010101001010111111111111011110111111101100011111111101001101101111011111101100111110011111101111000100011111010111011111111110111101010111111001010011000111111101100110101010001111101
1000000000000010100000000000000000100000000100000100100000000000010000010001011011011110011001011010001011111000000010101001101101101010000000010100010000000100000010111101101100011101101111110100011011101010010101101010111110001111100101000110000000011011
0000000000000000010110000010000000010000001010000010000010000100100001000010001100011010101001101011001110111111110101101011110110111011011111111100110111000111010111111001010011011111111111111001110001111111000010111111110100101111101111101011111001010110
1000000000000000000000010000000000000000000000000100010000100000000000000001001010001001100111101110011110101001000010011001011100110011010000001100010011011101001111000100010101110010101101010111110111011101100011001111100011011111010011100110010011011100
1000000000000000000000100000000000000000000000000001000000000010000000000000000011100001111110100110011111110110111111001111111010111010101010110011000010101011111011110011110011110101111110001101011011110100001011111111111011111111101011101110110010101011
1000000100100000000000000000000000110000000000000000000000110100000010000000101000010111100101100101000100111110010110110111001111011100110011001100011101001111101100111111011011011110110000111110111101010110000010110111011000110111111000110110011000000100
0000100100000000000001000000000010000000001010000000000000010000000100010100110010101101101001101111101110000111111010101011111111101010011111111011100100100110010010111011101111101101011011111011010111111111011111011111000001011111101010111100111011111011
1000000100000000000000010000010000000000000000000000000001000000100100000000010000000000001010111100001000000100001110100101011001110000100010011111100110010011000110010101010011110100110101111010101010110010100110011101111000111011110010101011111011000010
1000000000110010010111001000000100000100000100000000000000100010100101110100100000011111101111111010001111000100110011110110101101111111010111111001111111110010111110111100101011111110100010111011011110110001110111111101111011111110111010110011111101110111
1100000010000010000001000000000000000000000000000010000100001000000100000010000000100010010000101011001001001101111010111011111011110011010110111011011101100011110000100011010101011100011010101000011110001010001111001101001101010111011101100100111000001110
0000000000000000000000000010001000000000000000000000001000000010010001100001110010101010111000011010110100101100111110111011110000111010101110111010111110110111111111111010110001100110111111111100110010110011111010101011111010111110001111011011111110011110
1000010010010000000000101000000000100100000100010000001000100100000110010000000011010010111011110100010101111110011111111000001001000100101011110101000010101111010001100001110111000001111101101000110011001111111011001110111100101111110011111001111010010000
0000000000000000000101011010100101001000100001010101000000001100100010000000000010011000101010100111110110010101001100111110110111111011110110011111111111100010111001101111111111110101111111101111111000101101111101111101011011101110001110111111111101111110
1000000000000000000000000000100001000100100000000010000000001010100000100000000010100000010000000001010001110011010111100000100001011101000100000101110110110101000110110111011011111000111101100100111110000101111100101010011001100110011101100001101001101001
0001000000000000000000000000001000000001000100000000000000001000110000100001010000100101001011111001111101111001110001110110000111111011011110101001101110111111111101101101101111101011000111100110111110100001101111101110101111101110111111011011101010111110
1000000010000010010000000001000000000010000000000010010000000000011100000100000000001100001100110110000010111100101110110001100101111001111111101110000111010011100110000101000111110110110110100011011011101110011011000011010110101000010111100001111111010111
0010100000000000000100000000001000001000000010010100000000011010010010100100001000100000000101100111111111111001101110111011011001111111011111101111111111010011111111101110111111101010111011110110111111011001100111111111111011010001111111101011011011101110
0000000000000000000010000000000010000110000001010000000000111001000000000100100100100000001010001110111010100010100111001010010101111100000111011100000111011100000100000010101111101011101011100111111000101111100111110000110011001110011100101011000010100010
0001000000000010000000001000001000000000000000000000000100010100010000100011010010000101010011101000111011111111110110010111100100101010001110000010011001101111111111011110111111011111101111111111101000111100110111111111100010011110011110111111111001011011
1000001000000000010000000000100000000000010001000000000000000000000010001000100000000000000000101101100111010101110010001011001011110010110111011100000010011100011111001110000000010010011010110110011101111110000011111110010100011110001011111001110010000110
1000000000000000000000000010001000001000010000000000000000010000000101011000000010001100100000001010010111111101110111111101111010111101111111110111110110110011010110101111011110101001101011111100011110100111011011001111101111110001110111111001111011111000
1000000000000000000100000000000000000000000000010001010000000000001000001010100101010000110000001101000110110011101001111011000001000011111110011011011101011010001001001110001010101100010011101101101010101111011100101000011000101100111111110001010010011100
0000000100000000100001000000100000000111000000000000000011001111000000100010100100000000101110001111111001011010001011101111110101110001101111101111101011101111000111111011001110001001101001101101101010111001010111111101111101101000101111011110001011111010
1000000000000001000100000000000000000000000000000000001000000100000000001000000010001000010000001100100011100011000000100100111111110111111001111111010010001100011100101101001110100000110001001010001111100110100010010110111110101001111001011101111001111110
0000000000010000000000010000000000000010001000000000100000000010000000100001000000000010100001100101111000010011101010101011111000111000110111110110110000011011111101110011110110101011111001100001010111111010111101101000110111111101111101011101111111101001
1000000000000000000000000000100000100000000000000000000010000100000000010110011000110000101001000100100000110011001101001101000010001110001111110010010010000111010011110101000011110000111010000010011100101000110001000110100100110110000010001010010110001100
0000010010010000000000100000000000000000000001010000000000101110100000000000100000100110010000011000000100001000011110111001101111110111110111110001001011110001111111101110110111111110111011111111101111111101011111101101100101001111010011111111111111101010
1000000000100100000000000000000000100001000000000000000100000000110000101010011100000010010010000000000000000000110010010010101110011111010001010011101110011010101100101001101011100000011111111011100101001110100110110110011111101110111010111000000101001000
1000000000000000000000001000000100000000010000000100000111100000000010000100000001000000000000010011000001101000011101111101110111111111011011011011111111000111110111111110111001100011111011100011110110101000100111001110101101100000110111111011101001111111
0000000000000000011000000000000000000000000000010000000000000010000100000000010000000100000001000000001011000101001011001001101110001010001010000001110011110011001111110000011011011000111111010111110010101000111000111111110111010111010101011000110010001001
0000000000000000000000001000001010010000000000010000000001010010000010000111101011010000000000001110011000000100000001111110111100100101101100010000101100011110111111111010001000100000111111011010001111101111111100101101011111101010011010011011011000111010
1000000000000000000000000000000000010000000000000000000000000000000100000000000101000000110010000000100010000010000110000001111001100000100110110010010000010000000100100010111101110010000100000000011011001011011001111000111011110000000100001101010001000011
0000110000000000000000000000001100000100000000000010000001000000000000001100010000000010101011010001000010111110101000000110100010001111110000111110100001001100011111010010111011000000100101111111010100101100111110101101100011010010001010010011111001111111
1000001001000000000100000000010000000100000000010010100010000000001000000100100001100010001001011110000000001010000110001101001011100010111000000000010001101101111000101100100001010110001000010110111101001111000111101100001100010010100100100000101111010001
1100101000001000000000000011000010000000000100100000000001000100001000000000000010110110000110101011101111110001001011011100010011110101010011001100001000110111100101101011001101011111000001000000111111010010011110111110110010111010101000111111011000100010
0000000000000000000000000000000000000110000000000000000011000000001000000000000000010000001000000000100000000010100100001000000000000100100100100011000000100111000000100000010111001100000010010010010010110100101111001010100001100001000110110101000010001110
1000100010000000000010000100000010000000000000000001010000000001101000001010000010100000010011000001000001110001001000001000001001001001110101000010011000000101010101100101100010101001110001110110001110011100001010001101001110100111010001110110011001010010
0000000000000000100000000000000000000000000001000000000000001010100100001010001000100000000000000000010000000000000000010010101000100101110010000101010011001100010000001110110011000110110110111110010000110010000011000110010001101000000000000000001000000010
0000000100000010010000100000000010000000000000000000100010110101001000100100000011100000000001011110000010000000000001101100100100100110100110000110111000001000111010001111100100110101000011110101110001111011011100111011011001100001111100111000101001001010
0100000000000100000000000000000000000000001010000000000000100000001000000100010000000000010010000110010110000000100100101010001000100001000011011001101110101101110000110000100101000110000100011101111100000011000010000101011110111011011111001010100000100010
0000000000010000000100000000000000000000000000000100100000001000000000000010100000000000000100010010000011011000011011000101100000011100010000011001111111110110111010100001001011000001111010100011101001101100010110001001101110010101100111000011000111111000
0000000000000100000001000001000000000000000001000000100111000100000110010000000000000000000001000100010000100001100000000101000000111000000010001000000000000011101111111010101100010011010010010001001010011100001100000111001001110101101000111001110100010010
0000010000000100000000010000000000000100100000000100000001100000000000001010010000000000100000100001000100111110110000011000001011000110110111001010010001000110011111101100110100011011001010010001110010010010011110110010010100100100110011111111011100101010
1100000000000000000000101000000000000000000000000000000000000000000000101100000000001000000010001100010000101110001000000110000001010001000011100010011011001001110100011101011110011101010010100000000001000100111001000010110001100011011000000000000000111000
1000000000000000000000000000000000100110000000011000000010100011100011000000000001100001011010000111100000000001101100000001000001000100011110010000110001011100000010000000011101010001100011000010110011111110111110010101101010101010010100101101100010000000
0000000000000000001000000000000000000000000000000000000000000000000000100000100000000001000000011001111100000000110100011011000100011100000101101100000100000010001101000101111000110100010100011101001110010100001000110000001011000100100100101011100111100010
0000100000000000100000000100000000000000000000100000000011010100010000000000001100001000011000100000010000010001000101101001010000010000011011101111010101001101111111000010001110101000010110101100100000111101011001000100001110110010001001000000000001000000
0000000000000000000000000000000000000100000001100010001000000000000100000000010000100000000001001001100001000100000000000000100111000100100010100001000000001000000000110001000001000001101110000100011001101100001000100111101000111000101000000100110010110010
0000000000000000010000000000000000000000100000000000000000000000000000100000110000000000000001000010001011011011001010100010100111001011111001101100000000111010001000000100001110010100100010100001010010111000011010100000011001001110001000100101000011000101
1000001000000000000000010000000000000000000000000011000000110100000000000100100000000000000000100010000000010000000010000101001010100000000110000000000000010001000010001001000001001110101011100010110000010000010000000000001010100000101010000101000000101011
0000000000000000000100010000000000000000000000000000000000000100000100000011000000110010000010000000000000000000010001000000010010000110000111000001111001100100000110000111000110000110011100100000110000110100100110000000110001001110111111111010100010100000
0000000000000000000000000010000000000000010000000100000000000000001010010001000000100000010000100010100101000010100010000001000101000000000001011000011001000110100001001011000100101000011000000100100111011101000101110010100100100010000101000001010100001000
0000000000000000000000001000000000100000000000000000000000001100000010000000000100000010000000010010110001000001100111011010001001100011000000100010110101101010000010101000010100011011101000001010001110110011110010100000001000100101001001101100010000100000
0000000000000000001100000000000000000000000011000001000000000000000000000001000100000100000000000000000100010000000110000000010100111010010001000011100010000000010100000000000000001100100001110000110010010000011000011010100000100010000000000000101000101000
0000000000101000000000001000000000000000000000001000000000000000010010000000100110000010101001100111000000001001000000010011100110010010111001000001011111001001000011000000000010101010010110000000011000001000010011000110111000001000110101010010000001001001
1000000000000000000000000000000000000000000000000000000000000000000000000000000000010000100000010000000000001000110001001111000010000100000000001000000001010000001001111001011100110000100001010010000010011100010001110111100000000000000000101100111111000100
0000000000000000000000000000000100000000000000000000000000000010000000000001000000010100001110000000000101010100110110110000010001000010110010010001001010010000000101011110000001011000001010100011001010001110100111100010100100100011110111010001000000000000
1000000000000000000000000000000000000000000000000000000000100000000000000010000100000000000100011000010000000000001100110010000101000000000000000110100110100000100010000100100110001010010000100001000010010100010100100010000010000001100101101100001100010001
0001000000000000000000000000000001001000000000001001000000000000011000100001000000000000000000000000000000100000000101000111000101010010010010010100001010001111100001000011100000010000100111000000001000000001010010100011110111000110100001010100100110101000
1000000000000000000000000000000000000000000100000000000000000000000000000000000000001000000000000001010000000000000000000010000100000010100100000100000001001000010001110110001100011000111000101101000010000000010011001011110111001001000100010100100011100010
0000000000000000000000001001000000000010000010100000001000000000011000000000000000000000010010000000000010010010000001000100000000100000111101000001000100000011101000000111001101001110101000100100010111101111001101111100100001010011100000010100010010111010
0000000000000000000000000000000000001001000100000000000000000000000100000000000110000010100000000000000000000000000000000100110010000000000001000010000000100010100000100111000011010110010101110001100010000000011010001011000000011010101000001000000000000110
0000000000000000000000000000000000001000000000000000100000000000100100000000100000001000000000001100100100000001000001000000010100000000110100001110010111110001101100011010110000010101000110000010100110000110101000011000010110000100110000010000100000110010
0000000000010000000000000000000000000000000100000000010001000000000000000000000000010000000000000010000101000010000001000000000000100110010000001001000001010000000000100010100000010111000000100001001000000000100001000000010011000000010001010011000001010010
0000000000000100000000001000001000000000000000000000000000000000000001000001010010000000001000000000000101001110001000000111000010000001000010001100000000001001000000000000100101010010000000010001001010010101100011010011000100000001010010011100000000001111
0000000010000000100000000000001000000000000100000000000001000001000000000100000101000000001000011110000100000101000000101011100000000100001010000010001000000010101010000101000000010001100001000101000010110000000100101000101100000010010000100000100100001000
0000000000000000000000000000000000000000000000000100000000010000010000001000000001001000100000100100000000000000010101010111010000101000111000010001000101101000000100010000001110000001000000011000101100000110000010000110110000001000110110000000001101110000
1000000000000000000000000000000000000000000000000000000000100000000000000000000001001000010010010000110000000000000000000111000000000000000000010100000000010001101000100100111100000001010001001110100000000001000101001010000000000000000000011010000110100010
0000010000000001000100000000000000000000000000000000000000100000000000000000000000000000000000100000100000000010000000000000110101100010000000010100001010010001010001000110001001100100000000001010011010010101100100110110110010110000001000100000001111000000
0000000000010000000000000100000000000000000000000000010000000100001000001000000000010000100000000001001000100000101000100000100000010001100001000001010010000000000010001001100000100001000010000000000000100011100010100000000000100100001000000000011001111000
0000000000000000000000000000010000000000000000000100000010000000000000000000000000100011000100000000000110101001000000010010001000000100000001110000000010100100000010111000000111000011011010010001000001101100100101011001000000001010001011010110011101000000
0000000000001000000000000000000000000000000000000000000000000000000011000010010010000000000000001000100001000010010000000000010001100111101001011100001000000000110100000100000100000001010000010101000001000010000101000100000100000001001100000100000000000100
0000000000001000000000000000000000000000001100000000000000010000000010011000100010010000100001000000000001000000000001000100101000001000111101000000101000001101000000001000000101110000011101000110000111000000101010000011000000000100001000000010101101000001
0000000100000000000000000001000000000000000011000000000000010000100010100000000000000010001000000100000000010100001001001000000000000000010010000000000001000000000000010010001001101000000101010010000010000001000000100000000100010000100010000100000000000000
0000000000000000000000000000000000000000000000000000000000000000001000000100000000000000000000001000001000000011001000000000000100000000000010100000010110000001010110001010010101010001111000001101011000010001000010100011000010000100110101100010010011000100
0000000000010000000001010000000000000000000000010000100101000000000000001100000000000010000001000100000000000000000000000001000000000000000000010100010100000000100001001000000100001000011000011010110000000000100100000000100110010000000110100010000000010000
0000000000000000000000000000000000000000001000010010100000100000000000000001010000000000000000010000000001000001000000010000000000100000000001001001001001000101000100010000010000001000110001001000011000110010001010100001000010110000110100001000000001011010
0000000000000000000000100000000100000000000000001100000100100000000000000000010000000000010000000000010100000010000000000011000010100001000000001000100001001000000000000100000000000000101010000101010000000001001010010001011010100000000000000000100001000000
0000000000000000000000000000000000010000000000000000100001010010000000000000000000000000100100000000000110000100100010000000001011000001100001000000110010000010000000100000100100010100001000001000100001000001000010100000000001110000000000000000100110000001
1000000000000000000000000000000000000000000000000000000000000000000000000000000000000000000010010000000000100000000000010000100000100000100000000100110010000000010110100000000001000000000010101110000000000110100000000000000000000100000000000000010100000000
0000000000000000000000000010000000000000000000000000000000000010010000100000000001010010000110000000000010000000100010100000000000000000010010000000110001100000001000010000000001011000010000010000000010000010000000000001000001100000010010100000011100010010
0000000000001000000000000000000000000000000000010100000000000000000000000000010010000000010000000000000000010010010000000010000000100000010000000000000000000000000001000100000101001000000100000100000011000001000000011000000010000000000001000001000000110100
0000000000010000010100000000000000000000000000000000000100000000000000000000000000000001010010001000000100010000001010001000001001011001000100000001000000100011010100000010110001000100100000000101001000000001100001000000000000000000011100100101000000000001
0000000000000000000000000000000000000000000000000000100000000000000000000000000000100000000100010000000101000000000000000011000000000001000000000000000000111000010100010001010000100000000000000000100000000001011000010000100000000000000000001000000000000000
1000000000000100000001000000000000000000000000000000000000000000000100000010000000010000011000000000101000001100010010000100000000011100000000000011000101010000000000000000000000100010000001000000000000010000000100000000100001010000100000001000001000011000
0000000000000000000000000000000000000000000000000000000100000000000000000010000000000000000000101101000001000001000000010011000100100100100000000001000000000000100100010000000000000000010000100011001000001001001000000010000000100001000000000000010000010000
0000000000000000000000000001010000000001000000000000001000010000000010000000000000000000000100100000000000000000100000101001000000100100000010001010010101001001010001100000000000010010010000010000010010111000000000100011000000110000000100001000000000010001
0000000000000000100100000100000000000000000000000000000000000001000000000000000000000001000000000000100000000000000000001000000000000000000000000101000000001000100010001000100000000100010000000010011010101111000000100010010001000000100010000000001000000000
0000001000001000000010000000000100000000000000000000000000000000000000100000000000000000000000000010100000010000010010000011000000000001000000000000100000010010000010000101000010000011011100100000001000000000001000000000001000010000000000000100100000100001
0000100000000000000000000000000000000000000000100000010000000000000000000000000000000000001000000000100000000001100000100001000010010010100000010000001000001000000000000000000001100000000000101000000101000001000000100000000000000000000100000000000000100000
0000010000000000000000000000001000000000000000000000100000000000000000000000000000000010100000000000000000000000000000001001000000001000000000100100011011000000000000001000010000000100000100000001001010000000000110000010100100010010000101001000000100000000
0000000000000000000000000000000000000000000000001000000000000000100000000000000010001000010000010100001010000000001000000100000000000000001011000000000001101000000100011000000000101010100010000001000000010010000000000000000000000000000001000000000100000000
0000000000000000000010000000000000000000001000000000000000101000100000000001000000010000001010000000011000010000000000000000010100000000001000000000000100001000100000000100000000001010000000000100000000001000000010000100000100000000000001000000000011000010
0000000000000000100000000000000000000000100100000000000000000000000000000000000010000000000000000000011100000100000000001000000000100000001010000000000000000000010000000000000000000000010000001000101001000000100000100000000000000000000000100000000000000010
0000000100000000000000011000010000010000000000100000000000000000001000000001000101000000101000000000000010000001100000000000000001010000010000000000010000000010000100000010010100001000000000000100000000000000000001110000000000010000001000000001000000000000
1000000000000000000000000100000000000000000010000000000100000110000000000000000000000000000010001000001001000000000000000001000000000001110000000100000000000000000000000000000110000001000100000000100001010101000000001000000000010001000000000100000000001000
0000000000000000100000000000000000000000000000000000000000000100000000010011100000000000000000100000101010000100100000000101000100000000100001000000100010010010001100110001100000000110000001000000000001101100100000000000000000000000001000000000000000000100
0000000000000000000001000000000000001000000000000000000000000000000000000100100100000000000000000000000000000100000000000000000000000000100000000000000011000000001001000000000000000001000000000000000000010000101001000000100010100010000000000000000000000000
0000000000000000000000000000000000000000000000100000000000010000100000010000000000010100010010000000001000000000000000011000001000000011010000100000000000001000001011000001000000110011000000001001010000000000000001001001000010001000000000000000000000001100
0000000000000000000000000000000000000000010000000000000000000000000000000000010000000000000000010000000000000000000000000010000010000000000000000001000000000000000100000000001000000000000000100000000000000000111000010100100010000000000000010000000000001000
0000000000000000000000000000000000000000000000000000000000000001000000010000000000000000000100010001000000000000010001010000000010000000100000100110000000000001000000000000000000100100000000000000001000001000000000000001000000000100000001000000000010000000
0000000000000000000100000100000000000000000000000000000000001000000000000100010000000000000000000000100010000000100000000100000100100000000000000010000000000000000000000000100000100000100000000000100000001100000010000000000000010001000001000001000000000000
0000010000000000000000000000000000000000000000000001000100001001000000000000000000000000000000000001011000000000000000000010000000100000000000000000101000000001010000011000000110000000000110000000000000000000000001010001100000100001000000001000010000000000
0000000000000000000000000000000000000000000000000000000000000000000000000000000000000000000000010000110000000000000000000000000000001000000000000100000000100001001001000000001000000000010000000000000000000000000100000000000000000000000000000010000001100000
0000000000000000000000000000000000000000000000100000000000000000000000000000000000000000000000000010000000000001101000000001001100001000000000000010000000000000000001001100000000000000000100100000000001000111001000000000001000000001010000000001000000000000
0100000000000000000000100000000000000001000000000010000010000000000000000000100000000000100000000001010000000010000000000000000000000010010000010000000000010001000000000000110000000000001001100010000010000000000000001000010000000000000000000100000000001000
0000000000000000000011000000000000000000000000000000000000001000000000000001000000000001000000000000010010000000000001000000000000000000000000000010001000000000000000000101000000000100000110000000000000000000000010000000000000000000000000000000000001010000
0000000000000000000100000000000000000000000000000000000000000000000000000000000000000000000000001000000000000000000010000000000101100000100000100000000100000010010000000010000000000000000000000100000000100000000000100000000011000000000001011000100000000000
0000100000100000000000000000000000000000000000000000000000000000000000000000000000000000000000000000000100000000000000000000000100010000100000100000100001000000000000001000100000000000000010001100000000000000000000001000000000000000000000010000000000100000
0000000000000000000000000000000000000000000000000000000001000000000000010000000000000000000000000000000010100001100000001000001000000000000001000000001000010000000000000000000000000000000010000000000000001000000100000010000100000000000000100000001001000000
0001000000000000000000000000000000000000000000000000000000010000000100000001000000000000000000000000000000000010000010000000000000000000000000000100000001000000000000010001000000010001001000000010100001100000000000000001010000000010000000000011000010000000
0100000000000000000000000000000000000000000000000000000010000000000000000000000000000000001000010000000000100010000000000000000000000000000000010001100000000010000100000000000100001000000001010000010100000000000000000000000010000000001000000000000000000000
0000000100000000001000000000000000000000000000000000000000000010000000000000000000000000000000100000000000000100000010000000000000001100000010100000000000000000000010000000000110000000001011100010100000001010001101000000001000000000010000001000000000000000
0000000000000000000000000000000000000000000000000000000000000000000000000000000000000010000000000000000000000000000000000000000000000001010100000000000000000000010000000000000000101000000000000000000000000000000000100000001000100000000010000100000000000000
0000000000100000000000000000000000001000000000000000000000000000000000000000001000000000000100000000110010000000010000000000000100010000100000000010000000001001000000000000000101000000011000000000000000000000010100000010000000000000000000000000100000000000
0000000000000000000000000000000000000000000000000001000010000000000000001000000000000000100000000000000000000000000000000000000000000010000000000001000000000000000100001100100000000000000000100000000000000000000000000000000000000000000010001010100001010000
0000000000000000000000000000000000000000100000000100001010001100000000000000000000010000000000000000110000000000000000000001000000001000100000000100000000000010010000000000000000100000000000100000000000000000000000000000000011100000011001000100001000001001
0000000000000000000000000000100000010000000000000000000000001000000000000010000000000000000000000000000000000000000010010010000000000000000000000100000000100001000000000000000000000000100010000000001000000000000000000000000000000000001000000000001000000000
0000000000000000000000000100000000000000000000000000000000000000000000000000001000000100000000100000000100000000001000100000000000010000000000000010010000001000001000001100011010000000000000000100000000000000000010000000000000000000010000000001001000000000
0000100000000000000000000000000000000000000110000000000000000000000000000000000000000000000000000001001000000000000000000000000000000000000000010000000000000000000000000000000010000100000000000000000000000000000110001000000001000000001000000000100000000000
1000000000000000100000000000000000000000000001000000100100000000100000001000000000000000010000000000000000000000100000000000000000001000000000000010000000000000000000000000000000000000000000000000000000000000100000010000000000000000000000000100000000001000
0000000000000000000000000000000000000000000000000100000000001000000000000000000100000000000100000100000000100001000000000000000000000000000000000000010110000000000000000000010000001000010000000000000000000000000100000000000000000000000000000000000000001000
0000000000000000001000100000010000100000000000000000000100000000000000000000000000010000000101000001000000110001000000000001000000000000000100010000000100100001010000000001100000000000000000000000000000000000000000000000000000000000100000000000100000000000
0000000000000000000000000000100000000000000000000000000000000000000000000000000000000010001000000000000100000000000000000010010000000000000000010000001000000000000000000000000000000000000000000000000000000000000000000000001000000000000000000000100000101000
1000000000001000000001000000001000000000000000000000100000000100000000000010000000000000000000000000000000100000000000001000010100000000000000000000000000000000000000000000000000110000000000010000000100000000010001100000000100010000000000001000000000000000
0000000000000000000000000000000000000000000000000000000000000000000000100000000000000000000000001000000100000000000010101000000000001000010000000000000010000000000000000000000000010000000000000001100000000000000000000000000010000010000000000000010101000000
0000001000000000000000000000001000000000000000100000000000000100000000100000000010000000000000000000000010010000000000000000001000000010000000000010000001000010000000000000000000000000000001000000000000100001000000000100000000000010000110000000000000000000
0000000000000000000000001000000000000000000000000000000000000000000001000000010100000000000000000000000000000010000000000000000000000000000100010000100000000000000000000000000000000000000001100000000001000010000000000000001001000000000000000000001010000000
0000010000000000000000000000000000000000000000000000000000001000000000000000010000000000000000000001000000000000100000000010000000000000000000000000000000000000010000011000000000000000010000000000000010110000010000100000000000000000000000000000000000010010
0000000000000000000000000000000000000000000000000000000000000000000000100000000000000100000000001000000000000000100000000000000000000010000100100000000000000100001000000000000000000000010000000000000000000000000100000000000000010000000000000000000000000000
0000000000100000000000000000000000000000000000000000000000000100000000000000000000000000001100000000000000001000000000000010000000010000000000000000000000000000000000000100000000010000000000010000000000000000000000000000000000001000000000001000000000000000
1001000000000100000000000000000000000000000000000000000000000000000000000000000000000000000000000000100000010000000000000000010000010000000000000000010000000000000001101000000000000000000000000010000010000000000000000000000000000000000000010000000000000000
0000100000000000000000000000000000000000000000000000000000010001000000000000100000000000000000000000000000000000000000000010001000000000000000000000010000000001000000000001011000100000000000000000000100000000100000000000000000000000000000000000000000000000
0000000000000000000000000000000000010000000000000000000000000100010000000000000000000000000000000000100000000000000000000000000000000000000000000000000000000000000000100000000000000000000100000000000000000000000000000000000000010000000000000000000000000000
