0000000000000000000000000000001100100100000001000000000000000100000010010011000100000000100000010110000001000000001010101101000001010100100011000111001001011010110110010010100100001000001001100000111000011010001010100001011111000010101111000101111000111000
0100000100000000000000100000000100000000000000000000000001100000000000000000000001100000010000000000001000000011100001000011100010000000000100001010001101000100011000010000000000000110001011000100011001111000000000000000010010100001001010000111001000001100
0000001100000000000000001000100100100001000001000000100100000000000111001001000011100010100000000011000100000100001010010000000010000010100001100010101011111010011010000010100100000100010001011100111001100100011000000100100110001110011001101001000111100001
1000000000000000000001000000000001001000000010010000111000000010000000000010000001000111000000110000000011000000110100110000010000101110010011010010101100110010100100000000000101010000100001101010101001000111010000111000100010101010010001011000011110010001
0000000011000100000100010000000000000000100000000000000000000000000001001000000010000010100010100010000010111010010100100011101111101111111011011101001110110011100100011110101010010010111000011011001111110101011011111001100001001010011101011001000111001111
0000000100000000000000101000001100000000000000010010000000010001000001110000100111100001100001010001000000001010001011010100100001010101001011010000110111010101101100000000000100100001000010000100100100100100100000111010110011100111000011100000110000000100
1000000100000000000100000000110000000000001001001000101000000001000000000110100000010111000001001000111010101110001100100101100101101000110101000101101101011100110101001010001100110100010101110111001011101111000010110101011101001100110010010000101101000110
1010000010000100000000000100010100000001001000010000001000000000010000010100000000011100000001111010010101010110100001110110101110110001011000000011100111110110001000001010000011100000001100100110101000010100000001000010011011000011100111010000001100001001
0000000001000000000100001000100010000010000010001101010010100011000100000000000001000110000100100000011001001001101001010011101000100011111101110111100101011101000011101011101101011001001010000101111100101111101010001000111010101001111111110101110010100110
1000000000000000000000010010001000100000100011000011000001100001100000001000000001011000000010100011010100101110000000101100011010101000010110101100010110010001101100001111010010001110011011111011110010100011000000000000101100000010101000001010000111110000
1000000000100110000100001000000000010000000011000000001100110110000010000110011000000110010010110000001000010010100100101110110111101000001111011010100100001010000110100011110010000011101110101111101011111011110011101110100000000100111101101010111011000000
0100000000000100000000000000001010000000001001000000000100000000011001000010001100000100010000010000000110101000010110110010010000011000000000011100010100011000100110110000010010111101000010011110000010000001001010000010000100111010101010001100000100011111
0001000001000000000110000000000000001000001000000101000000010001100011000000010000001000010010101001010011010000111011100000110111100011101001111010110011010001011000111010100011000011101110111111111001111110001111111110000110100011111000001110111100011000
1000000000000000010001001000100001100100000000001100100100011001000000100100100010000011000011010000001000000100101110001111101001001010101000111110111100001000101000100110100101010110110010000111010010000110000010001010110010011111101010011010001100000001
1000000000010000000000000001000000100000000001001010000110101100101100000001101100010111001010001110001111110110001011001001001011000111110000011100101010111001111010111000101110011000111000100100100101110111001010010000111111011001110110100110101011001011
1000010000000000000000000000000000000000000000101000000000000010000001100000000000000010100010010000100011110010001000011001101011000001111001000001111100111010010100000011000000101101100010100010010101101001010000001011111110101011001001100000001010000010
0000101100000000000011100100000010100011001010001000010001100001000001000010001100000001100101000100110111111110100100001001001000000110000011110011011111111011101001011101110001010011101110000111111100111001111101001111111000001110101000000110111011101111
0000000001000000000000000100000000001100100110000100000011000010000000000000110001000010100000011000001001010010100000001010001000110011101001100000011000110100000101001010010110101101001011100011100000001100010100001010010100111101011110010010001011110100
0001011000000000100000100000000000100000000000000000001001101110000000000100000010000000010100111010010010110101110111001100001010010011010101101110111100001110111111111110001010111001110001101010111011110011111011011010011111101000111011100011001111011010
0000000000000000001000000010000100000001010001100000000010010100010000100000110101001001111001101000101101010011000011100110000001111010010001011010100110000011001000000000101000010010010010101011010000111110101011000100100000101111110001111110100010001010
0011000100000000000000000000000110110000010001101000111000101010000000101101010010100001000000010011001010100100011101000001011010101001010001111000110110011111000001111110101111110101101010110111101010101111111101011110111010000101001110010011111010101101
1000000000000010000100000000000000010100100000000010000000010001000000000000100011000000000000000000000001111010100010100010000000010110101000111011100011001100001000100101100110111110011100010101111011001110101101000110100101011110011101001100001001111001
0000010001000000000101000000010100100000101100000000000000000101001000001000110011001101001110000001000010101100010100001000110110110001100011011001000011001111101011111011111001100011110010011000001000110111110110111110001001001110111011111010011111001100
0000000000000100000000000000100000000001000001101001000100101000010000000010001100000100100111100010000000110110001001100010001010000011101010101111100001100110111110100001010010101000000111000110011011111011110000010010010000011001001110111000100100101000
0000000000010000000010000000000001000000010000000101000000000011100110101001111110000101001101001100011010101010010001101001011001101101011111011111010100000010111010110110111110100011111101111100111110010001100111101111101101100110101000110101001110010001
1000000000000000000101010000000000000000000000100000000001010001000000100001011001110010101000110001101010010110110101111011001110111001101110101100110101000010100000000100000101001010110100100010000010010010111100011010100110010110010111111101101100101000
0000010001000000000010000000010101000000010110000001000000001010110011000100101101100000000010010110110010001001100110010001111111100000111011100111111111010110100101111011111000011011011110111100101010110011001110101010111100011011010101011010010011110110
1100000000100000000000001100000000010000100000010000000001001000001010001101000000000100100010011000011001010000010000011110010011011000101100110111010101110000101110101011101000001100101100001011000100110010100100001101000000111011101000001111111010110000
0000100001110100000000010010000110001000000001010010101010101101111000100010011001100011000110101011011010010011100100011110101011101000111011011100111011101010001110100110101011101110101101101001111110011111001110011110011111001111011001101110011111110110
1000000001000100000000100000000000100000000000100000000100100000000100101000000001000111001100000000000101101000001001111101100000001101000011011000111111000010101111001000111111111010101111001110111010001111111100110001101101001101111011101111110110101101
1000100001000010000000101000000000010011100100010000100100001010110000101001000000000100011011001001111011010100110000100010010001100010111011111111101000111111101101101000000101111111111010001100111110110011011111100110111101111011110110011111100101011111
0000000000000000000010001000001000010000100000010001000000110000100100000001001010010010000100000100011110011011010000010110000100011100001100000011001001100111101011101110100101100100100111001000110011001010001101001010101111000011010110001111101111011100
0001000000000000001000100010001001000000000010000010011110001010000100011001101001011010101010011010111000110000110110000101101000110101101110010111111001110111111001110111100101101101111100111010101100111101010110111111100111011011111101111110011111011111
1000000000000000110000000000000100000001001100000010010000110010110000101101010000001000010001100001110001111010101011000010001010101011011011000100001111011010110111001111101111100100110000010100010111001101111011101111100111111010101010111001101011100010
0000010100000001100000101000000000100001000100000000000000000000100000111100001000010011001110010111110011100101011001011110111010111111011010011001101110110111000011110001011101011111111111110100100110001000100111110001110111101111011101111111111011101110
0000100001000000000000000000001100000001010000011001000000001011010000100010011001101011010001000000011111111010000101111100101010111110101100001010001010101111111100010010110110110111100001111111011110110101010100100011011110010111110111101100111110001110
0001010001000000001010001000100000000000010100101100010001001000001000010000111010011011110001101101111110110010101111010000101101110110101101011111110111011110111111010011101101100110110111100101111010011111110111101100111100101011101100111011110110110111
1000000000000000000010100001001010000001000000000110001001000000000000000001000000000110100010011101001101011010011100111001001000100100101101010010101001100011011101100110100011000000111100101011101110100111001001101010101101101101101011001111001001100011
0000100000000000011000000010000000000000001011001010010001101100101001111101011010100000110110111001011000111011111111111111111011011100111110111110101101101100010100110110101111111011111111101110101101110100011111111101011100000001100110110111111011110011
1000000000000000100000111000100000000000100011000110000000101001011100010000000000101111001000001000010011100100111000010010111101001010011001010001010011111000101011100001100010010110010101000111011100111110110011101111101000011001000111111011110111110111
0000000001001100100011000100100000000000101000010100101000100000000000010111110001001110000011001111100100101101101100101101101011111101110111111110101011101111111011111001010110111010011110010001111101011111101100111111110111101110110110110101111111001011
1001000010101010000000001010100000000000010001000100010110001100110000000000001000010000011010100111111000110011110001100011100111110011001011100000001110011110100100111110111101011000111111110011111001000111111101110001000011011000101100100111111111110010
0000000000000000000000001001000000010000000010000011001100011001001000100010111100110010011000110111011101001111111010110000001110111111011011000011010010011011110111110110101011101110001111011010100011111111011011111110111111101110111111111111111111101101
1011000100000001000000000000010000100000001001010000000101000110000010000010001111011100101001111101001101101100011100111110100000101111100011100100101100100000010001010000110010111101000101110000111010111011011110011101010110100011100101110000101111101010
0000000010100000100100000000100000000001100000000010000110101100001000111000100100000101011001111011101010111110101111011110011100111110110111111011101110101011101110011010111110101011110111100011111110111111111111111010111100111101011010101111110111010011
1100001000000000000000000000001000000011000000000100010001000011101010001011000010011010011110001100100110011010110000101111001100110011001101110110000010001100011100010111111110001101010110011101101100110111110111110001011111101010001001111011010000011110
1000010000000001000000000000000000000010010001100000001010000100001000001000010001010101000011111010111111111010111110101111001111111001111001100101001011111110111100100011110111111110011011100110111111011110101101101101011001100100011010111101111011110110
1000000000000000010010000010000010011000001000000111000110010010101010000000000100100000001110100010000111010010000100010010011101000011010110111101110101010011011111101001000101110100001001000011000000110011111111111110000100011100111101010010101010001111
0001000000010000000000000100000010000001001000000000000111111100010110110010010110111001111101111000101110110110110000110011101011110111111011111101111101111111101101010001111100011000111010101010101010100100111110111111111011100101011111010111101101011011
1000000000000000000000000001001110011100100100100010000100000100100101000011011000011001101011101010010011101001010011101111110011100110100001100010011010101100011011111101000101001110100010100110111000101000001101011110101110100100111100111011100011011011
1000010000000010101100100100000001000000110000000000010000000001000100001010110011110100000110101111011111011110111111111100011011111100111111011100001110011001001111110011101101011010001011101011111101101111111111011010011111110110110011010111110111110001
1001111000100110000000000000001111000000100000000000011001000100001001010000001100010001011110011111110011000111011010011110111100101110111010110101000100110000011111111000001110101001000011100000101001101011110011110001100101100110110010111100101111111101
0000001010000000001000100000000000000000001100101010100001000011110110000010010101110011001111010001111010001111101001100001111011101111111011011011001110010111011111110111101101111111000001001110110111111010011011111010100111100011010111101011101111110111
0100000100100010000000010001000000000000000000000000100000000001001000000000100001100010011000011100011010001110101011010001111010000010111000100001100000110101111111101111111011001101111011101011000101010000111111111111111011010110011110101011101100111010
1100000000001010001100110000000000100100000001101001000110101010001010010110101010111101011101111101101010011101111011111110111100101100010111101101101111111110101011111111101001010010111011010010111011110101011010000010110111011100101011111110011110111111
1000100000001000000001001000000000010011100010001000000000100000111000000001010101001110111010110000100110111111100100000100111111110111100110110010001100010110110011110001001000101110111110000111111101001011011001011000001000100011001101011000111110011001
0000110010000000000000100000101100000110000101000100000110101001011010101001010011101101111111101011100010111101111110011111111101110001010111110101011110010111111110000110111100011001001001100010110111101110111111101110011000010111111101110111110110111000
0000000100000100000000001000001010100000000010000000100010000000100000000111111000101010000010001000000010011110010011100101100011000110001101111101101011001001101111110111111010001011100100110010111111101000001101111111000011101000010010001111110110100000
1100000000100010001000001001010000000100111010010100001000100000110010010101010110100111101101111010000111001111110111111111110111001101110010110111110101001111011111000110101111000110111110111100111110111101001011000000111111111011100110011101011011111011
1000000000000001000000001000000000001100000000000000001001010010000101001001000010101000011111011110111100110101001101101000011011011110000010001011100111011101101101110100101101110110111101100101100111100111101101101100011010010110010100111010111011011101
0000000000000010010000000000000000100000000000000110011010001010001100101011000010110011101010111011011010111111110011010101110101101110101101010011111011001011111110111111111101110111111011011111101000111101110110111011011110111011011101111111110011111001
1001000000001000000001000001001100000000111001000010001000000000011011001101001010110010101011001110111001001111110101101001110010111100010001011010101000011110110011101001110110100011011000011010111100111111001111000011001100001100000101101101010011111011
1000000000000000001000000001001000101000100001111000100010100010100000010111011110001000111110101111111011011111101011100000111110011101111110001001001001100110010010011111111111111101101111011111111001100111101100001110011011111111011110011101101110100011
1100000000000000000000000000100001010000000000001000000011000110101001000010011010110100101001011111100100101001001011011101111011101111000101100110111110011111111000111011011111011010010101011111101110011011001001100101111010111011111110101000000001101010
0011010000010000001000000000000000100000000010110001111001101001000001001111010111100110101001110011111111111111011110110111101011101011111111111110111110101001001111011110111101110010010000101101110111101101110111110111111101101001100111111110101111101011
0000000010000000000000100001010101000100000000010000010100000010001001100000110100100001011010101110000010100011101100110001110000100111111010111101000011110011111101111001001011111100111011100011010110001111001100000011010010110101001010110010000111110001
0000011010000000000001000000011000010100000010001110000001000100111010010011101011101111111011111111101110111111001010011000100111100111011010011101101111111100111000100111101010011101011011111000110111111111111110101111111111001111110110101110110110101110
1000000001000000001101000000010110010000101101000100000001010001110000111000111001011111011100011110101111110000010110001111101011100010100100011110010101010001011001111101110110001001000100011111110000011100101001101010100001001001110011111011111111111100
0000100100000000010000000000001011000001100110001001101000001100100011101111011010111011000111110101101011011011101000100101111001100111011111110101100101111100100000100101001101111111010110111000111111011111111110001111011111111110101110101110101111101011
1000000000000010000011000001001100000010001100110000000101000000110000001011111010101110111011101001110111110011110111000110011010110000011101100110101000110101110111111011010000011101010011011010111011000111101111011001110111000011111011100110001101101111
1000000000000000001000000000010000111000101101000001100100101010110001000111001101001101111011101010101110001011011011101101011110001110011110101111111010010111111110111111110111111010011101111111001011100111111111111101100110101011101100111111101000101010
0010000100000000000100000010000000001001011000000010000000101010011000100111101100111101010001101011110110100110100011111001110100111000010000001111011111011010100001001001001101100100110011010001100011100110111010111101011110001001010001110110111010101110
0000000000000000000010011110110000000110000111000001001010000000000010011010101111111110101110011011111101101000111101111111110111111010010110111111111110100111011101111111111111111011001111111111101011111010110011011011111001110011101011111111011111111111
1000000000000010000000010001101010000000000000000000010000000010000010001001111111001001100010011101010001001000101001010100111010010101100101101110111010111110010010000010110011010011111111001110110011000010011111000111101110010101011100011010101011010000
0100000010000000000000100010100010000010100101001000101101011000001001111010111111001011101110111110101111101001110010001011101110100010111000111010100100010001011111010011111110111011111111010011101011101011111111100110101110001111110000011010011010011111
0000010000000000000000000000001000000001100000001000000000100000001110110101100110000100111000101110110011111001110101111000111111011010010001111010101010101011011100101010111000001110001010110010000101001110001000111101111001100110011011001000101110010011
0000100111000110100000000010000001011100001100111000000000111010001100000110101101110111001111111111010011111111101110110110101111000010010011111111111111111110111110011111100110001011101110111101110111001111100010101011111101101011110011101110100110001100
1000001000101000000100100001001010010100010000110010000000001000000001010010110111001001110010000100100000011101100001110010100000001111101010010101101100011000111111100010000100100111010101111100000010111101101111100000000010111001001110010010111011011101
1000000000000000000000011000000010001010011001000010110011100111100011111000000010010011010010111110111110011010111101010000111011100001100011101111110101000111011111100100010111011100110110001110110011101101111100100111101000011111011001111111001111101000
1010000001000000000010000010000100000000001000000001000011001100000000101101000010000111000111100110100000100000101011011101110110101000001001010110010011111110001110100011010110101110001010001011101101100100111000001111001100010001011000001101111101101000
0000000100001000000000001100000010000000101001100000101101011010010110011101110010110111010010110011110101011010111011100101011111101111111010111111001111100111001011010010100101011110001011010111110101011011111111101111101111111101010110100111101101101111
0000000000000000000000010010001010000110011000010001100001010100100001100100100010001111111101000101111000111110011010111111001011001101000101110101010011110111101011000000110000000000110110001010100101111011111110100011010110111000100010111010100011101101
1000000000000100010011000100010111100000000000000001010001000101100001100100101010001110010010001110011110101010101001110010001100110000111110111010001001111110101011101101101011111111111110101011111100100111110101111011000010011100110101111100111111111110
1000010000000001000110000001100000100000000111001100010000100000001010001110000010110110000111011011101001110000010001000010100111010011000110100110011110001010010001011010010101011010111110001100101111011000001100001100010101100110001000101010001010100001
1100000000000000110000010001010100010110000100101000010011010011101000110001001111011101001110011001011010101011110111101111100110111100110111111000001110010101101011111001001111011111101110110011111111111011101011101111011011010111000000111000111111000110
0010000010000000000001000100000000001000000000000100000000111000001000110011001111011000001001110110000100111110100101011111101000101010011010110000111011110001110010101111011111101000110111010010100111101011010100010001000001001010101100100000010111101101
1000000000010000100100101010000000010000100110001100111010010011001000100000011010101100010111110111011010001110111011001111101111110011011011111011011101100111101001010010110111111111111110111111111111110100111111111111111101111111100111100010111101101011
0010000010010100000000000000000110001100011001100010000001011010101000100001000000001101110100010001010011001001001111111011111000100010011110011000101000011011001111011110110000011010101111010000110111011011010001001101101000110111100101001100110010011111
0000110000000001100010100101000100100000010001000010010010101001000000101100001101111110000011101111110001010110011011111011001011100110010111101011111100100001010111111001110111111111110111111111011111110000111110110100011011101111110100110110110111100011
1000000000000100000000001000010000111100000001010100001100110100100001100011000000000100100010101011100001101100011001001100011010101000000010100110111011001110001010110110000101010000101011101010101000010111111000110000001100000010100101010010111000001111
1000000001010000000010000101110000010101000110101010100000000000001000010101100010101111100101011011111011111100010111100001110010001011101111111100111111001001010011010101100111110011101010110111101001011111101110100110001010111111101111001110100011101111
1100000011000100000000000010000001000000001100000001000000011011011001010010011000100000001110110111110010010110101110010010000010101100111000101010000111100110001110001101010101111100000110111111100010011010100110010011000111111111011101101010010010101101
0000000000000100101010010100010100000101000100001000100011000110010110110001101000011100000001000010101001011010001101011101001111001011011101111110011010111010011111101101111010010111111110101011111001101101111011110101100111111011111111111011000111101011
1000000100000000000000000010000000001000001010010010101001000000101000001000000011010000100100001011001011101110001001111010101011011010000000111011101101111111011011101111001010101010100011100100101000101011011010101010001100100010110100011101010011101110
0101000000010000001001000001001001000000011001101100100100100111100001000110001000000110101100011011111001101010001000101011110011110011011100101000100111100011100101111010101101100011100111111111010111101011111110111110110111111100101100111010110101101111
1011000010001000001000010010100010100100000100000000010101011000000010011110000000000101010010011111010110100101000100011000101000011110111010110111001101111010011110001110011011010001001000111011101110111001010100011111000011110010010001111100011110000010
0000010010100000010100001000011101000110010000110101010000000110001000111011100000110111111100011010011011011011011010101011001111110111011111110111000111111101101111111001111011011001111011111110101101111111111110010111111110111110111111011011101010101111
1000101000000001100000000000100100000000000010010001000000100001010011000100110000000001100101011001000011101110011110000001100101000111100111001001011011111100111011101000001001010011001100001101011001111110010100001011101110010010011110111000101011111111
0000000010001000010000010000100100000101001000100101000010110101011100011110000010111000101101010001111001110000111001011000101100100111010111101101001011111111111110101111111011110011101011101111000111111011101111101110111100110110011110101110111110101110
1100000000000101100001010000000000001000111010001101100000010011000011100110111011110100110010010001110101001000111000111111100101100001001011110000010100101110001011010101011100100001110101101110010110011110110000100100110110011010000011000010010010001001
0000000000000000000011010100011000000000111001000100000100100100000111000001011110001011111001111111001110110111101011100101101101111100101101110001100101010111110001011011111111111010011011011111101000110011001110011001101111101110111111111011111111011110
1000010001000000000001000000001000000000100000000010010001101010000000111011100011111011000100011111101001110011001001000101011101000001111011011101101110100101011011101010000010000000100001110000001000111001000110101000010011010101000010100011011000001101
0100000000100010000000100000100001001001001011010001000000001000111011111111110110101111011011101111110110110001111011100100101100110110100110100101000101001100100110111011101011101110111111111011011100110110011111111101101111001001011111110111101111011111
1100000001100000001100000111001000000010001000000000100000101000010110110110100001111111100101101101100011001000101100111111000111111100001101001100010110011110100011101011110101111100001110111100011000111101011010011000001010001001000100011101111011101011
0000000001000000001011110000000110101100000000100100000000100100100000110101110100111110011100010000011111111010010101011010111110011110010110000111111100011101110111111110101100110010011111110010001111111111101011101111101110101110111010101111111011100100
0000001010000000110001000000000000000000000000101010100000000110000010001001010010001000101101110101001010010001101111111110111011101010010100000000001001101000110000101101110011110001101011011010010000101000010100010001110010010010111000101111101010100001
1000101010000010010000000000110000010011100100001010000011000010110000111111110010101001010110000011111010111110011000111110101011111010101100011100101100101001101101100111001011111111100010011000111110101111111010111110100110110110110110111110111111010111
1000001000000000000001000100110110000010000000000000000000000010011010010111110000111100101100101110111001001111001101010001101101011011111001111111001010001001111000001110100101011010110100110011000011011111010110011110101010110100001100000000001001011100
0010000100110010001000000100100001000000001010100000000100010101000100111001111111100111001110111010101110011111111101111110101100111000101111111111001111111111111011101100111001111110111111101011111010011101010011111001011000010110101011111100110111101111
0000100000001000000000010000100000001000000101011100000000001100001011100111101111001011100100101101100111010011101011101100010010001001010001000001010101101101100000111011110111010100101001010111111110110110101010100011110010001010110110111000010100111100
0001000100000000000000000110000011010100101000010010110111111011000000001000001001011001110111111111111001011011111011111111110010010001110111000110111100110111111110001001100110111011101010111101111110101001111111010101100111111111111110110111101111101111
0000001100001000000000000100101110000000000000000101000100001001001000101101011100101010101001010111101010101011111111011110000101101001100001010100001101011101111001100110000101100101101111100110101011100111010011111010110011001000101111110001100101101101
0000001000010010010000001100001100010000010110000001000110101010101011010101000010111011111111011010111111110011011111111010111010001101011010001111111111101010111110101010011111110011011111001111111111110110011001011010110011010011100110011111011111100001
0000010000000000000011001000000000000000101000000010100000011011000000001111101010000110101111101101010101001111111111111111100101011000111011110010110111100110010010101001011111011111101000101010100100101111100111001001001010110011101111111010111011101101
0001001000000010101000000000000100001001001010000100100000010000000000110111101011110110111111101110011000111110111011101111111010010001111110111101111101100010100110110110110110111010111011111111011011010110101111111110001101111011011110111100110001100110
1010000011101000000010001000000000000011000010000000100010011000100001111000010101101100110110011101001010110101110011001000101100111111111001111111101000010111011100100001011000101000100000101000000010111100101010110000111000011001000101010010110100011110
0000101000010100000100000000000001101110111001000000000110101100001101110011111011010100011101011000111000101100110110111110001111101011111111001111111111111110001111100111001111110101000111111010010010011101111111111100101110111101101111111011111111111001
1001001001000000000010010000000101000010001001000000000010000001010101001011110001101101010011011110100111000111011000010000001010101000011000111100101110011110111001110010110011101111111000101110111111111101111110001111010101111000011000111001100110001101
0001100000000000000001000000000001110000010000000001100010010011000000101011101011011011110000101111110110001001111100011110111000111111110111010111100101111110001101111110111010011100101111011101000111110100111011001010111111111111111010111101111011110111
1000110000000001000000100000000010100010110010000111001010000110000100001100110111100111011001101110111100001111110010000011101111110100101011011111111000011111100001001000111101000011010111100110010111001010111110100101011000011010110001110011110010101000
0000001000110000101000000000001000100100000010011000111000001000001100000101111010101111111110110101011101101110110101011111111010101011110111011001110101011010010011111101011011101111110000110111111111111111111010110111100111110010110111010111111010011111
0000000100000000000000000001100000000000010000000001010000001001100011000001000000000111011011101100001001010100010101100100101011111000010101101010101100110010010111111110011110001000110000101010110101111100101011010100100110000001101000010100110000011110
1000000000000000100000000000010000010000010000111000010001000110101000011010101101010111111111111011110111111101100011111111101001101101111011111101100111110011111101111000100011111010111011111111110111101010111111001010011000111111101100110101010001111101
1000100000000100101100000100011010100100001101000100010000001001010000110110011011011110011001011010001011111000000010101001101101101010000000010100010000000100000010111101101100011101101111110100011011101010010101101010111110001111100101000110000000011011
0000000000011000010110000001110010000001000011101000000010000100000111001010101100011110101011101011001110111111110101101011110110111011011111111100110111000111010111111001010011011111111111111001110001111111000010111111110100101111101111101011111001010110
1000101000000000010000001100010000000000010000000100010000100000010000000001011100001001100111101110011110101001000010011001011100110011010000001100010011011101001111000100010101110010101101010111110111011101100011001111100011011111010011100110010011011100
1110000001000100100000000011000101001001000001010101000110010110101000111010001111100001111110100110011111110110111111001111111010111010101010110011000010101011111011110011110011110101111110001101011011110100001011111111111011111111101011101110110010101011
1000000011000000000000000000000000010010000010000000100000110000000101000101101010010111100101100101000100111110010110110111001111011100110011001100011101001111101100111111011011011110110000111110111101010110000010110111011000110111111000110110011000000100
0000100000001000100000000000101100100010000110011000010001101001100101010100100110111101101001101111101110000111111010101011111111101010011111111011100100100110010010111011101111101101011011111011010111111111011111011111000001011111101010111100111011111011
1000000000010000000000000110011000100000011000000010001000010000111100100100100010100000001010111100001000000100001110100101011001110000100010011111100110010011000110010101010011110100110101111010101010110010100110011101111000111011110010101011111011000010
1000000000100001110100000000100000100000011100000001000000111100001101110110000000011111101111111010001111000100110011110110101101111111010111111001111111110010111110111100101011111110100010111011011110110001110111111101111011111110111010110011111101110111
1000000010000000000000000010000001010000010000010100001110001001001101000010101001110110010001101011001001001101111010111011111011110011010110111011011101100011110000100011010101011100011010101000011110001010001111001101001101010111011101100100111000001110
0000001010000000000000000010000010010000001000000110110000000000100001000001110010101010111000011010110100101100111110111011110000111010101110111010111110110111111111111010110001100110111111111100110010110011111010101011111010111110001111011011111110011110
1000000000110001001000100010000000000100000100011000100010100100100010110000000011010010111011110100010101111110011111111000001001000100101011110101000010101111010001100001110111000001111101101000110011001111111011001110111100101111110011111001111010010000
0010000000001000101101010100000010001101011000000001010101001000000010000010001010000000111010100111110110010101001100111110110111111011110110011111111111100010111001101111111111110101111111101111111000101101111101111101011011101110001110111111111101111110
1000000100000000000000000000100001000100100000000110100000101010000010110010000010100000010000000001010001110011010111100000100001011101000100000101110110110101000110110111011011111000111101100100111110000101111100101010011001100110011101100001101001101001
0001000011000101000000100000000010010011000100001000000010000000110010110001010000110101101011111001111101111001110001110110000111111011011110101001101110111111111101101101101111101011000111100110111110100001101111101110101111101110111111011011101010111110
1000000000010000010000000001001000000000000000000010010000000000010000000110001110100101001110110110000010111100101110110001100101111001111111101110000111010011100110000101000111110110110110100011011011101110011011000011010110101000010111100001111111010111
0100100000100000000000000001000010000000000000011100010101111010000000110000100100110000011101100111111111111001101110111011011001111111011111101111111111010011111111101110111111101010111011110110111111011001100111111111111011010001111111101011011011101110
0000000000000000000010000000000000000000011000000000110000110000000001000100000100001000001010001110111010100010100111001010010101111100000111011100000111011100000100000010101111101011101011100111111000101111100111110000110011001110011100101011000010100010
0000000001000000010000010100100011001010100000010000000000111100000100001001100000000010010111111001111011111111110110010111101100101010001110000010011001101111111111011110111111011111101111111111101000111100110111111111100010011110011110111111111001011011
1000000000000011000000000000011000000000001001100000000000100000000010000000010000000000001000011100100111010101110010001011001011110010110111011100000010011100011111001110000000010010011010110110011101111110000011111110010100011110001011111001110010000110
1000000000000000100000000011000000000000100000000100001000010000110101100010100010000001110110011011010111111101110111111101111010111101111111110111110110110011010110101111011110101001101011111100011110100111011011001111101111110001110111111001111011111000
1000000100000000000000100000000000000001000001010001010101001010100010001110000010011000110100000101000110100011101001111011000001001011111110011011011101011010001001001110001010101100010011101101101010101111011100101000011000101100111111110001010010011100
1110000100000001000000000001110010101001101000000000010000001001101010100111110111000111101110101100111001011010001011101111110101110001101111101111101011101111000111111011001110001001101001101101101010111001010111111101111101101000101111011110001011111010
1001000100000011000100000000100100000011100000000000001100000100000000001000000010000000111101000101100011100011000000100100111111110111111001111111010010001100011100101101001110100000110001001010001111100110100010010110111110101001111001011101111001111110
0000000000010000000000100000010000010110110100000000000000001011000101010001001000011010000111000111111000010011111010101011111000111000110111110110110000011011111101110011110110101011111001100001010111111010111101101000110111111101111101011101111111101001
1100000000000000000000010001000000010000101000000000000110001000010010101111000100101001001001100101100000110011001101001101100010001110001111110010010010000111010011110101000011110000111010000010011100101000110001000110100100110110000010001010010110001100
0001000100000000100000000000000010100010010001011000000001001111100000000010000000100110010000101111011110001010101110111001101111110111110111110001001011110001111111101110110111111110111011111111101111111101011111101101100101001111010011111111111111101010
1000100100100101000000000010010000000000100000001000010100010000010000000010111000000000010010100101011000100001100010010010101110011111010001010011101110011010101100101001101011100000011111111011100101001110100110110110011111101110111010111000000101001000
1000000000000001100000100101100101000000001000001000010111000000100010100101000001001010001100110011001001001100011101111101110111111111011011011011111111000111110111111110111001100011111011100011110110101000100111001110101101100000110111111011101001111111
1000000000000000000001100000000000000000010000010000100000100011000000000100011100000111101111000000011111100100000011001011101110011010001010000001110011110011001111110000011011011000111111010111110010101000111000111111110111010111010111011000110010001001
0001000000000000000001100000100100000100000011111000010101011010010110000110001000111011100101001110010111111110000001111111111100100101101101111000101100011110101111111010011100101000111111011010001111101111111100101101011111101010111010111111011001111110
1000000000000000000000000100000101000000010000000010001000000001100000001000001001000000100100100001100010001110101110100001111000100000101100010111110000010000001100100010111101110110010100000000011011111011011001111001101011110010010110001101110001000011
0000100000000000000100001000000000000010010000010010001000011100001010000001110000010010000110010010111010111110101010001110100011111101110000111111101001011100011111010110111111110010111101110111010100101100111011101101101111010010101011010011111001011111
1000000000000000000000000000010000000010000000000010000111010110010000100100100001101011001001011110001000001010100111001111011101100010111000000100011001101101111000101100100001010110001010110110011101001110000111101100001100010010100000100000101111011001
0000001000001001000000000101000001000000000100000100100001000110001000100100000010101010010110000001111111111001111111111110110111110101011011101110101001110111110111101001100101010111000011011000111111010100011110011110111010111011100100111110011111100010
1000000000000000000000010000100100000100010000000000000111100001000000000011000100100000001010000000110001000010000100001000100000111110100110101001100100101111010100000000010111001110000010011010010010110100101111001010110001100001000111110111000110001110
1000000000000000000001010010000000000101000000000101010000001001100100010010011010000000011110000001010101110010101000010000101111010001110101111010011010000101010001110111101010101011110001111111111110111000001010001110001110100111110011110110011111010010
0000000000000100001100000000000000000000001010000000000010001010000000001000000000100000100000000001110001111000111111110000110000100101110010110101110010001110001001001110110010000110110110111010010001110010001011010110010001101001100001101010001000000010
0001010000000010000000001000000000000010000000000100110000000101001000100110000101100111000001111101001101100001000011111100001100110110111110100100111001001111101110001111100100110101000011110111111011111011011100111011111001101111111110001100101001101100
0001000100100100000000000000000011000010001000000000000000100000010011000100010010000000110011000110110010010100101110101010001000110001000011011001101110101101110001110000100101000100000100110001111101001111100100100101111111111011011111010010100000000000
0000100000000010100100000000000001000000110000000000011001101010001000000010010000000000110100100110000101111000110110010111100000011101110011001001101111111111011110100111001011000101111010100011001101001101011110101110101000110101100111100011000111111110
1000000000000000010001000000010000100000010000000011101101000010000110111000000001000000000001100000110000100001100000000101000000111000000000101001000100001111101111111010101000011111001010010001001010001110001101010111101001110101101000111001110000010110
1100010000000010000000010000010000000000000001110011000101110010011000001000010010000000000001000111100000111010110010011110101111011011110101011010111001011111011111101100111100011011001010011100110010010110010111110111011101001100110011111111111001101010
1100001001000000001000000000000100001010001000000000000001000010100010000000001000100000000100101100010000100101101010000110110001010001101011100010011011001101110110011101011110010101010011111000000001100100111001100100110001100111011000000000000010111000
1000000100000000100001000010010100000010101000000000000001000010101011000010000100100000010010010100110011000111111100010101011101100101011010001110111000111110100000101000111101010001101011000010111011111110111110010111111010101010110001100111001010010000
0000100000000001001000000000000000000000001000010010000100010000010000101000100000000100000110111111010100000000010011111001000101000100000101101100100100001001001101100111011001110101010110011101001110000111110000110101001011000100110110000010100111100011
0000000000000001001100000100000001000000001010000000000010000100010000000110000100001110111110101110100000010001011110110000101010010000011011101011111001000101110111100000001110101111110110101100111111111101011011000100001110011110111101001000000100011010
1000010100001011010000101000010010000000000001010000000000100000100110001000010001000010000000011001100001000100000001001100111011100101110010100011000010001000000000110011011000001011111011000100010001111000001011100111101000111000101001001100111111100010
0000000000000000000000000001100010000010100100100000000001000001111010000100110000001000000010001000001011011101101110100110000110001011111100100101100000111010000000000100001110011110100010100010111011111011111010010000011011001100111000100101010101010011
1000001000100010000000000000000000000000000000011100000000100000000000000000010100101110010000000010010000010010100000001111001010111000001111110000100000010111000010011000100000001110111011100010110000010000111101010010001010100000000100000001000000101011
0000000000000001000000000001001000100000101100000000111100011110010100001110000100001011110010111011000000100000110000000010000010001011110011011011101001101111111111000111001110101111011100100001010000111100100110110100111101001110111101111010111010100001
0000000000000100000000000000001000000010000000000100001000000000001101010000000000100011010000101010100100100000100010000011000001000000000001001101011011000101110001011011000100101001011110000100101101011111000101111011101110000010111101011101010110010110
1010000000100000010000001000110000010000000000000000011000000110101000010011010010000110000010010000101001101101100111011010100011000010001100110000111101111110010111111001110010111011101010001011101010111001111010100001111010100111001001001100010000111101
0001000000000000001000000000000001000000101010100000000000010000000000000001000101100010010001011000001100010000000110100001000000110010010111101010100000010011010101010010000100100100100101110101100000000000010000011010100001100111000001100011101101101000
0010010001101001000001001000000000001000000000000101000000001010001010001010110010000000001010010111100000011110000100110001100011111010101011001100011111111000010011001111000011111100010110001010111011111000010000001111111000111011010111011011000101001011
0001000000000000000000110000000100010000000000000000000010101000000001100000001000110000001001001000001000101000010100001001001110100100000101011000100001010100101011101101011100110000000001011010101011110100000000110100110000000000000010001100101111000110
0000100010000000010000010000000100100001010001000000000011000001011000011000010101000101100010110100110111111110101110110001100001001101001010010000111010011000011111011110111101101001001011100111011010111110111111111010100100100111111111010101100001000100
1000000000000000000001000000000000000000000000000000001000010001000110100000100101100100001101001000010000000100000010110010010101001001110100000110100010000000100010000111100110101011000000100011000011011100111101110010100000010001110100111100101100100001
0000000000000000010000000000010000001000001000000101000000001100110000001001000000001000000011100000010100000010110100100101000100011010000011110011001111100111101000101111100110010001100101111100101010000011111110100101110101010010110001111000100101011001
0000100000100000000000000000001000000000000100100000100000000000000101000010000000000010110001111011001100101000100010101101000100100000100100101110000001001000010001100111101100010000111000100101000011101000110011101100110111001001000010010110101111100110
0010000000000000000010000001000000100100000001000000101000100001000000000100001000000000011011101000010000011010100011111111000000000000111100010001000110000011101001011110100110001111101001100100001111101111001110111000100101011011001011011111010001001100
1000000000000000000000000000000000001000000000000000100000100000000110010011000100000011100000000100000010000000001000010100010000100100110000000011010010100000111001100011101011011110110001110001100000001001111110001011001001011100001010000010000010000110
0000001000000000000000000001001000000001001000100000000000011100011101110001100001011000111000101100100000001111010001100111010110100110110000001111011111110001101101011010110000111111010101000010000111101111101000101011011100000111111000111111100100110011
0000000010010000000000000000010000000000000100001000100000000001110001001110000001000001100000001001000100100010000000010100000000001111110000011001100000110000100000100011101000010111100001100011001000000001000001000010001011001101011111010010100001110110
1000000000000101000100000010001010000000000001001000100000000000010100001001010000000100001000111000001110001110011100000111000010001100001010010101000001101101001100000000100110111010010110010000111001110001101011010011010101000010010000010100110010000001
1000100000000000000100010001100101000001000100000000011000001100000000001100000000010000100001001100000010000101010010100111111010110100011010011110001000010000100100000101001000010001100001000101000110110110001100111100000000000001010000000100100001000000
0000001000010010001000000010100000001000000000000000110010010110001000001010000100011000000000100101000001110000100101001101001001100010000110010101100111101101001101011101101110001101011110111000000001010101010000001010110011110110010110001100001100110100
1100100001000010000000000000000110000001000000000000000000001000000010000100001011001000000000010010011000100110010000001111110001000000000001010000001001001010111011100110101100000001011001001110010010000011000001011010000000101000010000001001001110010010
0010000001000000000000000100010101000000000000100010000000001000000100010000010000111000000100101001010100100000100000001000011101110010010011001100000110111011000001100011001101001110100000011111001001010110100100110110110000011010000001110000000011000001
1000000010010000000000010000000000000000000100000000010001000000000000001000000000010110100010000100001000100000010000100000000011011011100011010001001010001100100010000111100000100111000011000001000000000001110110101000001000110000111000100000010101011000
0000000000000000000000100000000000110000000000000100000010000000000000000000100001101010100001110010001100000100010001010010100000000100000001001100100010010011000110001100100000011101011010100001010001011100000110111001010100001010111011111000111001010010
0000000000100000000000110010001000000000000100000001000000110011010000001000011000100000110000000100100000100010010000010001001100000010101111000110111001000100111001100100000100000001000010010101100011010110000101101100010000000010011100001100100100011100
0000000000000000000000000000000000010000001100000000000000110000000010000000000010000001110011001010101001000000101001011100111000001000001110101001100100100100101000001000000111010111111101000111100111100100001010100011001000000000100110010010101011101100
1000000001000000000000000001000000000000000011000000100010010010010110000000101001000110011100000100010000010100000001000000000000000001100010001011100100010000100100010010001001101001001111011010000110101101001000110000100100001000000000100101000010001000
0000000100000001000000000001000000100100000000000000000000000000010000100001000010010100000001000100000100100010001010100000000011000000000010110011010010010000111111011100011111010010010001000111100001101001010100101011010000010010100101110110010010100010
1000000010000000010000000000000000001000000000010000000001000000000000000101000100001000000011100100000000101000110000000100010100010000010000000111000100000111100111000001000100010101011010001110000000000001100111001010100110011000010010000110000000110000
0001000000010001000000000000001000000100001001100000001001000000001000000001000000100000000000101000100001001010000001000010000001011100001001100001010011110111110100010001000100011111010101001111101010110010010010010011010110100010111101000000100001011010
0100000000000000000000110100000101001001000000001010000100000000000000010010000000000000100000001001000100000001011000000000100010100010000001000110100001000010000100000100000100010000100010010100011000001000001101010001011011100000010001101100100001100000
0010000000000000000010000000010000010000000000000000000000001000010000000010011001000001100000010000010010000010100001000001001000000000000010011000010000000011000001000001100010101011001110100010101011101000100111100100100000110100001101111101100010110001
0010000000000000000011100000000000000101011000100000000100000000000000000000000000000110010011000001001000110000000100010000000000101010110100000001001110010001100000111010010011110000000010100010100000101010100000000000010000000100000111010000001100000010
0000000101001000100000000000000000000010001000000000000000000100010100110000100001000011010000000000100000000000000110111010101000100101111011100010010011110100100100110111111000111101110000110100010110000110000001000000010000000000101100000011011001111000
1000000000001000000000000000100000000100100000000100010000000100001000000000011010010000000000010000100000010000001000000010010100110001010001100001001000000000110001001101000100000000011000000111011000101001000000011011000000110000000001100001001010011100
0000000000000011000100000001000000000000100000000000000000000010000010000001001001000000000000000100000111001011101000001010101001010001100100010001010001000011100100010110000101000011000000000110101100001011111001010000100001001000000100000001000000010001
0000000000000000000000010000000001000000011000000000000000000010000000000000010000100101000100000011100100000000000000011000000100101001010000000011100100011010000010000011101000101000000100011101100001100000010000010000100110001000000000010111100000000100
0000000000000000001000000000001000000000000000000000000100000000000000000011000010001000100100010010001100001100000010000011000110000000000001000001100100010000011010010000100010110011010001000100000001000001000000001000001100010000100010001010100001000010
0100000000000000000000000100000000010001000000010010000000000000000001000010000000001000100000000000100000000010000011010000000010110101000000010101000100000100000111000000000101010000000000100010000001001001111001010100100000000001001010010000000101010000
0000001000000000000000000000010100010000010000000000001011000000010000000000000000000110000010000011000000010011001000101011000010000100000010010011010110001110100001100001001110111010011100001000001100101010000001100111000000110010010101101000100001011001
1000000000000000000000000100000000000000000000000001000000000000000000000000000000000001100000000000001000000000100000001000001001000000000010100101000000001010110010101001100000000000110000000000000001101011100000000110001000011010010010010000000000100000
0001000000000100000000000000011111100000000000100000001110000000000000000001000000010000010000000000000000011000011001000010011001000001000100100000001000110010110001000101001011000011010000001011001100001000011000000000101011011110000000000000000011101010
0000000010000000000001000001000010000000000000000011000000010000000000000000010000000100001000000000100000010000100000000000000000110001100001010011101010001001000100000000000010110001000010111000000001000001101110100010010000000010110000001010000000101000
0000000000000000000000000000100000100000000000000100000000000000100000000000000000000100000000000000010010000000001100000001000010011000100000101100000001101000111000101101010011100111000000010000000010000011110111000110100100011001110101111000000100100000
1000000000010000000000000000000110000000000000001000000000000000000000000000000000001000010010000110001001000000100000000110001000100010011001010001000001000010000001100100000010001010000000000001000100010011100000000000000010000000010001000001000100000000
0000000000000000000010000010000000000000000010000000000000000000100000000001000010010000001011000000011010000110000000000000110100101001000101001110000000001000101000111101000000000000100000010110001000000000001011000010001100001000010001000010001000001000
1000000000110010100000000000000001000000000000000000001000000000100010000000000000100000110000100000101100000110000010000000010001110000100010001101001000010001010000010000000000000000000001001000001100100100001010100010000100000000000100001000000000000000
1100000000000000000000010000000000011000001000000000000000000000000011000000000001000000000000010010000010000000000000000000000101010000100000000101010010001001001000000000110100101000000000000110000000001000100101000101110011110011000101100100001000000000
0000000000000000000000100000000000000000001010100010000000000100010010000000000000000100001010001000000000100000000000011001000000000000100010100100000000010100010010000100100100000111001010000010001101100001100100001000100000010000000000100010000100000010
0000000000010000000000010000000000000000010000010000001000000010000000100100000000110000101000000000100000001111101000000101000101000100100000001000101010111010010000100001000010101100000000100100000010100001000100001000001000000010000100001000001000000000
0000000000000000000001000000000000000000000000000000000000000000000000000100000100000101000000010000000000000000000010000101110000000000000000100100011000000000000101000000010011000010001011100000001010000110010001000000001000010010010000000001000000010000
0000000000001000000000010000100000001000000000100100000000011000001000100000000001010000010000000000001000100001100000000100100001011101001000100001011010001000001011111001010001110110011000011001010000000001000000000011000000001000000000010000000000000000
0000000000000000000000000000000000000000010010010001000010000000000000000000010000000000000000000000100000000001001000000000000000010000000000000001000010000000011000100000001001000101001000111000000100000100010000010000000000000001001000110001010000000000
0000000100000000000000000000000000000000000010000000000000010100000000000000000000100000001111011001000000000000010000010000000000100000101000000000100010010000000000000000000001100000000000011100001000101110000101000001001000001010011000100000001100000000
0000000000000000000010100000000000000000000000000010000000000000000010000000000100000000010000100000100000000000110000000000010000000000000001000000100000000010000000000000110000100000110000000000100000010000100010000010100100000011000010000000100000000000
0000110000000000000000000000110000000000000000000000000000000000000000000100101010011000001000001101000000000101001010100000000000000100001100000000001010010000101000011100000100000000000100001100000100100000010001100010010100011000010000000000000000001000
0000001000000000000100000000000000000010100000000000000000000000000000100000000000100000000000010100110000000000010000000010000001000000000000001010000000100000001101010000001000001100000101000000001000000000000000100000000100000001011000100010101000110110
0000000001001000000000000000000000000000100000000000001000000100000000010010100000000001000101000000000000000000000100000100001101000111000000101001000000010000000000001000010100000000000010000010000000000100000010000001001000010011010100001100001000000001
0100000000000000000000100000000000000000000000000011000001000000000000100100100001000000010100000001010000000010000000000000000100000000010000000000000000010011000000001001100000000000000100000000000000000001000000001000000000111010100000000000101000010000
0000000000000000000000000100100000000000000000100000000000000000010001000000100000001000000000001000000010000001000100001000000000000100100011000110000000000000100100100100000001000110000000000000010001011000110100000000001000000101000000100010000000010101
0000000001000000000000000000000000000000010000000000000000000000000000000000000000000000000000000000001100101000010000000000000111000000000000101000000100000000010100000010010000001000001000010100000010000100000000100000000011000000010000001000000010000000
0000000000100000000000000001000000000000000000000000000000000101100000000100101000000000001000000000000000110000000000000000000000010000000000100000100111000101000000000000110111100000000010010110100000000001010010100000011000100000000110010001100000000100
0000000010000000000000000000000000000010000010000000010000000001010000000000000000000100000100000000000000000010010100000100000001000000011101000000000100000000000000001001000110011000000000100000000000001000000000100100000001000000110000000000001000100000
0000000000000000000001000000000000000000000000000000000000000000000000000000000001010011010000000000000001000010100000000010100000000000000000001100000000000010001000110000000000000000110000000010101011100100001000000000010000100010001001001111000000000000
1100010000000000000000000000000000000000000000000000000010100000000000000000000101000011000000110101100000000010000000000000000010011101100000000001110000000001000000000000110000000000110000000001000100000010000000110010000010000000001010000000010000000000
0001000100000001001010000000000100000000010000000001000000010010100100000101000000010000000000000000001001000110000000000000000000000000100011100010001100000000100001000000000000000000000001000000000100000010000101000001000100000000010100001100000011100010
0100000010000000000000000000000001000110000000000000000000000001000000000100000000010000001000000000001000110001000000000000000100000100000100000000000000100000000010000000000000010100000000000001001000000010000000100000000000100000000010001100000000000000
0000000000100000001000000000000001101000001000000000000100000000000000000000000010000000000000000101000100000000001000000010001100000001100000000001000001000000000010010010100000010000000000011000000001000000000101000010000100001001010000000000001100011000
0000000000000000000000000000000000000000000000000000000010000000000000000000000000001000100000010000000000000000000100000000101000000000000000000100000100100000011100001100000000000000000000100001000000000100001000100010000001100000000100000000000001010001
0010000100000000000000000000000000000000100001000000111000000000000000000000000000010000001000100000110000000100000000000000000000011001100010000100000001100000010100100001100110110000000000100000000000000100000000000000000000100100010000010000000000001010
0000000000000000000000000000000000110000000000000000000001000000000000000011000000000001000000100000000000000000100001010010000000000010100100000100000000100001000010010000000000100000100000000000000000001000000000000000000000000101000000000000000000000000
0000000000000010000000000000000000000000000001000000000000000010001000000000000001000110001110000001000100100000000000000000001001000000100010000000000100001000110100100101010010000000000100000100010000000100000000100000001000000000000001000000000000100000
0000100000000000000000000000010000011000100100001000000000000000000000000000000000000000000000000000000010000000000000000000001001000000000011001000000000000000001000000001000010000100000000000000000010010000001111010100000001000010001100010000100001000000
0000000000000000000000001001000000000000000010000000000000000000100000000001000000000000010001000000000000000000000000000000010010000110000000000010000011001000001000000001000000000000000000100000000001000000101000111000000001000000000000000000000100001000
1000000000000000000000000000000000000100000000000100000000000100000000000001000100001000000000000100001000000000000000000000000010000000000100000000110000000000000000000000000100000001000000001000000000100000000000000000000000000000000000010000000011000000
0000000000000000001000000000000000000000000000000000000000000000000000000000010000000100000101100100000000000001000000000000000000000100010000001100101000010101001001000001100000000000000000010000000101000000000000000000010000001000010000001000100000000000
0001000000000000000000000000000000000000000000000000000000000000000000000000000000000000000000000000000100000000000001000000010000000001010000100100000000000000000000010000000000000000000001001000100010110000101000000000000000000000000001000001000100000000
0000000000000000000001000000001000000100000001000000000100000000000000001000000000000000000000000000000000000000000100101000000001010000000000000000000100000000000000000000001001010000000000011001000000010000001001000000000000010000000010000000000000000001
0000000000000000000000000000000000000000000000000000001000010000000000000000001000000000000010000000000100000000000000010000000000101000010000001001000000000010000000000000001000000000001000000010000000000000000000000000000000000010000000001000010100100010
0000000000000000000001000000000100000000000000000000000100000110000000100000001010001000000000000000000010000010100000000000000000000000000000100001010001000000110001000110000000000000000001000000000000000000000000001100001000000010000101001000000000001000
0000000001000000000010000000100000000000000001000000000000000000000000001000000100000000000000000010000000000010000000000000000000000000010000011010001100000001000010000000000000000000000001010100000001000000000001000000000000000000000000000000000000000000
0000000000000000000000100000000000000000000000000000000001001000000000000100010000100000100000001001010001100010100000100000001000000000001101000000000000000000000100000000000000010000010001101010001000001000011000100000000000001010001010000010001000000000
0000000000000000000000000000000001000000000001000000001000000000000000000000000000000000000010001000100000000000001000000000000000000000001100100000000100001100100000001000001000000000000000000000000000000000000110001000000000010000000000010000000010000000
0000000000000000000000010000000000000000000000000000000000000100000000011001000000000000000100000001000000001000000000010000000000100001000010001001100001000001000000000100010000000000100000010000000001000000100000100000000000011000000000001000001011000001
0000000010000100000000000010000000000000000000000000000100010000000000000000100100100000000000001000001010000001000000000000000110000000000000000010000000000000000000010100000001000000000000000000010000000000000000000000000010000000001100010000000000000000
0000000000000000000000000000000000000000000100000000000000000001010000000000000000000000000000000000000100000000100000001000011000000000100001100000000000000000000100000010010110000010001000100000000000100000100100000000000010000000001010000000000010000001
0001000000000000000000000001000000010000000000000000000000000000010000000000010000100000000000000010000010000000000000000000000000000000000000000100001000001000000010001000010000000000000000000000000000000000000000000000100000010000000000010001000000001000
