0000000000000000000010000000000000100001000000100100000011100000100011100100001000001000100000010100010001010010010011100111000001010100000000000000010000010010011001001000110000111000010011000101101110011010101100000111011101000110100001110100110100110010
0100000100000010001000101000000100000000000000000101010000101000000001000100000001010000010010000000010000110110000010000011100001010000000100000000010100100100111001000001100000010100000111000100001000011000000001000000010011110011000000010010100010010101
1000000000000000000000000000100100100000001010000000110010000100100111001100000010101010110010000001100010000100000010010010100000100010000000001001100011110110011001100000101000110100010101011110101011011110011011000101000110101111011001111000000101100000
1000000000000000011000000000000101000001011010100011111001011000000000110000000000001111101000100001000001100011010110010000100000101010010100010000100110110010100000000000000001011000100101001010101001001001011010111100001000101010010001001010000100010000
0000001000000101011000000110010100100001001101011111000001100100000101110101000100001010101110100000100000111110110110100111101111111111111111111001100110110011101100010111101010100010111000001001001111110101111011111011010101101010011101001110001111100110
1100000110000001000001100000001101000000000100110011000100100001001001110011010111100011100001001001100001001011001010010100000001010111011001010110110111010101111100100000001100100001000010100100100101110001100100111010110011100011000011101000111011010100
0000001101000000000100011000000100000000000001101000010000001001000000000011111010001110101001111000101001111110100110110101110101111000111101010001101101011100111101101010011101111100011101111111001011101111010110111111111001001100111111010100111111000110
1011001000000000101000010000000000000101101011010000010000100000000010111100010000100010100100111001010011010111100001110110101110110001001000010011100111111110001010101000001011100000001100100110101000010110001001000010011011000111110111010000011101001001
0000000011000000000101010100000000001100010010000010001010110111000100001000011011000011000001101010011101011001101010010111111000111011111101010111101101111111000011111111101111111001000010000101110110111111101010011000111011101010100111110101111011110110
1001000001000000100000010000000110100000000010001010010001100011100110001000001001011000000011100011010101101100010001101110011011111000011110101100010110010001101100001111110010101110111111111011111010100011000000000100101100000010101011001111001111110000
0001000100000110011100000001000010110100000010000000000100100100000010000110111010000110010010110001001111100010100000101010110111110110001111011010110111111011011110110011110110000111111010101001111011111011110011101110100100001100111101111011111011101010
0010000000000000000100000000001000000000000010000001000001110010000001101010111000001100110000111000000111101000010100110011011100011000000000011000011101011010101110110000111000111101001010011111000010000001001110000010001100111110101010101100000100011111
0000000000100001000000001010100000011011011011000001011110110101111010000111010100100000111011001101000011010001111011101000110111000011101111111011111001010001011100111110100011011011101110111111111001111110101111111111100100100010111110001111111100011100
1001000000000000010000011000100001100010010000001001110001110001000000101100100110000011001100010101011000110100001110001111101000001011101000101110011100001000111000100110100001110111110011100111011010000111000010001011110011000111101010011010011111010001
1000000000001000000001000000110001000000000001001110000000001111101110001001000110000100111010111110001011110110101011001001011011110111110010011110111010111001111000110000101110011011111100101110100101110111001110010110111111011001111110100110110010001111
1000000100000000000000000000001010010000000100001010000000011010001000010001110001001010110010000000101011111000000001011101101011000001111101001000111100111011110110000011000010101001100011100011010101101011010000001011111110101011111101100000101010001010
0010001110100100000000100100001000001011000010001000001011000111001100000000001111100101100111001000101111111110100110011000101010000110110001110011011111111011101001011100110011111011001110001111111100111011110101011110111000001110101101000110111011101111
0000001010100000000010000000000000001100100110010111110011100011110000000100110001001010100001010011101001010010100000001010101000110011101001101110011010111100000101001011010110101101001011100011110000011110010100001010010110111101011110110010011011110101
0000110000000000000010100000001000110001101000100011001101011100000001100101000010001111111101111010010000111101110111101111100010010011011101101111111100011110111111111100001011111001111001101010111011110011111011111010011011011000111001100011001111011111
0100000010000000000001001010000100001000110001000000001000110100010010110000111111001001111001000100001101110011000011100110010001111011010101011010101110000011001100000100101000000010010110101011010000111110101011000100110000101111110000111110100011001110
0001001110000000000100000001101110111000001010001111110011100010001001001111111010010000010000110011001010100100110101001101111010101001100001111000110110111111001001111110101111110111111100111111100010101111111101011110111011001111101110010111111100101101
1000011000000110000000000000000000000001100000010111000010000010000000100100111001000001001010000100100000111010100011101010100000010111101010111011100011000100001000101001100110111110011100011101111011001100111101000110100101011110011101001100011001111011
0000000000010000000100010010000110101011001001001000100011010100001010001100110011101101111110111001010010101110111100000001110110110011110111011001000011001111101011111011111001100001111011011010001000111111110110111110001001001110110011101010011111001100
0100010000000001000010100000010000100001001101000000000010101000110000000010101101100100100111000010011000110000001001000110101010010011101010101111100001100110111111101101011010101000001111000111011011111011110100010010010000011001011111111000100100111000
1100000000010000000100000000000100000100111000001101000000000000100000100010111110100101101111001110011010001110011011101001010011101101111111011111011100100010111010110110111110100011111100111100111101010001100111101111101111100110101100110101101111010101
1000001000000001000001010100000000100000000000000001000001010001000000100111000001110010111100110011101010010110110101111011001110111001101110101100111101000010100000000100000101001000110100100010000011011010111100011010100110010110010111111111101000101000
0000011001000110001011110010010100001000010010000101001101100100000011001100101001101101001010010110110000101101100110110101111011100000111111110111111111010110100101111011111011011011011111111100101010110011001110101010111110011011010101011110010011110110
1100000000010000000000011100000000010101010100010000000000001000000010011101000000100101000011011001000001010000010000011110010011011100111100110111010101110110111110101011111000001100101100001011000100110010100100001101000000111011101000001111111010110000
0000000000110010000000100100100111001110000010110010111010110011111010001010011011101111110100101110001010111011101110011110101011111000111011111100111011101010001111101110101111101110111101101001111110011111001111011100011111101111011001101110011111110110
1001000001010110000000000010011000100000000001100100011100100000010100101000000001010101101101000110000101101000101001111111001001001101011011011000111111000010101111001000111111111010101111001110111010001111111100110001101111001101111011101111110110101101
1000100100100000100000001000000010100011100100010000100000101000111010101001101011010101111001111001101011010100110011100010010001100010111011111101101000111111101101101000000101111111111010001100111110110011011111100110111101111111110110011110100101111101
1100000000001010000010001101100000000010110010001011000101010000100000010100001010111010001110010000011100011011010000010110000100011100001100100011001001100111101011101110100101100100100111001000110011001010001101001010101111000011010110001111101111011100
0011000000100010100000100000011101010010001010000010000010001010001100001001101000011000101100011010111000110000110110100101101110110101101110010111111001110111111001110111100101101101111100111010101100111101010110111111100111011011111101111110011111011111
1000000000010010110010010100100100010101000010000011010000010110010001101111110010001000010001110001110001111010101011010010001010101011011011000100001111011010110111001111101111100100110000010100010111001101111011101111100111111010101010111001101011100010
0000000000001000110010001000000110000011001000101011001011110001100100101100110000110011001110010111110111110101111001011110111010111111011010011001101110110111010011110001011101011111111111110100100110001000100111110001110111101111011101111111111111101110
0000101100001100110010000010011000010100001001000111010000101011010000100010011001101011011001001000011111111010000101111100101010111110101100001010001010101111111100010010110110110111100001111111011110110101010100100011011110010111110111101100111111001110
0000010000000010000000110010100101001000100101001110010011010010101000110100101011111011110001111101111110110010101111010000101101110110101101011111110111011110111111010011101101100110110111100101111010011111110111101100111100101011101100111011110110110111
1000000000000000000000000100001110000001100100000110001001000000000000000001100001000110100000011111001001011010011100111001001000100100101101010010101001100011011101100110100011000000111100101011101110100111001001101010101101101101101011001111001001100011
0000100010100001000000000010001000001100010001101100010011100000101011111101111111111010111110111101011000111011111111111111111011011100111110111110101101101100010100110110101111111011111111101110101101110100011111111101011100000001100110110111111011110011
1100010100100000100000101110000000010010101011010100000000101001111101010010000001101111001010101000010011100100111000010010111101001010011001010001010011111000101011100001100010010110010101000111011100111110110011101111101000011001000111111011110111110111
1110000000000110101101100100100100000000101010110100001110100101001010010001110001001111000011001111100100101101101100101101101011111101110111111110101011101111111011111001010110111010011110010001111101011111101100111111110111101110110110110101111111001011
1011001010100010010000001111111100000100010001101100001110001100011000010000011110000110011110100111111000110011110001100011100111110011001011100000001110011110100100111110111101011000111111110011111001000111111101110001000011011000101100100111111111110010
0000000010000100010001001000000000011100101001100001100110001110001100011011111111110010011000110111011101001111111010110000001110111111011011000011010010011011110111110110101011101110001111011010100011111111011011111110111111101110111111111111111111101101
1000001000000011001000000010010000000000100101010000110101010000100010000110001111011100101101111101001101101100011100111110100000101111100011100100101100100000010001010000110010111101000101110000111010111011011110011101010110100011100101110000101111101010
0000010000100000110101101000100000000010001000001011000110000000001000011000100110111001011101111011101010111110101111011110011100111110110111111011101110101011101110011010111110101011110111100011111110111111111111111010111100111101011010101111110111010011
1100000000000000000000000010101000000010010100000000110111011011101010100011100010011010111110001100100110011010110000101111001100110011001101110110000010001100011100010111111110001101010110011101101100110111110111110001011111101010001001111011010000011110
1010100110010000000000000101000110100110100001101000011001010000001000111100010011010101000011111010111111111010111110101111001111111001111001100101001011111110111100100011110111111110011011100110111111011110101101101101011001100100011010111101111011110110
1000000010000000010010001000000110011000000100000011000110110011101110000011000100100000001110100010000111010010000100010010011101000011010110111101110101010011011111101001000101110100001001000011000000110011111111111110000100011100111101010010101010001111
0000000000000001000101000000010011100001010000000000001101111101111110110010011111111001111101111000101110110110110000110011101011110111111011111101111101111111101101010001111100011000111010101010101010100100111110111111111011100101011111010111101101011011
1000000010001000000000001100111110011101100100101001010110000111100011010011100100111001101011101010010011101001010011101111110011100110100001100010011010101100011011111101000101001110100010100110111000101000001101011110101110100100111100111011100011011011
1001010000100111011100011110110001001000010010010010111110001001001100011011111111110100000110101111011111011110111111111100011011111100111111011100001110011001001111110011101101011010001011101011111101101111111111011010011111110110110011010111110111110001
1001101011000010000110000010011111000010001000100010001001000100101011010000001100010001011110011111110011000111011010011110111100101110111010110101000100110000011111111000001110101001000011100000101001101011110011110001100101100110110010111100101111111101
0000000000100000100000001100110000101001001001001010101110010111010110100011010111110011001111010001111010001111101001100001111011101111111011011011001110010111011111110111101101111111000001001110110111111010011011111010100111100011010111101011101111110111
0100000100000000000010010000000000010010010000000000001000000101001000100001100001100010011000011100011010001110101011010001111010000010111000100001100000110101111111101111111011001101111011101011000101010000111111111111111011010110011110101011101100111010
1000101000010010001000100010100001100111000001111001000010101010101110011110111010111101011101111101101010011101111011111110111100101100010111101101101111111110101011111111101001010010111011010010111011110101011010000010110111011100101011111110011110111111
1000000000101000011011001000000001000010100011101000001001100000010000001011110111001110111010110000100110111111100100000100111111110111100110110010001100010110110011110001001000101110111110000111111101001011011001011000001000100011001101011000111110011001
0010011000001000000000001000000001101000000101101100000110100111011010111001011111101101111111101011100010111101111110011111111101110001010111110101011110010111111110000110111100011001001001100010110111101110111111101110011000010111111101110111110110111000
0000000000000001100000001000000010100101000010001000100000100000100000000111111010101010000010001000000010011110010011100101100011000110001101111101101011001001101111110111111010001011100100110010111111101000001101111111000011101000010010001111110110100000
1010000000010001111100000001111100111100111011010011011000000000111010010011010110100111101101111010000111001111110111111111110111001101110010110111110101001111011111000110101111000110111110111100111110111101001011000000111111111011100110011101011011111011
1000000010000001000000000000000001000100010000100100000001011000000110001001010010101000011111011110111100110101001101101000011011011110000010001011100111011101101101110100101101110110111101100101100111100111101101101100011010010110010100111010111011011101
1100000000000110001100000010010000000011000010000111011010011011100001101011110110110011101010111011011010111111110011010101110101101110101101010011111011001011111110111111111101110111111011011111101000111101110110111011011110111011011101111111110011111001
1001001000011000001001000101001000001001111101010000000001001010011011011111001010110010101011001110111001001111110101101001110010111100010001011010101000011110110011101001110110100011011000011010111100111111001111000011001100001100000101101101010011111011
1000100000110010000000001000000000100000111001011000001010100010101010110101111110001000111110101111111011011111101011100000111110011101111110001001001001100110010010011111111111111101101111011111111001100111101100001110011011111111011110011101101110100011
1000000000001011001100100010110111010100001000001000001011000010111001000110111010110100101001011111100100101001001011010101111011101111000101100110111110011111111000111011011111011010010101011111101110011011001001100101111010111011111110101000000001101010
0001000000010011011000000100000001100100001000110001110000100100011101011111010111100110101001110011111111111111011110110111101011101011111111111110111110101001001111011110111101110010010000101101110111101101110111110111111101101001100111111110101111101011
0000010000000100001000000000000111100000001100001000101010000010101001100100110100100001011010101110000010100011101100110001110000100111111010111101000011110011111101111001001011111100111011100011010110001111001100000011010010110101001010110010000111110001
0000000010101000011011000010111000011100100011011100000001111111111010110011101011101111111011111111101110111111001010011000100111100111011010011101101111111100111000100111101010011101011011111000110111111111111110101111111111001111110110101110110110101110
1100001000011000000001100100000010100110101111000100001101010001011000111000111001011111011100011110101111110000010110001111101011100010100100011110010101010001011001111101110110001001000100011111110000011100101001101010100001001001110011111011111111111100
1100010000010110011010000000001001000001101010000010101010011100111011101111011010111011000111110101101011011011101000100101111001100111011111110101100101111100100000100101001101111111010110111000111111011111111110001111011111111110101110101110101111101011
1001000000001010010010100111101111010010001000110000101111011110010010000011111010101110111011101001110111110011110111000110011010110000011101100110101000110101110111111011010000011101010011011010111011000111101111011001110111000011111011100110001101101111
1001000000100100001011000101010100110010111001001001110110011010110001001111101101001101111011101010101110001011011011101101011110001110011110101111111010010111111110111111110111111010011101111111001011100111111111111101100110101011101100111111101000101010
0000010100000100000100000011000110001001011000001100000100100011011010000111101100111101010001101011110110100110100011111001110100111000010000001111011111011010100001001001001101100110110011010001100011100110111010111101011110001001010001110110111010101110
0000000011100000001000001100110111010110100110110001100010000000000011111010101111111110101110011011111101101000111101111111110111111010010110111111111110100111011101111111111111111011001111111111101011111010110011011011111001110011101011111111011111111111
1000010011000000000000000011101000011000000000001000010000001010011000101011111111001001100010011101010001001000101001010100111010010101100101101110111010111110010010000010110011010011111111001110110011000010011111000111101110010101011100011010101011010000
0101001000001010010100100011100001001010000101000000001101011010001011111010111111001011101110111110101111101001110010001011101110100010111000111010100100010001011111010011111110111011111111010011101011101011111111100110101110001111110000011011011010011111
0000000000110010000000000001001001100001101000001100000000110100101110110111100110000100111000101110110011111001110101111000111111011010010001111010101010101011011100101010111000001110001010110010000101001110001000111101111011100110011011001000101110010011
0010111110011000000101101100000000010100101100101000000000111111001001101110101101110111011111111111010011111111101110110110101111000010010011111111111111111110111110011111100110001011101110111101110111001111100010101011111101101011110011101110100110001101
1000000000000100010100000001000000000000010010111000001000101001000101110010110111001001110010000100100010011101100001110010100000001111101010010101101100011000111111100010000101100111010101111111000010111101101111100000000011111001101110010010111011011101
1001110000001000100000011000001000110000011000101110110010100101111011111000001010011011010010111110111110011010111101011001111011100001100011101111110101010111011111110100010111011101110110001110110011101101110100100111101010011111111001111111001111001000
1000000010100100000011000010010000100100001000000001000011001100010101101111001010000111000111100100000000100000101011111111110110101010001001010110010011111110101110100011010110101110001010001011101111100100111000001111001100010001011000001101111101101000
0000100100001011000000100110100011001101100001100101101101011000110110111101011110111111111111110011111111111010111011100101011111101111111010111111001111100111001011010010100101011110001011010111110101011011111111101111101111111101010110110111111101101111
0000000001010100001000010010111010100010111100110001110000000000110101101100101010011111111101100101111000111110011011111111001011001101000101110101010011110111101011010000110000000000110110001010100101111011111110110011010110111000100010111010100011101101
1000000000100100110000011010010001100111001010111101111011101111111001111110111010001110011011001110011110101110101001110010001100110000111110111010001001111110111011101101101011111111111110101011111100100111110101111011000010011100110101111100111111111110
1000000001000000000000000100100000101100100011011000010010100000011110001110000010110110000101011011101001110000010001100010101111110011000110100110011110101010010001011010010101011010111110001110101111011000001100001100010101100110001010101010101010000001
0000000000010000000000001100001010101111110110010010010010111010101100101011001111101101011110111001111010111011100111101111100110111100110111111000011110010101101011111001001111111111101110110011111111111011101011101111011011110111100010111000111111000110
0000000010000101000001100100100001000100010000000100011100101100001000110011000111011000001001110110001100111110100101011111101000101010011010110000111011110001110010101111011111101000110111010010100111101011010100010001010001001010101110100000010111101101
1000001011000011100111000110100000111000100111011110111011100011001010101110011010111101110111111111111010001110111011101111101111110011011011111011011101100111101001010010110111111111111110111111111111110100111111111111111101111111100111101010111101101111
1010000001010100000001000010001111101100011111101010110001011110001000100001001000101101110100010001010011001011001111111011111000100010011110010000101000011011001111011110110000011010101111010010110111011011010001001101100100110111100101001100110010011111
0000011000010001100000000101000100100000011001100010010010100111000010101110001101111111001011101111110011110110111011111011001011100110010111101011111100100001011111111001110111111111110111111111011111110000111110110100011011101111110100110111110111100011
1000000000000010001100100000010000001100010101010000111100110100110100101011000000000011101010101011101001101100011101001100011010101000001010100110111011001110011010110110000101010000101011101010101000010111111000110010001100010010100101010010111000101111
1000111000000010000010001101111000001101000110101011011000001001101000110100100011101101100101111011111010111100011111100001110011001011101111111100111111001001010011010111100111110011101010110111101001011111101110100110001010111111101111001110100011101111
1100010010000100000000000011001000010000000100010100001100010011011001100100011000101001001110010110110010010110111110010010000010101100111000101010000111100110001110001101010101110100000110111111100010010010100110010011000111111111011101101010010010101101
0001100110000000000111001100000100000011100110001000110011011111011111110101101101111100100001001010101001011010101101011101001111011011011101111110011010111011011111101001111010010111111110101011111011101101111011110101100111111011111111111011000111101011
1000100000000000100001000010000000101000000000011100101011110000101101001000011011010010100100101011001011100110001001111010101011011010000000111011101101111111011011101111001010101010100011100100101000101011011010101010001100100010110100011101010011101110
0100010000000000101100001001000010101101101001101100111101000001101011000110001000010010111100001111111001101010001000101011111011110011011110101000100111100011101101111010101101100011100111111111010111101011111110111110110111111100101100111010110101101111
1100000001001001001000010010010010111100001110100100010101111000011010011110100000000101010001011111010110100101000100011000101100011111111010110111001101111010011110001110011011010001001000111011101110111001010100011111000011110010010001111100011110000010
0000010110001000110011001000011101000110101100100101010110110110000100110011110010110111111100011110011011011011011010101010001111111111011111110111000111111101101111111001111011011001111011111110101101111111111110010111111110111110111111011011101010101111
1100000000010110000010000010100000000000000011000011000001100101000011101100110000000101110111111011000011101110011110000001100101000111100111001001011011111100111011101000001001010011001100001101011001111110010100001011101110010010011110111000101011111111
0010000001001010100010010001000101000101111001000101011111110111001100110110101010110000101111010001111001110000111001011000101100100111010111101101001011111111111110101111111011110011101011101111000111111011101111101110111100110110011110101110111110101110
1100010000000101100001000010100000001000011000001101100000110011000011110110110011110101110010011011111101001000111000111111100101100001001011110000010100101110001011010101011100100001110101101110010110011110110000100100110110011010000011000010010010001001
0010100000000000001000110100010000001010010001010100100110100110011111100001110110001011111001111111001110110111101011100101101101111100101101110001100101010111110001011011111111111010011011011111101000110011001110011001101111101110111111111011111111011110
1001001000000100000001000001001100110000111001001010010001101010000000111111100011111011000100011111101001110011001001000101011101000001111011011101101110100101011011101010000010000000100001110000001000111001000110101000010011010101000010100011011000001101
0100110000011000000001010010110001110010101001010001000000011010111111111111110110101111011011101111110110110001111011100100101100110110100110100101000101001100100110111011101011101110111111111011011100110110011111111101101111001001011111110111101111011111
1100100000000000001100001110001000110110101000100000100000101010010110111110100001111111100101101101100011001000101100111111000111111100001101001100010110011110100011101011110101111100001110111100011000111101011010011000001010001001000100011101111011101011
0011000011000001001000100100000111100110001000101100100010111110111000110101110100111110011100010000011111111010010101011010111110011110010110000111111100011101110111111110101100110010011111110010001111111111101011101111101110101110111010101111111011100100
0000000010000000000100000001101001001000000000100000100000001110000010001001010010001000101101110101001010010001101111111110111011101010010100000000001001101000110000101101110011110001101011011010010000101000010100010001110010010010111000101111101010100001
1000001000100010010000001100100000000011101100001010010011111111101110111111010010101001010110000011111010111110011000111110101011111010101100011100101100101001101101100111001011111111100010011000111110101111111010111110100110110110110110111110111111010111
1011010000000000000010000110111111000000000100000011110000100110001110010111110000111100101100101110111001001111001101010001101101011011111001111111001010001001111000001110100101011010110100110011000011011111010110011110101010110100001100000000001001011100
0000001010011010111010000000100000001100101000101001110100011101101110111001111111100111001110111010101110011111111101111110101100111000101111111111001111111111111011101100111001111110111111101011111010011101010011111001011000010110101011111100110111101111
0000000010100000010100010001000001100000000100011100000000000100101111100111101111001011100100101101100111010011101011101100010010001001010001000001010101101101100000111011110111010100101001010111111110110110101010100011110010001010110110111000010100111100
0001001000000001010100111110001001011100001000010001110110111011100110001000001001011001110111111111111001011011111011111111110010010001110111000110111100110111111110001001100110111011101010111101111110101001111111010101100111111111111110110111101111101111
0000000000001000010000000110101010000001100000000111000100000001101110101101011110101010101001010111101010101011111111011110000101101001100001010100001101011101111001100110000101100101101111100110101011100111010011111010110011001000101111110001100101101101
0000111100010110000000001100001000010010011110111011011110110010101000110101000010111011111111011010111111110011011111111010111010001101011010001111111111101010111110101010011111110011011111001111111111110110011001011010110011010011100110011111011111100001
0000000011000101010001001100000001100000100010001011101001011010010011001111101010000110101111101101010101001111111111111111100101011000111011110010110111100110010010101001011111011111101000101010100100101111100111001001001010110011101111111010111011101101
0000110110100100101000001000001000011000011010101000101100001010011000110111101011110110111111101110011000111110111011101111111010010001111110111101111101100010100110110110110110111010111011111111011011010110101111111110001101111011011110111100110001100110
1001000001001000010010001000000000010011010010000101101000011101100101011000010101101100110110011101001010110101110011001000101100111111111001111111101000010111011100100001011000101000100000101000000010111100101010110000111000011001000101010010110100011110
0000000010010000110101010110000010101110111111111000100111111100001101111011011011010100011101011000111000101100110110111110001111101011111111001111111111111110001111100111001111110101000111111010010010011101111111111100101110111101101111111011111111111001
1000100000001011010000110000100000001011000001001000011010001001110111011011110001101101010011011110100111000111011000010000001010101000011000111100101110011110111001110010110011101111111000101110111111111101111110001111010101111000011000111001100110001101
0010100100000100100001100100001000010000010000010000110010010010001100101010101011011011110000101111110110001001111100011110111000111111110111010111100101111110001101111110111010011100101111011101000111110100111011001010111111111111111010111101111011110111
1001100000000000100000000000000010000010110010100011000010000111000100000010110111100111011001101110111100001111110010000011101111110100101011011111111000011111100001001000111101000011010111100110010111001010111110100101011000011010110001110011110010101000
0000001000010100101010001000011001100000010101011110010010101000000110000001111010101111111110110101011101101110110101011111111010101011110111011001110101011010010011111101011011101111110000110111111111111111111010110111100111110010110111010111111010011111
0000000101100001000000001000000101100000000100000001110000001001110011100011000000000111011011101100001001010100010101100100101011111000010101101010101100110010010111111110011110001000110000101010110101111100101011010100100110000001101000010100110000011110
1000001000001101000100001001011000010000011010100000011011010100101000010000101101010111111111111011110111111101100011111111101001101101111011111101100111110011111101111000100011111010111011111111110111101010111111001010011000111111101100110101010001111101
1001001100000010101110000000010010100100001101001100100010001001001100110110111011011110011001011010001011111000000010101001101101101010000000010100010000000100000010111101101100011101101111110100011011101010010101101010111110001111100101000110000000011011
0000000000001000101110010010000010110100000111001110001010000110100111001010001100011110101011101011001110111111110101101011110110111011011111111100110111000111010111111001010011011111111111111001110001111111000010111111110100101111101111101011111001010110
1000100000010011000110011000100010001000010100101000010110110100010000001001011111001001100111101110011110101001000010011001011100110011010000001100010011011101001111000100010101110010101101010111110111011101100011001111100011011111010011100110010011011100
1000000001000000000001100110101001001001001001011111000100011010111010111111001111100001111110100110011111110110111111001111111010111010101010110011000010101011111011110011110011110101111110001101011011110100001011111111111011111111101011101110110010101011
1001100001111111100001000000000000110000010010100101100010011100010111100100101010010111100101100101000100111110010110110111001111011100110011001100011101001111101100111111011011011110110000111110111101010110000010110111011000110111111000110110011000000100
1100000100000001100011010010001000001100100100011100110001111001000000011101111110111101101001101111101110000111111010101011111111101010011111111011100100100110010010111011101111101101011011111011010111111111011111011111000001011111101010111100111011111011
1000000000100001000000000010011000100000000100111010101001010000100101100100101010100000001010111100001000000100001110100101011001110000100010011111100110010011000110010101010011110100110101111010101010110010100110011101111000111011110010101011111011000010
1000000000001000010100000001100110000100111100101000000101111010101101110110100000011111101111111010001111000100110011110110101101111111010111111001111111110010111110111100101011111110100010111011011110110001110111111101111011111110111010110011111101110111
1100001010000010100000010000001010010010010001110001000110100001011101000010111001110110010001101011001001001101111010111011111011110011010110111011011101100011110000100011010101011100011010101000011110001010001111001101001101010111011101100100111000001110
0011001010000010100001100000001010000000100000010100010100010000100001000001110000101010111000011010110100101100111110111011110000111010101110111010111110110111111111111010110001100110111111111100110010110011111010101011111010111110001111011011111110011110
1000000000000000100000101001000010100111001110111000110111010110100110000000000011010010111011110100010101111110011111111000001001000100101011110101000010101111010001100001110111000001111101101000110011001111111011001110111100101111110011111001111010010000
0000001000001000011001000010110010001101000000000000110101000110100011000010001010011000111010100111110110010101001100111110110111111011110110011111111111100010111001101111111111110101111111101111111000101101111101111101011011101110001110111111111101111110
1010000000000010000010001000100000000100100000010110100010101011100010110010000000101000010000000001010001110011010111100000100001011101000100000101110110110101000110110111011011111000111101100100111110000101111100101010011001100110011101100001101001101001
0001000000000001010000100001100010000010000100001010111010001010110010111001111010110001101011111001111101111001110001110110000111111011011110101001101110111111111101101101101111101011000111100110111110100001101111101110101111101110111111011011101010111110
1000010000000000001000100001000010000011000000010000010110100000011100000100010110101101001110110110000010111100101110110001100101111001111111101110000111010011100110000101000111110110110110100011011011101110011011000011010110101000010111100001111111010111
0000000000000110100000000101010010111010000000111100010101101010011010110000101100110000010101100111111111111001101110111011011001111111011111101111111111010011111111101110111111101010111011110110111111011001100111111111111011010001111111101011011011101110
0100000000010100000010000001100010100100010001100000010000110101000001010100100101001000000010001110111010100010100111001010010101111100000111011100000111011100000100000010101111101011101011100111111000101111100111110000110011001110011100101011000010100010
0000000100101000000000000101100001000000001001010001000100011100011110101011010000000111010111111001111011111111110110010111101100101010001110000010011001101111111111011110111111011111101111111111101000111100110111111111100010011110011110111111111001011011
1000000000000001000100000001110000010000010101000000000000100000010110001100010000001100001000011101100111010101110010001011001011110010110111011100000010011100011111001110000000010010011010110110011101111110000011111110010100011110001011111001110010000110
1000100000010010100001000000110110011000110001010000011011010001000101101111100010011101111100011011010111111101110111111101111010111101111111110111110110110011010110101111011110101001101011111100011110100111011011001111101111110001110111111001111011111000
1000000110000010001010001000000000100001000001110001011111001001101100101110100101011001111100001101000110110011101001111011000001001011111110011011011101011010001001001110001010101100010011101101101010101111011100101000011000101100111111110001010010011100
0000000100000000000000000001110000000111000010100000000100011011101010010111110011010011101110101111111001011010001011101111110101110001101111101111101011101111000111111011001110001001101001101101101010111001010111111101111101101000101111011110001011111010
1010000100001100001110000110100000000011101000100000001100100100000000101000001011001000100101001101100011100011000000100100111111110111111001111111010010001100011100101101001110100000110001001010001111100110100010010110111110101001111001011101111001111110
0000000000010001000010110000001000100110100100000100101100001011001110110111001101001000000111001111111000010011111010101011111000111000110111110110110000011011111101110011110110101011111001100001010111111010111101101000110111111101111101011101111111101001
1000000000010100111000000101100000100001101000101000010100100110010010111111010000111001101101100101100000110011001101001101100010001110001111110010010010000111010011110101000011110000111010000010011100101000110001000110100100110110000010001010010110001100
1100010110000100000010101110000000010010100000001000001111100111100000000011000000111110011000111111001110100010111110111001101111110111110111110001001011110001111111101110110111111110111011111111101111111101011111101101100101001111010011111111111111101010
1000100100100101100000000000000010000000100000000100010100010001110000001011111100100010100011000101011001100001110010010010101110011111010001010011101110011010101100101001101011100000011111111011100101001110100110110110011111101110111010111000000101001000
1000010100000000010000000101000001000100011000011100000101100010110110101101110001001011001100011111001001100100011111111101110111111111011011011011111111000111110111111110111001100011111011100011110110101000100111001110101101100000110111111011101001111111
1100000000010100001100001000110100000000111000010001100000100000011100000111011100010111000111001000011111000101001011001011101110011010001010000001110011110011001111110000011011011000111111010111110010101000111000111111110111010111010111011000110010001001
0001000000000000001100100010010000010110100001010001101101011110010110000001101011111011101001001111111111011111000011111111111100100101101101111000101110011110111111111010011100101000111111011010001111101111111100101101011111101010111010111111011011111111
1000010000000001010000000100000001010001000001010010000001000001100000000000000101010010110101100001100010011110101110100001111001100000101110110111110000110000001100100010111101110110010100000000011011111011011001111001101011100010010110001111110001010011
0000110100100000000000010000101000010010001010001010001011100100111010001101111010010010101111011011110010011110101010001111100011111111110000111111101001011100011111010110111111110010111101111111010100101100111111101101101111010010101011010011111001011111
1000000000011000000000000010010100010101100001011010000111000010001000100000000011101011001011011010100100111011100111101101011111100010111000001100011011111101111000101110100001010110001010110110111101001110000111101110001100010010100100100000101111011001
0000011100100001100000001011000010100000001000101100100011100100101000101100101000101111011110101011111111111101111111111110110111110101011011101110101001110111111111101011101101011111000011011000111111010110011110111110111010111011101100111111011111101010
1011000000001000000100000000110000000110001000011000011101100010010000000111011100110000101010000000110000100011100100001010100000111110100110101011100100101111010100100000110111001110000010011010010010110100101111001010110001100001001111110111001111001010
1000000100000000001001110000100100001100101010100001010000001000011000010010011000000000111010011011010101110011101000011000101111010001110111111010011010000101010101110111101010101011110001111111111110111100001010001111001110100111110011110110011011010010
0000001010000100001110000000011110101000010011000011010110100110000000001010000000100000100100000001110001111100111111110010111000100101110010110101110011001110011001001110110011000110110110111010010001110010001011010110010001101001100001101010001000000011
0001010000000010000000000000000100101001100100000000110010011100001100100010101111100111001001111110111111101001000011111100001100110110111110100110111001001111111110001111101100110101100011110111111001111011011110111011111001101111111110111100101001101110
0000000010000100000000000000000001101011001011100100000001000000011011001000110000000100111011010110010110110101101111101010001000110001000001011001101111101101110000110000000101000110000100111001111101001111000110101101111111111011011111011010100000000010
0000000000001000110000001000000000010010101010000100010000000010100010000010110101000100111101110110010011111010111111010111100001011101110011001011111111111111111110111111001011000101111010100011101101101100011110101111101110110101010111100011010011111110
1000000000000000110010000000000000000100011111000000101011001010010110010000000001100100000001100100110010100001100000000101000000111000000010101001000100001111111111111011101100011111011010010001011010011110001101010111101001110101101000111001110100010110
0010010000001000100010010000110001001000101000000010011101101010011000010010000010010100111011100111110101111111110010011110101111001110100111010110111001010111111111101100111100011011001010011101110010010110011111110111011101101100110011111111111101101011
1000000000000010000000001001010000101001000101000001000011000010100010100111010010101000000010101100001100100101001010010010011001010001101011100010011111001101110110011111011110011101010011111000000001000100101001100110110001100111011000100100000010111000
1000000000100110000000010100000000100000101011011000000001110001000001100110000101100011010010100111110010100111111100110111111101100111111110011110111001111111100010101000111101010011101011010010111011111110111110110111111010101010111111101111101010010001
0000001000000011001010010000000010000000101010000000010100010100001100111010100011000101000110111111111100000000110011111011000101011100000101101100100100001010001101100111111001110101010110011101001100010111111000110101100011100100110110101011100111100011
0000000000000000100010000100000101110100010010100000100111010110011010110110001000100100110110101100110000010000011111111001111010010000011011111111111101001101111101110000011110101011110110101100111111111101011011010100001111111110111101011000000101011010
0010000010001000100000010010001010101100000101000000000000100001100000000000010001100110001100011001110001010100100001001100111111100101110010101011000010001000000010110011010001001011111111000100011001111100001011100111101000101000101001001100111111110010
1000000000010000000010010010100010000110011010101010001001000001111010100100101000101001001101001111001011011111111110100110110111001011111111101101100000111010001000000100001110111110100010100011111011111011111010110001111011000100111010100111010111010111
1000001000100010000000010010001010000010000000010110000000100001000010000100100100001110010000100011010000011010101010001101001000111000001111111000100000010111000010011101100001001110111011101010110000010000111101010010001010100000101110001101100000110011
0001000100100011010000010000000010100000101110000101000110001110000101101110000110001001101111111011001010100000110001000010111010011111110111111011111001101111111111000111001110101111011100100101010000111100100110110100111111001111111111111010111010101000
0000001000001010000000010001000001000100011110000100001110010010000111010011000001110000100000100010100001100011100010100011001101010000000001011001111011000111110001011011000100101001011110000100101111011111010101111011101110100010110101011111010010011110
1010010010001010100000001000000010000000100100100000010000000100101001010010010110000010000000010000111011111111100111111011101011100011001110110000111101111110010111111110010111111010101110011011101010111011111010100101111010101111001001101101010000111101
0000000000100000001010000001000001000000100001111000000000010101000110100100000111100111000101011001000100011010010110100001010100111010010111101011100110010001000101010010000100101100100101111101110110010000011000001010100001100111000000100011001101101000
1110010100101000010001001000101001000000010000001001000110001010011010000011110110000000011001111111000010111010000100010011100010111010011011001101011111111001010011001111000011111110010000101010111011101000010011001111111010011011110111011011000001001011
1001000010000000000000000000010100100000000000000001000010000000000000101000000001111000101001100001001000101001100001001111001110100100000111011000110001010110101111111101111100110000100101110010101011110010010001110111110000000000000010101100101111000110
1000000000010000010000000100101100000000000011000100000100000000011001010001010101000101101010110100010101101101110110110001111001011110001010010001111010011000111011011111011101111001001011100111011010111110111111111010100100100111111111110101101011001000
1000000000000000000001000000010000000000101000000000001000100101000010110000110110100000001101010010011010100100001110110011010101000001000100101110100110100010100011001111100110101001110001100001000011011100111101010010100011010001110101111100111101101000
0000001010000010000010000000001001000010100101110001100000101100000000111001000000001010001011101100011100100011110101100111010001011010010011110111001111111111101001101111000111110011101111111110101010000011111111100111110011010011110001111100100111101000
1000000000000000000000001000001000000000000100000010100000000011100100100001000000000110110001100011011000001100100110101111011100100000101100101110010001101010010001110111101110010001111001101101000011101000110011101011110111001001001110010110100111110110
1000001000000000000011000101000000000101100000000110100100100110000000110100101100001011010011101101000000010010110011011110000000100001111111010001000110100011011001011110101111101111101011100100111110101111101110111100100101111111101111011111010011101110
1000010000000000000000000000000000001011000001000100101010110000010110010010100101001111100000000100100010001001000100001100110000100100111001000011111010100010110001100111101011011111110001110001100010001001111110001011001101011110101010111010000010010110
0000001100000000000000010001000001100001000000101000001000010100011001111000001000011111100000000111101110001111110001011111100110101011110100001101011111110001101101111010110000111111010111000010100111111111101001111011011110001110111100111101100100110010
0000010010010000000000100000000000000100100110001000011000010001110010001100000011010011100000000011100111101110000001010110000000101111110100011001010001010000100000100011111000010011100001110011000000000101100001001010011111000101011111010011101001110110
1000000000000100000010100010011110010010000000000110100000010100010011000000010001001100001011101011001111000110001100011111001010101111001010011101010011001101101100000010100111010010010110010000111111110101100011011011010101001011010010011110111010001111
1000001000000001000101010001000000010111000101001010000001000101100000001100010000010000100001011100000010000101010011111111111010111100111010010110001000010010100110011101011000110001101001000101101110111110001110111110101100000011010000110000100111001000
0000000011000000001000001000010000001101100001000100000000011010100100110001010000110001100110100101011101111011010111010111001001100110110111110111101111011101001101011111101110001101011110111000100111110111110010101110111001111010111110011110101101110101
1000000000000001000000000000000010000000010000001000010000100000100000000100010111010010010010010011111000100010111000001001100001000011100001010101001010011011111011100110111100000111110011001110100010000010001101111010000000111000010100011111001110010011
0000000000000000000000000000001100000000000100110101110100100000000010010100000000110100000100000000011110000000100000110100101101010010010011111100111110011011111101100101001001101110111011110111111011010111100100110100111011111010100001110000001111000011
1000000010010000000000000100000000010010100011000000010001001000000000000000100000010110100010000111000000100001111000100000100010011111100011110001011010001100100010101111100000000111000011000001000000111011110110100000001011110100111001100000011100101000
0000000101000000000000100001010000011010000010000000001000101000000000100000000000101101100001110010001110011101011001100010111000001100000001011101011110110111000110011110100110011111011010110001110000101101010111111001011001000110110011011110111111011001
1010000100000000000000000010011000100000000100100100000000110011010011100000000010000000001010010010001101110000110001010001010111100111111111011110111001010100111101100100001111000001010110010101000011010110001101101100000011000011011100001101100100001111
0000100000000100000000000000000000000000100000100000110000010100000010011101111000000001110001001011100000000001001101111000011001101000101101101001101110111101101000001001001111100111111101010101100111101100010111100011100101101100011011110010101101101101
1000000101101000000001000000000100001000100001000001000010011100010110100100100001000110011100110100000000001000001000001000110000000000011010001011100100010001100100010010001001100101001111011010100110101101001000110001000000011000110000001110010011011000
0000000110010000000001000010000011100110000001001000000100001010010100100101000010011101000100101110101111100011001001010000011111011000000010010011110111011011111111111110111100100011111001001111111001111101011010101011010010010010110001111110010011011010
0000000000000000000000000010000000000000001000010000001101000000000011001110000100001100110001000100000000011000100000000101110000010000010100000111110100010110100011001001000000000111011010011110110000100010101101001010100010011001010110100110010000111001
0001100000010000000010000000000000010000001100010000101001101000000010000001010010100000101000111010001101011010001001011100001001001101101001001011011011100111111100010001011100001111010001000111111011111110011110000011011010110110100111000000000001011110
1000000000001000010001101000000100000000000000001100000100001000000000011010000000000000100010000001000111000001111000000000000010100001100010001110100001101110000100100100000111010001101010011101011100101001001001110011010111100000100001000100100001100001
0000000000000001000000000000000000010001100000100000110011111010000000000000111011110111100000010011111010010100100011001111101101000000011001111010110100010011101000100111100111100110001110101111101011111001101111100000110011111100000111011001001110010001
1000000000000000100000000100010100010001001000100000100010000000011000000000000000000000110110010000000000000000000000010001101000001010110100000100111110010011110110011110010110111000001010100010110001101010110000000000011000000100001111010000010100000001
1000100100010000000000000001100000001010001000000010001010100110010100100000010001010111011110000000100010101010101110111011011010111110111101010000110011010101101100111100111110111101111001110100000100011111111101100101010010101010011101101111010101111100
1000000000001000000101000000000100000000000000000010000000000001100000100000111000010000000000000000100010010000000000100010110000010001011001100000001000000000111000001100000111001000011100010111010001110001000000011011101011110000100001110001001010111100
0000000010000000000000000000100010010100010110000000000101001010000000100001011111000001001010100110000100000001011010001100101001000011100111000001101001001010010011001010110111000011100000100011101101001110101001010100000001101000111000111111000100110001
0000000101000000000000011000101001000001001000100000000000010010000100000000110100110000000101010011101100100100000000000011001101000001110100000011110100001010110110010011011000101000101100010101001001100001001000011010100100000000000000110110100010110000
1100000000000000001001000000001000000000010000000010000001001000000101000010010010110010100000000011100110101111011110110110100010011100111011000011000111011111011110010010100010100010110011100100001001010001100000001010001111011000101110001010101001011000
0010100001000001000000000000000000010001000000100010101000000000000001000101000010000000000000101000000000010000011011010011010010100000001000010101000111100100010111010000000111010000110000100011001000001000111111000110111000100001100000010000110001010000
0000011010100000000010001100011010000111000010000000001010101010010010011000000000011101100000010001001001010001011000101011011010101110000011110111110101101111111001100000011110010010111100000010001110111011000101100111110101110110000101111000001001111111
1001000000001001001110000100000000000000000000001001000000000001000000010010011000010010000000001100101000000000100000010000000001000000000000100111001000011010110010101000101101000100010110100010011001110101100001101010011000011000100101011010000000100000
0000000000000000000000000000001010100000010100000000000100000101100000000001000000001010010000000001101000011000010011001111001100110001011111100010101000010011110101100111001001000010110110000001001100011000011100001000101011011011100101100001000001101111
0000000000000000000011000100000010000000000010100010011010000000000000010000000000000000010010000000100100100001100001100111010011110011101011010011101011001001000000000000000010110001001011011000000001000001101110100010110000000110110100001010000000101001
0001000000000001000000000001101000101000000000000010000000100000010000101001000100101100101100110110000010001000001100100000100010011000001000100100011001001000111000001111010001000110000001000111010111000011101111000000100100011010100111010100001101100000
1000000000000000000000000000000000010000000100000000010100100000000000000001000010001001000110011010001010000000100000000101010000101010011111110000010010010101000101111100110000101001100010000001000010000011000010000000000100001000010001100001101100000000
0000000000010000000000011010000000001000000000001010000010101000110000000000000010110000001011000001010001100110001000110010010101100001001011101110001100001000011000000101101000101100000101000111111001001011001110001011011110001001100001000111000011000000
1000000000000010100000000000010000000000101000000100001010101000100000001000010000000110001000001110001100001110000000101001010011100000101010000101000000000101001001000000000000010100011001001010001101100110111001111110010100001001101001101001001000000010
0000100000000000000000011000000001011000000000000000000010000000100000000000000001010000000000000010001011100111100000001000000001000000110110000001000001001000011100100100110101011010110101100110010000101011000111101111110001011000101001000001000000000000
0001100000000100000000100000000000000000000010100100010100010110010010100110000010000000011001001000101000010000000000110001000000000001001010000000000000010000001010000100001100000011001111000010001101010100100100000100100000110000000000100110100000000000
0000000000000000000000000010000000000000000000110000000000000000100000010001000000100000000000010000100000000101100001100111000101000101101101000010100010111000011100100001100110101110010100100110000101101001100100001010100010001010101110011110100000001010
1000000010000000000001000000000000000000000001000000000000001000010100000100100100000100000110100000001010010100000000100110110100100100100010100000000011001000011001010001011010110101000011110001000010000000011011100100001010110010010000000001000101010010
0001000000000010100000000001000000000000000000101000010000000010000100100101000000000000011000000000101100100111100100011100001000010001010110000101001010001000010010011101110101000110000000000001010001000110000101110011000010000000101100110000101100000001
0000001000000000000000001000000000011010010000001000000000000000000100000000011011100000000110000110101000000001010001101110000001000101110000000101000110000000011010010100001001100100001000010001000000000100101100000100000110000000000001101000000100000000
0000000010000000000000000000000100100000000000000000000000000000000100010000000000100010000101011001100000100000010000000000000010001100101000001110100010100011000000010100000111100100001000011101001000101110100100100001011101111000001010100100011110000110
0000000000100000000010000000000000000000110001000000000000000000000100000100010000000100010000100011100000000000110000000101110110100000000011010011100100000100000001000010000000100010010001000100100100010101110010010010000110000011011111000000100011000100
0000010000000000000001000010000000000110000000000110000100001010000000100000101110010100101000000111111001010100001000110000000110101000000000010001101010011001001100010100100110001000000110001110111000100101010101110111110000010101000011001000110101011000
1000001000000010000000000000000000001000100010000010000000001000100000010000011000000000000100010000110000000000001000001000000011100001001000001000000000101111000000000101001000000100110001001000001001000000000110100100010010010001011000000100101000110010
0000001010000000000001000000000000100010000001000000000000000000001100000000000010010011000110000000010010001001001000000000001101000101110010101111000000001010001111011100001000000000000000100010001011100110000110010001100101010111000000001101010000011101
0100001000000000101000100000000001000000000001000000100000000000000000100100010010001010111000001000000000000010000011000000000010100010010100010100100000110011000000001001110000000000001100110010110010000111000000100000011100001000010000000000101000010001
0000100000000100000010000000000001100011000100001000000000001010000000011001000110001010001001010001010010110101000001010000110000000100000100000110011000001111000100100100100101000110001010000100010101001000100010010110000010100001000000100000001000010010
0010000010000010000000010000000010000000010000000011000000101000010000000000110001010000000100010001000111001000010000001100000111001000100000101010100100110010000110000010100000010000001001000100000000101000100010100000000011000010011001011000100000000000
0100000000100000000100000001000000001000010000000001000000010000000001010001000000101000000000010100001100110000000000010000000111010001000010000000110101001000100001011000011101000101000110001100101000001000010001000001010100010010101010001101011001000000
0000000000000010000100000000000100000000000100001000000000000000010000100000011000000010000000001000101001000010110000000010000001000000001101000001001000000101010000001001000100010000000000100000101010011000101000101110000101000000000001100000001001100000
0010000000000000000000000000000000100010000000001001000000000000010100000001000000101001000101100000100100010010000000001000101010000100100100111100000011010000000000011001000000000010011000110000101011100100001010001101010000000010100000100110100000000100
1100000000000000000000001000000000000001000000000000010010000000000000001000010100000000100000000100010000011011001000000000000010011000110000010001000000000001000000000001100010010000010010000010000110100000000000110000000010010000100000000000110001011000
0000000100000000001010000000000000000000111000100000000000000010000000001000000100000000000000100000110000000101000001100000000001000000000001100000010000001100000010001001000100110000010011101001110000000000001101010111001000110000000000101100001101100010
0000000000001000000000000000000001000000000000000100000000000001000000000100000000010000000000010000001100010000100000110000000000110110110100010010000000000100000101000000000000100000000001000100100000100000010000101010011100000100000010001100010001000010
0000100000100000000000000100001000101000001000000010000000000000100000011101010000010010000000001110010100000000001100010000001000010001010111001011010001100101100011000010100101010000110000101010001000000000100101100011000101000000010000000000100000001100
0000000000000000000000000100000000000000100010000010000000010000000000010000000010000000100000000000000100000000101001000000100001100010000000000000000000000000010100000000101001101100100101100000100100000100001000100100010001001000001000001010100001010001
0000000000000011000000100001000000000000101010000000111000000100000001000000000000000000000000100100110000000101000000000111100000100000100010000000010001001000000100100000100111110010000000100000000001010110000010001001000000101000010000100110001000001000
0000100000000000000000000000000110010000001000000000000000101000000000000010000100101110100000100000010000100000001101110010100000000011001000000000000010100001000010000000000100100001001010010010010000001001000000000000000000000001001000100100101000000010
0000000000000000000110100000000000000000000000000000000000000000000001101000110000001110011010101000001100101000010000000000001000110000101011000110110010101011100001000100010110010101010100000101100000000110011110100100000000000000000100000011101000001101
0000101000000000001001010000000000000000000101100010000001000000000100001000000000000000001000101001001000100010000100000001001010000000010001000010000010000000000100000001000000000000000010100000000010000100001100000000000101000010001001010100100000000001
0000000000000000110000100001001000001000110110000001000010001000100000001000011100110000010001011100010000001100001000001010010100001000000100000011100000001001001000100000001001100010100010000010000011000110100001001000100011000000000000000101000000001000
0010000000000000000000000000000000000000000000000100000000000100000100000000000100000000000010000100000010100001100000010100000010010000000000000100011100001001100000000010110100100000010010001010100000000001000000000001000000000100010000000000000010000000
0000000000001000001110010010000000100010010000001000000000000000100000100010110000010100000101000000100001110001000000100001000000010101000000100101001010100000011000000000110010100010001000010100100110010010000110000010000010010010100010001000100000000000
0000010000000010010000000010000000001000000001010000000000010000000000000010000000001000000000000010011000001000001001000010000000000000001000010000010101000000010000000010000100000000000001001000110000011000100000000011000001010001000011000001100100000000
0000000000100000000001000000001010000001000000000000000001000110000000000010000000010000000000000110000000100000000001001010100100010100011000000000000000000001000100001001001101001001000000010000011100000110000000001000010010010110000011000100000000000000
1000000000000000000000000000000000000000000000001000000000000000000010000000001000000000000000000100000100101101101010101000001000011011000000000011100000000000000100100100000100000100011000000101100000000110000001000011100001000010000000100000011001001010
0000000000000000000010001100100000100010000000000000000000000100001010100110101010000000100000000000010010110010100000000010011000011010100100000000000001000010000010000110110000000000000000000010001000101011010010010110011000000010001110010000010100000000
0000000101000100000000000000000000000010000000010000000010000000000010000000000100010010000101000000100000010000001000100000010010100000000100011100000100000001100000001000000100000010000001101010000011000010000000000000000000100101000011001000000000000010
0000000010000000001000010000000000000000000010000000000000101000000000000001011000100000000110000001000010100000100010000000001010000000011000000000010000000100010100001000100000000011001001000010001000011000010000100001000000000000100100000010001000110000
0000000000000000000000000001000100010000001000000000000100000010000000000001000000000000000010001000010000100001001000100100010000001010010000100000100000100101000000000100100000000110000100000000010000000000000110110000100000010000000000101000000000111000
0000000000101001000000000100000100000001000000000000001000000100001000110000100010000101000000000010110000001000000010001010000000111010000000100011110001001000000000000100000100010100000010110001000100000010100000100000001000001000100000001100010100100000
0000010000000100000000000000000100000000000000000000000100100000100001000000000000000000000000000000000000001001001010000000100010000000001000000100000000101010000101000110001101000000000000000000010000110000101100100000000000100000000000010000000010010100
0000000000000000000010101000000010000000000000000010000110101001000000000000000000000000100000010001100001000001100000001001011000000000000000000000000000000100010100000001010100100001001101000000000010000000100100000000000000000000000010000000010000000000
0000000000000000000000000000100000010000000000000000000000000000010000000000000000100000000000100010001000001000100010000000000000001000000000000000000000000100010000110000000000000000000100100000001000100000000000000100001000010100010000010000101000000010
