0000000000000000000000000010000000000000000000000000000000000000010000000000000000000000010000100000100000000000000100010001100010000000000001001000011000100001001000000000000000000001000000000010000000000001000000010001000000000000000000010000000000000000
0000000000000000000000000000000100000000000000000000000000000000000000000000000000110000000000000000000000000000000000000000000000000000000000000000000000000000100100000000000000000000000000000000000000001000000000000000001000000000000000000010000000000000
0000000000000000000000000000000000000000000000000001000000000000000000001000000000000000000000000000110000000010000001000000000001001000000000100000000000001000000000100100000000000000000010000000000000100000000000000000000000000000000000000000000000000000
0100000000000000001000000000000000000000000000000000000000000100000000000000001000000000010000000000000000000000000000000000010000000000000010100000000010000100000000000000000000000001000000000000010000000000000000000000000000000000000000000000000000000000
0000000000000000000000000000000000000000000000000000000000000000000000000000000000000000000100000000000000000001000001000000000000000000000000000000000010000000000100001000010001000001000000000000100001010000000000000000000000000000000100000000000100000000
0000000001000000000000000000000100000000001000000000000000010000000000000000100000000000000000000000000000000100000000000000000000000001000000000001000000000000000000000000000000000000000000000000010000010010000000000000000000000000100000000000000000000000
0000000000000000000000000000000000000000000000000000000000000000000000000000000000000000000000000100010000000000000000000000000000010000010000000000000000000000000010010000000000010100000000000000000000000000001000001000000000000000000000000000010000000000
0000000000000000000000000000000000000000010010000000000000100000000100000000000000000000000000000000000000000000000000000000010000000000100000000000000000000000000000000000000001000000000000000000010100000000000000000000000000000000000000100000000000000000
0000000000010010000000000000000000000000000000000100000000000000010100000000000000000000000000000000001000010000000000000000000000000001000100000000010100000000100000000000000000000000000000000000001000000000100000000000010000000000000010000000010000000000
0000000000000000000000000000100000000000000000000000000000000000000000000000000000000000000000000000000000000000000000000010000000000000000001000001000000000000100100000000100000000110000001000000100000000000000000000000000100000000000000000000000100000000
0000000000000000000000000000000100000000000000100000000100000000000000000000000000000000000100000000000001100000000000000000000000000010000000001000000000000100000001000000000000000011000110000100001000001000000000000000010000000000000000001100000000000000
0000000000000000000000000000000000000000000000000000100000000000000000000000000000000010000000000000000000000000001000000001000100000000000000000000000100000000000000000000000000000000000000001010000000000000000001000000000000000001000001010000000000000000
0000000000000000000000000000000000000100000000000000000000000000000100000000000000000100000000100010000000101000100000100000000000000000100000001000100001001000000000000001000000100001000000000000000000001100000000001110000000000000000000000010000000000100
0000000000000100000100000010000000000000000000000000000000100000000000000000000000000000100000000000000000001000000110000100100000000001110000000000000000000000010000000010000000000000100000000010000000000000000000000000000000000000000000000000000001000000
0000000000000000000000000000000000000000000000000000010000000000000000000000100000000010000000000000000000001001000000000000000000000001000000000100000000000100000000010000000000000000001000000000000010001000000000000001000001000100000000000000000000000001
0100001000000000000000000000000000000000000000000000000000000001000000000000000000000000000000000000000000000001000000100000000000000000000000000000000010000000000001000000000000000100000010000000000000010000000000000000000011000001000000000000000000000000
0000000000000000001000000000000000000000000000000000000000000000000000000000000000000000000000000000000000001000000000000000100000000001000000010001000100100100000000000000000000000000100011000000000000000001000100000100000000000010000010000000000000000000
0000000000000000000000000000000000000000000000000000000000000000000000000000000000000000000000100000000000000000000000000000000000001000000000000001000000000000000100000000000010000010000000000000000000000001000010000000000000010000000100000000000000000000
0000000000000000000000000000000000000000000000000000000000000000000000000000000000000000000000001000000000000000010000000001100000000000000000100100000100000001000110010000000000000100000000000000000001010000001000000000000000100000000100000000000000100000
0000000000000000000000100000000000000000000000000000000000001000000000000000000000000000000000000000000000000000000000000000000000000000000000000000000001000001000000000010000000000000000000000000100000000010000100000010000000000100000000000010000000000010
0000000000000000000000000000000000010000000000000001000000000010000000000000010000000000001000000001100000000010000010000100100000000000011000000000000011000010000000001000000001001000000001000101000000000000111000000000010100100000000000000000000000000000
0000000000000000010000000000000000000000010000000000000000000000000000000000000000000000000001001000000000000000000000010100000000100000000000000000000000000000000000000000100000000000001000000110101000000010001000000011000000000000000000000000000000001001
0000000000000000000000000000000000000000000000000000000000000000000100000000000000110000000000000000000000000010000000000000000001000001000000000001000000000100100000100001001100000000100000000000000000000010001000000010000000000000001000000000001000000000
0000000000000010000000000000000000000001000000000000000001000000001000000000000000000000000000100000000000011000000000000001000101000000000000000010000000010010010000110000000000000000000101000000000000000000000000000000000000000000000000000000000000000000
0000000000000010000000000000000000000010000000000000000000010000000000000000000000000100000000000001000001000100000001000100000000100000001010000101000000000000000000000001000101000000000000000000000000000000000001000000000000000000000000000000010000000000
0000000000000000000000001000000000000000000000000000000000101000000000011000000000110001000010000000000000000000000000011101000010010000000000010000001010000000000000000000000000000000000000010000000000000000000000000000000000000000000010000100000000000000
0000000000000000000000100000000000000001000000000000000000000000000001000000000000010000100000000000000000000000000000000010000001010000000000000011000100000000000000000100001000000000000000000000000001000000100011000000000010000000000000000000000000000000
0000000000000000000000000000000000000000010000000000000000000000000000000000000000000000000000000000100000001000000000000001000000000000000000000011101000010000010000000000100000000000010100000000100000000000000000000000000000000000100000000001000000000000
0000000000000000000000000000000010000000000000000000000100000010100000000000000000100000000001010001000000100000100000000010000100010000000000000000000100110000000001000100000000000001010000000000010001000000000001000000000000100000000000100000000000001000
0100000000000000000000000000000000110000000000000000001000010000000000000000000000100000100100000001000001000000000000000100000000000000100000000000100001100000000010000000000100000000000000000100000000000100000000010000010010100000100000000000000000000100
1000000000000000000000000000000000000000000000000000000000000000000000000000000010000000000000000000000000000000010000100000000000000000000000100100000100000000000110010000000000011100001000000000000100000000100100000000000000000000010000000000000000000010
0000000000000000000000000000000000000000000000000000000000001000000000000000100000000000000000000010000010001000100000001000000000000010000000000001000000000010010000010001010000010010000000100000000000000000000000000000000100000000100010000000000100000000
0000000000000000000010000000000100000000000000000000000000000100000001000100000000000100010000000000000100010000000010000010010000010010000000000000000000000010110001000000010010010110010000010000000110010000000000000000000000100001000000001000000000000000
0100000000000000000000000100000000000000000100000000000000010001001000000000000010000100001000101000000000010000000001100001000000010000001101100000000011000001000000100000100000100000001000000000000010000110010000000000000000000000000000000000000000000000
0000000000100000000000000000000000000000000000000000000000100000000010000000000000000000000001000000000000000000001100000001101100001000001000000100000001000001000000010000001000000000000110010000000000000000000001000000000000100000000100000100001000000000
0000100000000000000000001000000000000000000100001000000000000000010000000000000000000000001000100000000100011001000000101100000000000000000000000100100000000111110000001001000000010000000000000010000000001000000000010000000001000000000000000000011000000000
0000000000000000001000000001000000000000000010000000000000000000000000000000000001000000001000000000001000000001000001100000000000001000000000000000000000000110000001100001100110100010000000000000000000001100101000010110000110000000000000000000000000000000
0000000000000000000000010000000000000000000100000000000000000000000000000000000000000000000000000000000100000001000100001100100000010010000000001000000000010000101000000000010001100000010010010000000010000011000000000000000000000000000100000000000000000001
1000000000000000100000000000000000000000000000000010001000011000000100000000000000000000011000001000100100001000000000000100001000001110000100010000000000000010001000010010010101101000000000000000000000000000000000000000000000000000000000000010010000001001
0000000000000000000000001000000000000000000001000000000000000000000000000000000000010100000000010000000001000000001000001001011000000001000000000000101000101000000000100000100001000011000000000011001110000000000000100000000100000100000000110000000000000000
0000000000000000000000000000000000000000010000000000000000000000000001000000100000010011000000000001000000010000110000000110010100000000000000001000000100000001010000001000100011010000001100000000001000100000000010001111100000000000000000000000000010100000
1000000000000000010000000000100000000000000000000000000000001000000000000000000000001000100000000000000000000000000000100000100011011001100100000000000000000001000010001110000000100000000100000000100100001000100000000000000001000000000000000001000000001000
0000000000000000001000000000100000000000000000000000000010000000000101000010000000000000001000000011000100000110100100000000000010010000101000000000001001000000000010100001000001000000000001000000000000010000000000001001000000000010000100000000000000000000
0000000000000000000000000000000000001000000001000000000000000001000100000000000000000000000010100000000000000000000000000100000000010011100001000000010000000000000000000000000000011100000000100000000001010100001110001000000000010000000000100000000000000000
0010010000000110000000000000000000001000000000000000000010000000000000000000000000011000000000011100000100010100000000000000001110000100000000000001010100000000000010001000001001010000011001010000001001010000000000000100000010000000001000000110011000000001
0100000000000000000000000001000100000000000000000000000010000000000000000100010000000001011000000010010001000100000000010000000000000000000000001000000000000000001010000001010000000100001000000000000100001000000000000000000000000100000000000000000000000010
0000000000000000000000000000000000000000001000000000000000000000000000000000000000000000000000100000010111000001000001000000100101101100001000100000000000010100011000000000110000100010001001100000000001000010000000000100000100000000000000000000010000001000
0000000000000000000001000000000000010000000010000000000000000000010000000000000000000000000010000000000000100000000010000000000010100001100000010000011000101000101101100100100010001010000000100000000000000000000000101000000010000000010010100000000000000000
0000000000000000000010000000000000100000000000000000000000000010000010000000000001000000000100000000010100001001001000000000000000001001000000101000000000100000000100000000001010001000001101010000000000000000000011010000001000000000001010000000000000000000
0101000000000100000000000100001100000000000000000000100000000000000000000001000110001000000000000000000000110100100000000010101000001000000000010000000000000000001101011000000000000001000001010000001100010000000010101000000000010000000000000000000000000000
0000100000000000000000000000000000000000010000000010000000000000100100000100000001100000000011010100000000000011000011011100000100101010000000000000000001000100000001110001100110000000000100110001010000000001000000000001001100000000010000000000100000000000
0000000000100000000000000010000000000000000000000000001100000001000000000000000000001000100001000000001000000010001000001100001110000100000000001010100000001000001000000000000010010100100000010000000000000000001000100000010010000000000000000010010000000010
0000000000000100000000000000000000000101000001000100000000000001011000000000000000000001000100100000100000000001100100000000011100010000010100000000000000001000101000011001110000011000100000000100001000101000000001000001000000000000000000000000100000100000
0001000000000000000000000000000000000000000000000000010000000000000100000000010000110001000000000000000000100001000100100000100001000000010000010000000000000000101100110001001000000100100001100000000000001000001001000000000000000000001000011001000000000000
0000000000000000000000000000000000000000000000000010000011000001000100000000000001010000100000100000010001000100000100011010000110010000001000000110000010010001000000100100100100100001010000001000000001000000000000000000010000000100000000000000001000010000
0000000000000000000000000000000000000000000000000010000000100000000000000100001000000000000000000000010000000100100000000000000001110000100001000011000000001001000000100000000000000110010000000011100010000000100000100000000000010000000000000000000010000000
0000000000000000000000000000000000000000000000000100000000000000000000000000000000000000001000010001000000000000000000000000000000110000100000000000100111000001000000000000001000000000000000100000001000000001000001010101000000000000001000000000000000000000
0000000010000000000000000000000000000000000001000100000000000010000000000001000000000000000000000000001000001101000001000000101001100000000000000000000101000000100011001001100101000001010010000000000000000000000010100000000000000000000000000001000000000000
0000001000000000000100000000100000000000000001000000000000000000000000000000000000000001000000000000000000000100011000000110000001000010000000011011010010000000000110100011000001100000001010000000000100000100000100000000000101110000000000000000000000010001
0000000000000000000000000000000001000000000000000000100000000000000001000000001000000100001100000001000000010000100100100100000000100000000000000001110010101100010100110000010110001000000000000000000000110010000010000100000100001011001000011000000000000000
0000000000000000000000000000000000000000000001000000000000000000000000010101010001000000000000000100001000000001100000001000001000010000010110001001101001000100011000000001010100000010000100001001110100001000010000000001000000000100000010000000000000000000
0100000000000000000000000000000110000000001010000010000000000110000001000010000000001000000001000001000100100000001010010100111000001100001000101100000100001110011000000000000010000000001000001001001110000100100000000000100010000000000000110000100000000000
0010000000000000000000000001000000001000000000000110000000000000000001000000000000000000000000010000000100101000000000000000000011000000010100000100000000100000001000001110111000111000000011001110000000000000100000000001000000011000000100000000100000000000
0000000000000000000110000000000000001000000000000000000000000000010000000011010000000000000100000001100010000000000100101010001100100010100010110011011111001111110000011000000100000100000000000000110100000000100000000000001000011000100010000000000000000000
1100100000000000000000000000000000000000000000001000010000000001000000001001100000000010000000100000000011100011100111010010001000010100001111010110000001000000000010000000010100000001000000000010001001100000000001010010001000000000100000101110000001000000
0000010000000000000100000000000000000000000000000000000000000000000000110000000000000000100100110000000001010000010010011000000000010001111101011010000001111001011100100000000000101010000100000001001000000111000010000000000000000000101000000000000000100000
1000000000000000000001000000000000000000000000000000000000001001001100001000010000000000010000011100100010010100000001000100010011110001101101000010110111110100011100000011010000000000101000000000000000010001000001010011000010100001000001000001000000000000
0000000000000000000000100000000000010000000011000000000000000000000000001100000000001000001000001000000001100000000000000010010001100011000010001111001000001000101000011110111001000000000010000101010000001000010000000100000000000100010000001100000010100000
0000000000000000000000000000000000000000000000000000100100000110000100100000000000000100000001101000100100100100010000000000110000110001000001110010110010010110010000000000100100100001000011000100000000001001000101000000000000000000000100000000000001000000
0100000000000000000000000100000000000000000000000000000000100000000000000100001000010000001100000100001010000000011000100010001000001100001010100111010000110010111011111001001000000010001001100001001000000001010000101000100000000000100100000010000000000000
0100000000000100000000000010000100000001000010000000000000000000000000000000000110000000000000000101000001000001000000010010001110000111000101010101000101001000110111011011011000101100001000000000000100000010000000000000000010000001000000001010000000000000
0000000000000000000000000000000000001000000000000000000000010000000001000010010010010000000000100001100011000000000001111100111010000100001000000001101100101011100000100100100110000010000000100000010000000010000100000000000000000100000000000010000001000000
0000100000100100000000000000000000000001000000000000000100000000000000100000000000001011000010001101000100010100000000110001010011011101001011011101101111010011101100011101010011110000000001011000000000000000001000000000000000010000100000010000000000000000
0000000000000000000000000000000000000000000000000000000000000000000100010100000110000100000000000000001000001100000000001110010101001000100010100111001101111011001001000001010001100000011101000001000000000000001000100010000000010000000010000000000000000000
0000000000000000000000000000000000000000000000000000000000100000000000000100000010000000000100010000010011000000000000000101100100010001010100000000010010001000001100100001110001000100010000000000100101000001111000000001000010000100000000000000000000000000
0000000000000000000000000000000000010001000000000100000010011000000000000000100010000000000000010101011000100000100000101100101101101100001000110000010101110001001110000101010100000110000001000001001000000000000000010010110000100000000000000000010000000000
0000000000000100000100100000000000000000000100100000000000010000000000000010000000000000100011010001000000010100000101001001010111000001001001000000111001111001011110000010110000000100110000010010000000000000100000010100000100100000000000110101000001000000
0000000000000000000000000000000000000000000000010000000000000000000010000000010011000000000000000000011000000000100000111001000000000011110101001010000010001100000111010001000000110011100010001000100000000000100010100000000000000000000001000001000000100000
0000000000000000000000000000001000000000000000000000000000010100010000000100000100010101001000001000010001000000011000100100011001100000110001110110111010001001000011100000000010100000011010000110011001010010010100000001000001000000000000000100000000000000
0000000000000000000000000000000000000001000000000000000001100000000000100011100101100001100010000000000000010000010100101110100011010101000100001010001001001111010111000001101011000001000001000100000000010000000000000010100000000000000000000000000010000000
0000000000000000000000100000000000000000000000100010010010000000000000001110000011000001000000010000011101001000010101110010000010010100011101011111100111110001100101100001010010001011000100000000110000001100110001000100000001110000000010010000000100000000
0000000000000010000000000000100100000000000000000000000000001000000000000100000001001000101010110000000100010010001001000101000101100100100010101010100001110010110101101000111000000000011001000101010000101001001110000000100010001000000000000000000001000000
1000000000000000000000000000000000000000000000000000000000000000000000100100000000000000001000000001000101000000000000111000000100001000000011001101000100011110010101010100110101101110001001010000010000000000000000000000000000000000000000000000000000000001
0000000000000000001000000000100000000010000000000000000000000000001110000111000000010000100000000000000000000000000000010001010110111001000010000001001111010101000000001100001010101011011101000000000000000000000000000000001000000000000100000100000000000000
0000000000000000000000000000000000000000000010000000000001000000010010000000000010100000000101000000000101001101110011100010110001000100011011010101001011000010000101111000000111100010100100011001000100010100000100000001000000001000000000000100000100000000
0000000000000000000000000000000001000000000000000000001000001010001000001000000011000000000000101001000010000010010010101110100100110101001001011010010101111000111000010010101001110100001011100000000011000000000010000000000000100000000000000000000000000100
0100000000000000000000000000010100000000000001001001000000000000000000000010000001000100011011000000000000000110010000100101010111010001001001001101001000110010010000000001001000110010110111001011110000001000000010101010000100010101010010000000001100000000
1000000001000000001000000000000000000000001001000000000000100000010000000100100000000000100010001000001000000101000011111001110100000001001111001100010000000001100111001000010000001001000011100000011001001000000000100010100000000000000010000100010000000000
0000000000000000000000000000000000000000000000100000000000000000100000010010000100100100000100010010000001110001000101110101100100110001001011110100111110010000101011100100000000110000011000000101100101001000001000001000000000000000010000010000000001000001
0000000000000000000000000000000000000000000000000001010000001010010000000001000000001010010101000000000100100010000110000100001000010100000101010000001101100101001001000000000010001000000001000000000100000000100100000000000000000000000000000000000100000000
1000000000000000000000000000010000000100001001000000001000000000100000001000000001010101000010100001100101001100000111010000101000000001000101111100010101000000101000101010010010111001100001000000100100000100010000010000000000001000000000000000010000000000
0000000000000000000000000000000000000000000000000000000000010000000000100000000100010000000001001011100001000000010010000000000000000010010100000101000010010110000010000010100010010010000001011000100000001000000011000001100000110100000100100100001000000000
0000000010000000000000000010000010000001000000000000000000000000001001001010000000000100000000000001000000100100000010001100000011000000000010110011000001010000101000010000110101001000101001010100100101100010101001011000000001000101000000000000000000000000
0000000000000000000000000000000010000000000000000100000000000000010000000000000000000010000010000101000000110010000000000000010101101101000000010000000010001011001000000100100101000101000000010010000100010000101000000000000000000000000000000000001000000010
0000000000001000000000000000000000000000010000100100000010010001000000000000000000000001000100000001000100100100000100000100011100101000101010010100010011000001000110011000000010000000100001000000100000010000000010010001000010100100000000001000000000000100
0000000000000000000000000000000001000000000001000000000000000000000000001000010000000001001000001000000010000000100010001100110100000001011100000011100010100000000010000010001001010000000000011001000100010000100110000100000000100000000000000000000010000000
0000000000000000000000000000001000000000000000000000000000000000000000000000000001010010010100001000001100001001001000000001000000000111101101011001000001100100010010100000110000000100001100010100010010001100000000001000101100000001001010000000000000000000
1100000000001000000000000000000000010000000001000000000000000000100100100100000000000010110001110000100000100110000010000010110000000011110001000000101101101010000001100000000010000000000000000000001110100000000000000000010000000000000110000000000000000010
0000010000000000000000000000000000000000000000000000000101000000000000000001000000000000000100000000001100100000000000100100010110010010000000010010100000110100000001010110101000001000000100100000000000100001000011010000000100000000000000000001000000000000
0100000000000000000000000000000100000000010110000000010000000000000000111000001000010000100001001000110000100000000100011010100000000000100000001010001010000111010011101010000110010000011000000100000001000110010000011000000000001000000000000000000000000000
0000000010010000000000000000000011000001000000100000000000010000001000000000000001000000010000001100100010010000100100110000100100001000010010000000000000100001000000001001000111010001001101001000110000001000000000001000010100010000010100000000000000001000
0001000000000010000000001000000010001000000000000000000000000000000000010010000000111100000010000001000100001000000100100010101000000000011100001110100011001010101000110001000001000000010000101000000100000000100011000000000000101000000000000001000010000000
0000100000000000000000000000000000010000000000100000000100000000010110000000000001000100100000010000100010010000111000010010000100010011000001010010100010100110010001011101110000110110000101000001100010010000001010000000100000000000000010000000000000000001
1100000000000000000000001000000000000010000000000000000100000000001000000000000000101101100010110010000001100000000010011101000011110110000100000110001011001111000001110101111010101100000011000000001000001010000000000000000000000000000010000000100001000000
0000000000100000000000000000000000000000000000000100000000000000001100000000010010010000001000001000000101000001001000000001000010001101001000000011010110000110010001011101010110011000001101001000000100101010010000000000110000000100001001010000011000000000
0000001000000000000000000000000000000100000000000000000000100001000000000000000000000100000000000010100100000000100010110101011001110100001010000010000100000000010000000110101001011000000101100000000000000100000000000000000000000000000000000101000100000000
0000000000000000000000000000000000000000000000000000000000000000000010010100000001000000100000000001010000001111000000011111010100000000010010000100010010000000110100010011000001101100010000001000000011010000010001000001000000000000000010000000000100000000
0000011010000000000000000100000000100000000000000000000000000111000000000000000000000010000100000101001100000110100110101000110100101001101000111101101101000100101000000001010010001101010010000000000000100000101000000010010001000000000100000000000100000000
0000000000000100000000000000010100000000000000000000000000000000000110001000001010010000100100010000000101001111001110100000010110001000010101011100000111000011111101110100011000101111010110100100010001001000000001100000000000000010000000010100000010000000
0000000000000000000000000000000100000000000010000000000000000000000000110000110110000000100000000010100010000000110000000010001001000100000000100000101010110110100000010101111010101010000100000010100000010000000000000000100000000000000000001000001000000000
0000000000000000000000000001000101000000000000000000000000000000000100000000000000000000101010100101110000101101000101110001001001010000010011100011011100011010100100000100110001010000110100010110110000000100001001100000010010010010000100000010000000000000
0000000000000000000000000000000000000000001000000010100000000001100100000000000100000000000000000000100100000001111010101111000010100100100000100000000100101000111100100010000010010000110111100001000000000010101000000000000000000000000000000000010010000000
0000010000000000000000100000000000000000000000000000000010000010000000001000100000000001000000101001001100110000100110001001011101000110001100000101010100010101000101010100001111011000100100100010010001101001000000100000000001000001000000000010100010100000
0001000000000000100000000100000000000000001000000000100000000000100000000010000001000000010001100110000010000101111101011000010010101000011000111001000010110001001000010100001010101110110001010000000010000101100000000000100000001000010000100000000001100000
0000000000000000000000000000001000000000000000000000000000000000000000000010000000000001000101000001000000000101001000100011110001001000010110011010000110110001010011000000011011010100011100110010001001100001000010101000000000000000100000001000000000000000
0000000000000000000000000000000000000000000000100000000000000010100000100000000000000000000011001000000000010010111001100000000100011111101000011111100100001011100110010010001100010100000000000100000000000000000100010000001000001000000000000000010010000000
0000000000001100000000000000000000100000000010100000000001001100000000010000010100000000000100100000001100000000010110011001000101110101111110000101010011110110000010000010000010000000100001110100000000000000000000000010010100000100000100000000000000000000
0000000000000000000000000000000000000000000000100000001001000000010001000000010000000000000000000010010101100011000000001000000001010100001000001110000010101011011100101001011000110010001100000000010100000100110100000000000000100000000000000100000000000100
0000000000000000000000000000000000000000000000001000000000000000000000000000000000100101001000000110000000000100010110001101010100010011001000000011110010110000000110111010001101001100000011100010000011000000000000100000001000000010110000000100000000100001
0000000000000000000000000000000000000000001000000000000001000000000000000000000000000000100000000000000010000010001000000001100111111010000100100111110100000111110000100000011010100001100101010000001010000001011101000010001000000001000000000000100000000000
0000000000000000000001000000000000010000001000000000001000000001000001000000000001010000011000001010100100000111000010101001111101010100011011101100011010101000000001101010100101100101110000011001110011001110000001010000000001101000011000000000000001000000
0000000000000000000000000000000000000000010000001000100000000000100000100000101000000000100001010010000100100000001000010010010001001100000000100001010110001001001011111110001110000100000000000101000000010010010000000000000000000000000000000000001000000001
0000000000000010100000000100000000000000000000001000000000000010000000000000000100000000001000100000010001000100100001100001000110110110000101011010010011110001011100111000010001000101010100100100000000100000010100000000000000000000000000000000000000000000
1100000000000000000000100000000000000000000000000000010000000000000100000001010101100011000100001000000000010100000000000100010110100101000000000010001000000010000000001110100010001110110010101000000000000000000010000000001000000000000000000000000000000000
0000000000000000000000000000000000000000000000100000000000000001000000100000010010000000010000000000000001010010100000110100111000010000100011111110011011100011001010000100001001000101101101000000101000100110000000000000000000000000100000000000000000000000
0000000000000000000000000000000000000000000000000000000000001000000000000000100100000000010010010000000101010000000000001000001110010000101000000010110000000010000101100010001010100001010010100000000010101100000000000000100001100100100000100010001010101000
0000000000000000000000000000010000000000000000000101000111000001000001000000000000010000010100000010000000010000011101000010000101011001000100011001000001010001101100011001111001000000001100000000000001000000000000110001100000010000010100000100011000000100
0000000000000000000000000000000000000000000000000010000000000000000000000000100001000000000010000000100010010010000011001011100110101010010001101110001110000101110110010110101100101000001000000000000010001011000000001010001000001000001100000000001000000000
1100000010000000000000000000000000000000000000000010000000000000000000001000000001000100000000000100100100000000110001010101111101010101001111010101010010000010001001001101010001000000100000011000001010000000100101000000100000000000010001000000000100000000
1000000000000000000000000000000000000000000000000000000000000000010000110000000000000000000100000000000100000000000010000010101100111000010000001011000011001001100010001010100001001000011000110100100000000000000000000010100000011000000001000100000000000000
0000000000000000000000001010000000000000000000000000000000000000000000100001000001000100110000000101000001000010000001100001010110110000000000110000101111110000000100011110010101011000010000010100000001001000101000001100000000001000010000010000000010000000
0000000000010000000000000000000000000000000000000000000000000000000000000001010000000000001000000101000000001000000000000100110001111001101010001010001100100001101000010001000000101110001001000000000000000000000000100000000000000000000000000000000000000000
0000000000000000000000000000000100000000000000000000000000000000110000010000001001010001000000000001001000000010010001011000110000011001010111010100001111010001111111111001000000000010010010100100001001010001100100010000000001000000000000000000010101000000
0000000000000000000000000000000000000001000000000000000000000000000001001000000000001000000000001000001000001000001011001100000100100010010001110010000001010011101000110000010010000000001000100100000000000011000001000010000000000000000001000000001000000000
0000000000000000100100000000000000001000001000100000000000000000000001100000000001000000000000010000000000000010000000001100000000101100011011000110100101110001011000000011110100111010000010000010001100000100110000000000101001100100000010000000000000000000
0000000000000000000000000000000000000000000000000000000000000000100000001000000000000000000000000000001000000000000011000000000000001010100010100010100011000010101000000000101100010000011100000000001100000000001010000001000100000000100000000000000000100000
0000000000000000000000000000000000001000000000000000010001000100000000010100010000000010110001000000001000001000111000000001000010110001001001010000100101000011000000110010010111000001000000010000010000000000000000010000000000000100000100000000000000000001
0000000000000000000000010000000000000000000000000000000000000000000000000000000001010000000000011000000001001010000110001000100010110100010010100010000110101000100011000010000010101001000000010000000000001000001101000000000001000000000010000000100000000000
0000000000000000000000000010100000000000000001001000000000000001001000000000010010000000000000110000011001000000000011000100101100111111001101100011111010000000101100000111010010100000001001011010010011001000000000000010000100000000000000000000100000000000
0000000000100000000000000000100000000000000000000001000000000000100000000000000000000000000000000100001000010000010000000000001010000000000001100110000011100010000000000000000100010100110100100000000000000110100000001000000000100100000100000101000000000000
0000000000000101000000000000000000000000000010100000000000001000000000010000000000000011000000001000000100000000111001001000010000000001000100000001001100010110100100000000010001001100000101110000010000000000000000000000000000000000000000000100000000000000
0000000000000000000000000000000000000010000000100000000000000000001000000010000000000100000000000000010001101000101000000001100100101000001000101100000001000100001001000110000000000000001000011000001000000000000000100010000000000100000000000000100000000000
0000000000000000000010000000001010000000000000000000000100000000101000100011100101001000000010001100000011000010000000001100100000000100110101100010100000000000000001010101100101000000000001100100000100000000000001000001110000000000000001000000000000010000
0000000000000000000000000000000000000000000000100010001000000100000000000000010001001000010000000100100000000000000000011001010000100101011000001001001000101110000100000101000000000110000000000100100100000001101100000000001000000100010000000000000000000000
0000000000000000000100000000000000000000000000000000000000000011010000010000000000000000000000000000100000000000000100000100100000001000010100000000010000000000000000110000000001000000000000000000010101010100000000000000000000000000000010000000000100010000
0000000000000100000000000001000000000000000010000000000000000000000000000000000100000100000100000010010100010000100000010000000011010001000000001000100000000100001110010110000010000000000000000100000101100000000000001000001000000000000000100000000000000010
0000000000000000000000000000000000000000000010000000010000000000000010000000000100100000000000100001011100000001001100010001000000000000000000111011011000000100001100001001001000000101101100000000100000001001000100000000001001000000000000000100000001000000
0000000000000000000000000000000000000000000000000000001000000010000000000100100000000000000010010110000000100000001100100000000000000110000100000000001001000000000000001010000000000000000001000001001000000000001000000001000000001000000000000100000000000000
0000000000000000000000000010000000000001000000000100000001100000000000010000100000001001000000000000000111010000000001000100010101000000011000010000100000100000000100000011010000001010001100011000000000111000001100000000000000000000000001000000001001000000
0000000000000000000000000000000000000000000000000110010000001000000000000010000000000000010000000000100000100000001000000001000110001101000000000001100010000100010010000000010100100000001000010000000000000000000000000000000000000010001000010000000010000000
0000000000000000000000000000000000010000000000000000000010010000000000010000000000000000000100001001000100010000010010101100101000010001100001100100100000000001101001110100000100100000100000000000000000000000000010000011000010000000000001000000000000000101
0000000000000000000000000000000000000000000010000000000000000000000000000000000000001001000000000000000101100010100000000000100000001100000101000000110000001000000000100000001101000000000101000000000000000000001000000010011000101010000000000000000000000000
0000000000000000000000000000100000000000000000000000110000000010000000000000000000100001000110000000001110100101100000110010001000001000010110001000010000001001010100011001000110010100001000100000000101000001100100000000000001100000000001000001100000010000
0000000000000000000000000010000000000000000000100000000000000000000000000000000100100000000000000000000000000000000011000000010000010000010110000001011010001000000000000001000110000000000010000000000000001000001000100100110000000000000000000010000000100000
0000000000000000000000001000000000010000000000000000000000000001000000000100000000000000000000000100000000001000000000000001110001000001110000011110000000000110000000100000010101010000000010010000000010010000001000100000010000000000100000000000000000000000
0100000000000000000010000000000000000000000000100000000000100010000000000000000000000000010000000100100000000000000010100100000001000000001000000000000100000010011000000000000000000011000001001000000010000000000000000000000000010000000010000000000000000000
0000000000000000000000000001000000010000000000000000000000000000010100000000000000000011001010000000100010000110100000100001011000100010100000100001000000001001010001000000000000000001100000000000000000000000000010000000000000001000100000000000000000000000
0001000000000000000000000010000000000000000000000000000001100001000000000000000000010000000000000010000000000000010000000100000000000011010000000000100000010100001000010000000011100100000000001100000000000000010010000000010000000000000000000000000000000000
0000000000010000000000000000000000000000100000000000000000000000000000000001000000001000000000000001001001111000100000000000000111000000001000100000001000000010000000011000010100000000010000000000000000000100000000000100000000000000000000010000000100000000
0000000000000000000000000000000000000010000000000000001000000000000000000000000000000000000010000000010010000000011000001000001000000100001001010000010001100000000000000001001000100000000001000000001000100001000000001000000000010000010000000000000000000000
0000000000000000000000000000000000000000000000000000000000000000000000000001000100000010100001100100001000110000000001001000010000001000000111000000000100000001000101000001100100000010000000100010110100000100000001010100000000000000001000000000010000000000
0000000000000000000000000000000000100001000000000000000000000000000000000000001001000000001000001100011011000010010110100100000100010000000000000100000000110000110000100000000000100010000010010000100100000001010000010000000010000001000000100000000000100000
0000000000000000001000000000000000000000000000000000000000010100000001000000000000000000001110010001000000011000000011000000010000000100001001000000010001001011100001000010000001000010000001010000000000000000001000010000000001000000000010000000000000000100
0100000000000000000000000000000000000000000011000000000000000000000001000100010000000010000000000000000000000000010000000010100000001000001000000100100010000000011100100100000000000001000000000000000000000000000000000010000000000000000000000000000000000000
0000000000000000000000000000000000000000000100000000000000000000000000101100000000000000010000000100100000001001100000000000010010000100010010001011011100000010000001000000001010000101000000001000000000000010000000100010100000000000000000010000000000000001
0001000000001000000000000000000000000000000000000000000000000000000000000000000001000000000000000010000000000000000101000011000100101000010101010000001001000000011001000110001000000000000001110000000000100000010000000000000000000000000000000000000000000000
0000000000000000000000000000000000000000000000100000000000000000010001110000000000000001000000000000000000010001010000000001111000000000000010000010011100100001010000010000000010000000100000000000000100000001000100000000001000000000000000000001000000000000
0000000000000000000000000000000000000000000000000000000000000000000000000000000000000000000011000000000000000000000000100001100000001100100010000000000010000000100000000010010100000010000000000000000000000010100100010000000000010000000010000000000000100001
0000000000000000000000000000000000000000001000000000000000100000000100000000000000010000000000000010010000001000001111000000000100000000000001010001001100000000100000000001000100010000000000000000001000010000000000000000010000000110000000000000000000000000
0000000000000010000000000000000000000000000000000000000010000000010000000000000000000000000100001000100000000010000000000000011001100010000001000001100000000000000000001000000000000000001010000000001100000000000000000000000000000000000000000000000000100000
0000000000000000000000000000000000000000011000000000000000000000001000000000000100000010000000100111000000000001000001000010001001000000001000000010110000000000000100000010000010000000000001010000101000110000010000001000000101000000000000000000000000001000
0000000100000000000000000000000000000000000000000000000000000000100000000000000010000010001010000000000000100000000100000110000000001100000101000100000000001010000000000000000000100000001000100000000000000000010000000000000000010000000000000000010000000000
0000000000000000001000000000000000000000000000000010000000000000000000000000000000000000000000000000000000000000000000000000000100000101000001001100000000110001000100000000000100000010001100010000000000001010000000000000000000000010000000000000000000000000
0000000000000000000000000000000000000000000000000000000000010000000000000000000000000000000000000000000000010001000000000000000000001000000000100000100000000011110000000001100000000000001100000000000010001100000000000000000000000000000000000010000001000100
0000000000000000000000000000000000000000000000000000000000000000000000000000000010000000000000000000010000000100000000010000000000010001000110010000000010001000000011000000100001000000010010001000000000000000000000000000001001001000000110000000000000000100
0000000000000000001000000000000000000000000000000000000100000000000000000000000000000000101000100000000000001000001000010000000000010101000000000101001010000000001000000000000000000000000000000000000000001000000000000000000000010001000000000000000000000000
0000000100000000000000000000000000000000000000000100000000010000000000000001010000000000010000110000010000000000001000000000000000000000000101000100100100001000000000100000000000000000000000010000000000010100000000000000000000000000000001000000000000000100
0000000001000000000000000000000010000000000000000000000000000000000000000000000000010000000000000000000000010000000010000000000010010000000000000000010000100000000100110100100000000000000000010000000000000011000000000000000000000000000000000000000000000000
0000000000000100000000000000000000000000000000000000000000000001000000000000001000000010000000000010000001000100110011000000000100000000000000000000010000000000010001000000011110001000100100000010000000000001000000000100000000000000100000010000000000000000
0000000000000000000000000000000000000000000000000000000000000000000001000000000000000000000000000000000001000000000000000000000000000000000000010000000000010000000000000010000001010000001000100000000000000000000000100000000000000000000000000000000000000000
0000000000000000000000000000000000000000000000000000000000000000000000000000000000000000000000110000000000000001000000000000000000000000001001010000100000100001010000000000110010100000010001000000000000000000000000000000000010000000000000000100000000000000
0000000000000000000000000000000000000000000000000000000000000000010010000000000000000100000000000001000100000000000010000101100000000000000000000000000000000001001000100011010001000000010000000000000000000100000000000100100000000000000000000000000000010000
0000000000000000000000000000000000000000000000000110000000100000000000000000010100000000000000000000000000000001000001000000000000000100000100000000000000000001000000000001000000101100100000010000001000010100000010000000000000000100000010000001000000000000
0000000000001000000000000000000000000000000000000010000000001000000000000000000000000000000000000000000000000100000000001000000010010000001000000000000000010000000100100010100101100000000000000000010000000000100000000000000000000001000000000100000000000000
0000000000000000000000000000000000000000000000000000000000000000000000000100010000000000000000000000000000000100000000000000000000000000001000000000100010000000010000000000000000000000001000000000000000000000000000000000000000000000000000000010000000000000
0000000000000000000001000000000000000000000000000000000000000000100000000000000000000000000000000000000000000000000000000001000100000010000100000000000000000000000000010000000000000000000000100000000000000000000000000000000000000000000000000000000000000000
0000000000000000000000000000000000000000010000000000000001000000000000000000000000000000000000101000000000000010001000000000000100000100000000000000000000000000000000000000010000000000000000000000010000001000000000000000000000000000100000000100000000000100
0000000000000000000000000000000000010000000000000000000000000000000010000000000000000000000000000000000000000000001001000100000000001000000000001000100000000001010010000000100100000000000000000000000001001000000000000001000000000000000000001000000000000000
0000000100000000000000010000000000000000100000000000000000000000010001000000001000000100000000000000101000001100010000000011000000000100001001100000010100000000000000001000000000000000000100001000000000001000101000000000000000000000000000001000000000000000
0000000000000000000000000000000000000000000000000000000001000000000000010000000000000000000000000000100000000010000100000100100000000000000000000000000000100000100100100000000000000000000000000100000000000000000000000000000000000000000000000000000000000000
0000000000000000000000000000000000100000000000000000000000000000000000000000000000000000000001000000000000000000000000000000000000000000000000001000000000000000000000100000000000000001000001000000000100000000000000001000000000000000000000000000000010000000
0000000000000000000000000000000000000000000000010000000000000000000000000000000000000000010000000000000000010000000000000000000000000000000000011000000000000100000000000000100000001000100000000000000000000000000000000000000100000000000000000000001000000000
0000000000000000000000000000000000000000000000000000000000000000000000000000000000000000000000000000000001000010000000000001000000000000000000000100000001000000000001000000000001000010000000000000101000000000100000000000000000000000000100000000000100000000
0000000000000000000000000000000000000000000000000000000000000000000000000000000000000000000000000001000000000100000000000000000000100000010000001100000000000110000010000000000001100000000010000010000000100010000000000000000000000000000000000000000000000000
0000000000000000000000000010000000000000000000010000000000000000000001000000000001001000000000010000000100000000000010011100000100010000000000010000000000000000000100000000000000000000000000100010100000100100000000000000000000000000000000000000000000000000
0000000000000000000000000000000000000000000000000000000100000000000001000010000000000000001010000000000000000010000000010100000000000000101100000000011010000000000000000000100000000000000000001000000000000000000000000000000000000000000000000000000000000000
0000000000000000000000000000000000100000000000000000000000000000000000000000000000000000000000000100000000000000000000000000000000000100000000000001000010000101001001000000000001000000000000000010010000001000000001000000000000000000000000000100000000000000
0000000000000000000000000000000000000000000000000000000000000000100000000000000000000000000000000010000000000000000000000000000000000000000000000001000000000000000000000000000010000000000000000000000001000000000010100000000000000000000000000000000000000100
0000000000000000000000000000000000000000000000000000000000000000000000000000000000000001000000000000000000000000000000000000000000001000010000000000000001010000101010000000000000000000110000000000000000000000000000000000001000000000000000000000000000000100
0000000000000000000000000000000000000000000000000000000000000000001000000000100000000000000100000000000000000000000100000000000000000000000010000000000000000000000010000000000000000000000100000000000000000000000110000000000000000000000000000000000000000000
0000000000000000000000000000000000000000000000000000000000100000000000000000000000000000000000000000001000000010000000000000000101000000000000000000000010000001000000000000000000010010000000000000000000010000000000000000000000101000000000000000000000000000
0001000000000000000000000000000001000000000000000000000000000000001000000000000000000000010010000000000100000000000000100000001001000000000000000000000000000000100000000100001010000100000000010001000000000000000000000000000000000000000000101000000000000000
0000000000000000000000000000000000000000000000000000000000000000000000000000010000000000000000000000010000010000000000000000100000000000000000000000010000001000000000000000010000000000000000000000000000001000011000000000000000000000000000000000000000100000
0000100000000000000000000000000000000000000000000000000000010000000000000000000000000000000000001000000000000010000000000000000000000000100000000000101000001000000000000000000000000000000000000000000000000000100000000001000000000000000000000000000000000000
0000000000000000000000000000000000000000000000000000000000000000000000001010000000000000100000000000000010001000101000000010000000000010000000010000001000000000000000000000001001000000000000000001000000000000000000000000000000000000000000010000000000000000
1000000000000000000000000000000000000000000000000000000000000100000000000000000000000000000010000000000000010000000000000000000000000000010000000000010010001000000001000000001000000000000100000000000000000000000000000001000010000000000000000000000000000000
0000000000000000000000000000000000000000000000000000000000100000000000000000000000000000000000110000000000000100000000000000000000000000000000100000000000000000000000001000010000010000000000000000000001000000000000000000000000000000010000000000000000000000
0000000000000000000000000000000000000000000000000000000000000000000000000000000000000000001000000000000000000000001000100000000000000000000000000000100000000000000000000000000010000000000000000001000000000000000000000000000000000000000000000000000000000000
0000000000000000000000000000000000000000000000000000000100000100000000000001000000000000010000000000000000000000001000000000000001000000000000000001000000000001000000000000000000000000000000000001010000000000000000100000000010000000000000000000000000000000
0000000000000000000000000000000000000000000000001000000000000000000000000000000000000000010000000000000000000000000000000000000001000000000000000000000000000000000000000000000000000000001000000000000000000000000000000000000000000000000000000000000000000000
0000000000000000000000000000000000000000000000000000000001000000000000000000000000000000000000000000000000000000000001000001000000000000000000000001000000000000000000010001000000000000000001000000000000000000000000000000000000001000000000010000000000000000
0000000000000000000000000000000000000000000000000000000000000000000000000000000000000000000000000000000000000000000000000000000000000000000000000000100000000000000000000000000000000000000100000000000000000000000000000000000000000000001000000000000000000000
0000000000000000000000000000000000000000000000000000000000000000000000000000000000000001000000000000000000000000000000000000000000000000000100000000000000000000000000000000011000000000000000000000000000000000000000000000000000000000000010000000000100000000
0000000000000000000000000000000000000000000000000000000000000000000000000000000000000010000000000000000000000000010000000000000000000000000000000000000000000000000000000000000000010000000000000000000000000000100000000000000010000000000000000000000000000000
0000000000100000000000000010000000000000000000000000000000000000000000000000000000000100000000000000000000000000110000000000000000000000000000100000000000000000000000000000000000000000000000000000000000000000000000000000000000000000000000100000000000000000
0000000000000000000000000000000000000000000000000000000000000000000001000000000000000000000000000000010000000000000000000000000000010001000000000000000000000000000000000000000000000000000000000000000100000000010000000000000000000100000000000000000000000000
0000000000000000000000000000000000000000000000000000000000000000000000000000010000000000010000000000000000000000000000000000000000000000010000000000000000010000000010000000000000000000000000000000000010000000000000000010000000000000000000000000000000000000
0000000000000010000000000000000000000000000000000000000100000000000000010000000000000000000000000000000000000000000000000000000000000000000100000000000000011000000000000000100000000000000010000000000000000000000000000000000000000000000000000000000000000000
0000000000000000000000000000000000000000000000000000000000000000000000000001000000000000000000000000000000000000000000000000000000000000000000000000000000000000010100000000000000000001000000000000000000000001000000000000000100000000000000000000000000000000
0100000000000000000000100000000000000000000000000000100000000000000000000000000000000000000000010000000000000000000000000000000000000000000000000000000000000001000000000000000000010000000000000000000000000000000000000000000000001000000000000000000000000000
0000000000000000000000000000000000000000000000000000000000001000000000000000000001000000000100000000100000000000000000000000000100000000000000000000000000000000000001000000000000000000000100000000000000000000010000000000000000000000010000000000000000000000
0000000000000000000000000000000000000000000000000000000000000000000000000000000000010000000000000000100000000000100000000001000000001010000000000000000000000100000000000000000000000000000000000000001000000000000100000000000000000000000000001000000000000000
0000000000000000000000000000000000000000000000000000000000000000000000001000000000000000000000000000000000000000000000000000000000000000000000000000000010000000000000000000100000000000000000000000100000000100000000100000000000000000000000000000000001000000
0000000000000000000001000000000000000000000000000000000000000000000000000000000000000000000000000000000000000000001000000000000000000000000000000000000000000000000000000010000000000000000000010000000000000000000000000000000000000000000000000000000000000000
0000000000000000000000000000000000000000000000000000000000000000000000000000000000000000000000000000000000000000010000000000000000000000000000000000100000000100000100000000000000000000000000000000000000000000000000000000000000000000000000000000000000000000
0000000000000000000000000000000000000000000001000000000000000000000000000000000000000000000000111000000000000000001000000000100000000000000000000000000000000000000000100000000100000000000000000000000000000000000000000000000000000000000000000000000000000000
0000000000000000000000000000000000000000000000000000000000000001000000000000000000000110010000000000000000000000000000000000000000000000000000000000000000000000000000000001000000000000000000000000000100000000000000000000000000000000000000000000000000000000
0000000000000000000000000000000000000000000000010000000000000000000000000000000000010000000000000000100000000000000000000000000000000000000000011000000000000000000000000000000000000000000000000000000000000000000000000000000000000000000000000000000000000000
0000000000000000000000000000000000000000000000000000000000000000000000000000000000000000100000000000000000000000000000000000000000000000000000000000000000000000000000000000010000000000000010000000000000000000000000010000000000000000000000000100000001000000
0000000000000000000000000000000000000000000000100000000000000000000000000000000000000000000000000000000001000000000010000000000010000000000000010000000000010000000000000000000000000000000000000100000000000000000000000000000000000000000000000000000000000000
0000000000000000000000000000000000100000000000000000000000000000000000000000000000000000000000000000010000000000010000000000000000000000000010000000000000000000000000000000000000000001000001000000000000000000000000000000000000000000000000000000000000000000
0000000000000000000000000000000000000000000000000000000000000000000000000000000000000000000000000000000000000000000000000000000000000000000000000000000010000000001000000000000000000100000000000000000000000000000000000000000000000000000000000010000001000000
0000000000000000000000000000000000000000000000000000000000000000000000000000000000010000000000000000000000000001000000000000000010000000000000000000000000000000000000000000000000000000000010000000000000000000000000000010000000000001010000000000000010000000
0010000000000000000000000000000000001000000000000000000000000000000000000000000000000000000000000000000000000000000000000010000000000000000000000000000000000000000000000000000001000000010000000000000000000000000000000000000000000000000000000000000000000000
0000000000000000000000000000000000000000000000000000000001000000000000000000000000000000000100000000000000010000000000000000000000000000001000010000000000000000000000000000000000000000000000000000000000000000000000000000000000000000000000000000100000000000
0000000000000000000000000000000000000000000000000000000000000000000000000000000000000000000000000000000000000000010000000000000000000000000000000000000000000000000000100000000000000000000000010000000000000000000000000000000000000000000000000000000000000000
0000000000000000000000000000000000000000000000001000000000000010000000000000100000000000000000000000000000000000000000000000000000000000100000000000001000000000000000000000000010000000000000000000100000000000100000000000000000000000000000000000000000000000
0000000000000000000000000000000000000000000000000000000000000000000000001000000000000000000000000000000010000000000000000000000000000000000000000000000000000000000100000000000000000000000000000000000000000000000100000000000000000000000000000000000000000000
0000000000000000001000000000100000000000000000000000000000000000100000100000000000000000000000000000000000000000000000000000000000000000000000000000000000000000000000000000000000000000000010000000000000000010000000000000000000000000000000000000000000000000
0000000000000000000000000000000000001000000000000000000000000000000000000000000000000000000000000000000000000000000000000000000000000000000000000000000000000000000000000000000000000000000000000000000000000000000000000000000000000000000000000000000000000000
0000000000000000000000010000000000000000010000000000000000000000000000100000000000000010000000000000000000100000000000000000000000000000000000000000000000000000000000000000011000000000000100000000000000000000000000000000000000000100000000000000000000000100
0000000000000000000000000000000000000000000000000000000000000000000000000000000000000000000000000000000000000000000000000000000000000000000000000000000000000000000000000000000000000000000001000000000000000000000000000000000000000000000000000000000000000000
0000010000000000000000000000000000000000000000000000000000000000000000000000000000000000000000000000000000000000000000000000000000100001000000000010000000000000000000000000010000000000000000000000000000000000000000000000000000000000000000000000000000000000
0000000000100000000000000000000000000000000000000000000000000000000000000000000000000000000000000000000000000000000000000000000000000000000000000000000000000000000000000000000000000000000000000000000000000000000000000000000000001010000000000000000000001000
0000000000000000000000000000000000000000000000000000000000000000000000000000000000000000000000000000000000000000000000000000000000000000000000000000000100000000010000000100000000000000000000000000000000000001000000000000000000000000000000000000000000000000
0000000000000000000000000000000000000000000000000000000000000000000000000000000000000000000000000000000000000000001000000000000000000000000000000000000000000000000000000000000000000000100000000000000000000000000000000000000000000000000000000000000000000000
0000000000000000000000000000000010000000000000000000000000000000000000000000000000000000001000000000000000000000010000000000000000000000000000000100000000000000000000000000000000000000010000000000000000000000000000000000000000000000000000000000000000000000
0000100000000000000000000000000000000000000000000000000000001000000000000000000000000000000000000000000000000000000000000000000000000000000000000000000000000001000000000000000000000000000000000000000000000000000000000000000000000000000000000000000000000000
0000000000000000000000000000000000000000000000000000000100000000000000000000000000000000000000000000000000000000000000000000000000000000000000000000000000000001000000000000000000000000000000001000000000000000000000000000000000000000000000000000000000000000
0000000000000000000000000000000000000000000000000000000000000000000000000000000000000000000000000000000000000000000000000000000000000000000000000000000000000000000000000000000000000001000100000000000000000000000000000000000000000000000000000000000000000000
0000000000000000000000000000000000000000000000000000000000000000000000000000100000000000000000000000001000000000000000000000000000000000000000000000000000000000000000000000000000000000001000000000000000000000000000000000000000000000000000000000000000000000
0000000000000000000000000000000000000000000000000000000000000000000000000000000000000000000000000000000000000000000000000000000000000100000000000000000000000000000000000000000000000000000000000000000000000000000000001000000000000000000000000000000000000000
0000000000000000000000000010000000000000000000000000000000000000000000000000000000000000000000000000000000000000000000000000000000000000100000000001000100000000000000000000000000000000000000000000000000000000000000000000000000000100000000000000000000000000
0000000000000000000000000000000000000000000000000000000010000000000000000000000000000000000000000000000000000000000000000000000000010000000000000010001000000000000000000000000000000000000000000000000000000000000000000000000000000000000000000000000000000000
0000000000000000000000000000000000100000000000000000000000000000000000000000000000000000000000000000000000000000000000000000000000000000000000000010000000000000000000000000000000000000000000000000000000000000000000000000000000000000000000000000000000000000
0000000000000000000000000000000000000000000000000000000000000000000000000010000000000000000000000000000000000000000000000000000000000000000000000000000000000000000000000000000000000000000000000000000000000000000000000000000000000000000000000000000000000000
