0000000000000000000001010100000000000000000000000100000000001010010000001000000000010000010000000010000001001001000100010001100000001000010001001000011011001001000000101011011000000100000101000010010000000000000100000001101000000001010111001010010000010001
0110000010100000010000000001001000000000001000000000000000000000010000000011000001111000000000010000000000011001000000100010100000100000000000001000001000000010100100000000100000001010100000100000001000000000000000000000001000001000110000000111000000001010
1000000001000000000000010100001000000000100001000100000000000000001001000011000000000001000001000000100000000000000001000000000001001000000001000111110000011000000001100011000100010000000010001010000011110000000001000000000000010001101100000100000000000000
0100000000000000101100100001000000100100000000000001111000101010000110011100000001100000110000000000000000000000100100001000010000000101001011000110010110101000000110000000000000000100010010110101010100100000011100010000010000001000000000101000001011000000
0011000000000001001000101000000000000010001100001100100010010000000100000110000000000000000100010010010001000101010001010000000010011000000111000110000011000000000100001101010001011000010000000101100101010000011000000100000010101001000100100100000010000000
1000000010000100010000000000001101100000001010000000101010010000100000000000100010110010100000100100000000001101000100001000010000100001001100100011001000000010000010011000000011000000000000000010010000110010010000100100000000100000000000100100001000000000
0000011000000000000001000000010000000000000010000000000000000010001000000011000100000100001100010100011100011011000111010000111010110100011000100010100110010110010010010001001100110100000110100111000100010110100011001001000100001110000000000000011101000001
0001000000000000010100001000001100000000110010001000001010001010001000001110001000000100000010101000101000001011110000010011010011001000100000000001101000101110100100010000000001000000000100000000000100001010000000100001001100000000101000101000000100100000
0000000000000000000000000000000001000001100000000100000001010010010010000010000100000001000010101001001110010000010001000001010000000011000000010011010100111001100001001110000011111000100000000000001001000111100100000010010100110100001100010000000001010010
0100010000110000000000100000100001000000001000000000001000110000000000001101000100111100000000100000000000110010001000100010000100001000001101010111001010000000100100000011110001000110001111001001111100010001000000000010010000000000000000100100100101000000
0000000000100000001110000001000110000000010101110000000000000010000000000000010000000011001101000000100101100000000010000001000000000000000110101101010000011101100011010000000000000011011101010100001101001001110100000000010000000010010100010101000101010000
0001000100000000000000100000000000010010010000000000010001000000001000000100011000100110011000000010000001110100001011000000100100001100000000000000000110100001010000011000011000010010100001001010100000000000000001000000000010000001010001010010000000000000
1100000001000101001100000000010110000000000000000000101001010000000101000100000010010100010100100010100001101000101101110100001001000000100010001100100001111000001010011011010000100101110000010010000000001100010111011100000010010001100001000110001000000100
0000001001100000001100000000100000000001000000000010001010100010000000000010000000000001000111001001101100000010010110000101100000000101110000011010001010000000011000000010000000111000101000110010000000000001000000000001111010001101000100000000000010100000
0000110010100110000000100010010000000000100101000001000010000101000000000100100011001010000100000010000100111011000101000100100000001011111000000100010000101100001001010000010101000001111100000110010010111000000001001001000001100100111000010000010000100101
1100000000100110000000001000100001001000100000010001000010001001001000101000111000000000000000001000010000101100101000100100010100000000001000000100000011000000001001000000000001000110110011000100100000010000000000000101100011010001000000110000010011000000
0000000110001010000001000000001110010001000110010110000001010000000110000000000011000000111000000000000101001101000001001000000100000001011000010001001100100101010000100000001000000100110111000101000000001001000010000100010000000110000110000001000001110000
0000000000000100010000010010000010000000011100100000001000001000110000000010010101100100000100101101100000100001000000000100010000011000000100010101000101010010000000000001000010000110100101110000001000000111001010000000000000011000000000000001001101110000
1000000000011000010100100001000000010000000000010000000001001110000100010000000100011000010000011101001001001100010010110101100100000001101010110100111100000001010110110100100101100100111000010001000001110000001101010101000101110000000101000001100011101001
0000000000000000000000100000000100010100011000110100000000001000000000010010011111000000011010010010010100100001100000010011000000110100101010101100000011000001100010000010000100000001000011010101100000011011000100000010000000010111110000110010010000000011
0000010100000000000100000101000001011000000101000011000000010011001000100011000001001000001000011001100000010010001010000100101001000000110000011100000011010111100100001101000001001010100001000101000001000100111110001110010100100000000100001011110100000001
0000001000000001010000000000000010000011110000000001000000000000100100000010001101110000100001100000010000101101010000010100010000000010010100001000110001100010000000010000100010000000001110000110111001100011011000100010010010000011000100100110001000000001
0010100000001011100010000010010000000000100000000100000001001000010100100000010000110001000011011000010000010111110110000100111011011001000010101001000000000100110000111101011100000000110000000100000000010110011010000010000100100111011100101101001110000001
0000001000010010000001000000001000000001100011100000000001010000011001000001000000010010000001100010000000011011000000000001000101000000100001010011100000010001010000110110101001000101000101000001000000001000100010001001001000000100001000000000000000000100
0000000000000000000100001000000000000000010000000000110001010001010010000101010001010110010100000011000100000110000101010100001001110100001011001101000000000000000101011000010101010001000100010000011001001000100001000100010000110011010000000000010011101000
0000100000000100000010101000000000001000010001100000000000101001000000011001001000110001001010010000100001000000011000011000100110010110010010010000001110100001000100000010001010000101001010010000100001000000010010000001000001000110000010001110100100000000
0000011000010000000110100001100000000000000011000010000010000100010000110100010000110101010000001001010001000000010011001010101111110000010111000011110101100010000010001100011010000000100101111100000001000000100111010100011010000100001000100001001001001001
0010000000000000000000000010000000000000011110001000000000000001000010001000000001010000110000101100000100101000001000001111000000100110010000010011101000110010011111010100101000000110010100000000100010011000000010000110000010001101000000000111000000001000
0000000000000000000011010010000011000010000000110001010101010011110001010001000000101100110011010101100101110001110000001111000101011000010001101000000001110101000101101110000001000001010010010100011101001001100001000011001100100111000100100011000000011001
0100100000100000000000010000000000111000010000110110101110010000000010000010000000101011110111000011000001110000000000110111010000100000101101000100100001100001000111000110001100010000000010001100000000000100001010011000000010100000101101000001111000000110
0000100001100000010000010100000000000100100101001001010110110001001101000110010110001000001001011100011000001000011100110001001000010001011000100110010100000101010110010100000000111110011001000100000110010000100101010010011000000100101000000101000010101110
1110000000000000000000000010010000000000000001000000100000011000000011001101100101001000000101000010001011001100100000101011000010000010000000000001000100110011110000110001010000110010001000100000001000100000000000100100010100100000001011000100000111100110
0010000010000000000110100001010100100000000101000101000000000111000110001111000101000101010111000000001100010000011011000010010000011010010101000010101100011011110001011000010010110110011100000100000110011110000000010101010001100001001010010000000110000001
1110000000000000000001000010000000011000000000000001000000010001001001010101110110000100001000101000001000011101000011101001000101010000101101100010000011100001001011100011100100110000001000000000001011100110010001000001010001011001100100011100110101100000
0000000000100100000000000000000000000001100000000000000100100000000011100110001100000010100100000000010110100000011100100001101100001100101101000100110111000001000001010000001100000000001110011010000010000000000001001000110011110110101110000110001100100001
0000100010100100001000011000001010001000100100011110100000010100000000000000001000010001101010100000001101111101000010101110010000001010000010000101100000010111110110001001001010011010100000001111101101011010101010010001101111001011000010000100011011000111
0000001000000000001000000001000010000001000010010000000100000101010100000000001111101100011000000000011010010001000011101000010000011000010000101011011001001110001111100001110110100001000011110000001001001101111011010110010110010100000000001000100010001000
1010000000001000000000010000000000000000000000000001000100000100001000000000100000000010010001001100100100100011001110001100100000010010010010101001000000010001101110110010010001100000010110010000010110010011100100100000000000110100000100100010000100000001
1000000001000100010100001011000010000000001100000010000001111100000111010011010111110000011111001010101100001100100111011101111100001110010100010011010010010110001000010010010101101100010010110011000000010010001000100100100110000000010010010001011000000001
0110000001100000010000010000010000010000000100001011000000000010101000000000000000101110000100010010001001000010001000001001011110100001000010101000101001111000010101110000100001001011000010100011101110010110010001110001010100001100000000111101000001011000
1100010000000000100100000001000000000000010101100000000010000010100101101001101100010011000001000011010000010100110000010110010000101100011001011100010100110101111100101000100011010000001100000000001100100011010010011111100011010100000000011000011110100000
1100001100000001000000000010000010100000010000100010000010001010000000001000000111001010101010010000100100011001000000100001100011011001100101110000000110000011000010011110100100101110001100001001101100101010111000010000000001101000000000010011101110000001
0000000000000010001000000100100100000000010001010000100110000100100111011110000101111000001000010011000100000110110000011000000010010001101101000001001001000001010010111011000101000101000001001101000001011100001001011101000010110110000100000000001110100000
1100001000000000100000100000000010001100000000100000011010000001000101000010000110101010010010111110100010110000001110001100010000010011110001100000010110010000000000101000011001011110000000100000011001011101001011001110001001010000110010101000010000000000
0000010000000000000010100000000000001000110100000101100011000000000100000000000001011100001100011101010101010110000101100001001110000110010001011101010110010000010110001100001111010101111011000001111011011000000100101100000010000010001001010111011011001000
0110000000000101000010000011000100000100001010000110010010101001110101000101010011001001011101100010010011000101011000010110100100010000000110111010000001000100001010001011111110000100101011100000000110001010100001100000001100000101000100000100000000000111
1101000000000000000000000000000001010001001000010100010100001000000100101110000101100000010001110000010111110001000011000001100101111100111000110000000001011101011000000000111000100010001001100000010100100010000010010110000100100000000101000000110100011001
0100000000000000000000001001000000011000000110000010000001001100010011000000100010010000000110010001000000101000000010001001001010100001101010011010011010101000100111100100100010011010000100100000000000010001101010101010000010000000010010100000000001000111
0001010100001000100011100000001000100000110100100000000011011110101110001001001001101000010100001000010100011001001000011000000101101001011100101100001100110000010100101000101010001000001101010100010001010000010111010101011100010000001111001010010100101100
1100000001000001000010001100001110000010000000000000100000000011100001101001100110001100100100000000001001110100100000100010111001111011000000010001001011001010001101111100000010100011000001010001001100010100000010101010000001010000010110011000010000001000
0001001000000001010100001000010001100110010001000010001000100100100100000110010010110000000001010111001001000111010011111100000100101110010100100000000011000100000001110001110110001001000100110101110000010101101001100001001101011000011001100000110001100000
0000000001001001000000000000001100100010010001000000000100000111000101101000000010000000101111000000001100100011101101001100011110000110001001001010100010011000001100100100000110010100100001110000000000100100100000100000100010000000010000000110010000000110
0001010000000100010100001001000000001100100101010100010000100011011010010010000001010001100111100000110001000111110100000010011100110000111100000000000101001000101001011011110100011100100000100100001001101101001001001001000000010001000010010001010001110010
0000000010000000000000000000001000000000001000000010010100000010100100000000110000110001000000000110000001110101000101101000100001000000011000010000000000010010101110111101011001100100100101100000100000101000001011101011110101100000000110011001000110011000
0000010000000100000000000010000000100001010000010100000011100101000111000010000101010000100100100100010001001110000100011010011110010100001011000110000110010001000000110110100100101001010100101001011101110010001100000000010001101110010100001100001100010010
1010010000000100000000000000000000100000000101000010000010110100000100000101101011100010001101000000010011001110110010000010010101111000100001011011000010001011001000100000100000000111011001000011101010000001100000100100000000010000000110101100010011100000
0001000100000100010100000100100000010000001010010100001001010001001101010000100101110000001101010001000001000100110001000111110100111000100000000000100111001011010100000000011010000000100000110000011001010011011101110101001000000000101000000001001001010000
0001001000000000101001100000000111110001000001001101000000000110000000010001100100010100000000000000001001001101000001010010101001100000000010101000100101000000100011111001111101000101110010011001011001010100000010101010100000000100001000000101011001000000
0100001000010001010000001011101100000000010001000011010000000000010101001000001011010011010110110000000000000100011001010110010001000110110001011011011010000000000111100011000001100000001010000000000100010100000101000000000101110101100000000000000001110101
0001000100000000010000110000000001000000000000000010100100000000010011101100101001000000001100100001010010011010100101100100001000100001000000000001110010101110010110111000010110101011001000010000110000111010000110110100001100001011001000011000110000100110
0001000000000011000100000100000000000000100001000011000100000100111000010101110001010001010001000100001101010101101001001010111000110001110110001001101001000100101010000001010100000010000101001101110100001000111000001101100001011101101010000010100000010100
0100000100001110000100000000000110000000001010001010000010000110100001100011110000010000010001000011001100100011011010110100111000001100001000101100000100001110011000000000001010100000001000001101001110001111100000100001100010000100000010110010101001101000
1000000010011000000000000001010110011001011100011110110001010001010101000000010101000000001111010000010100101101110001010000010111000000010100000100000000100000001001001110111001111100010111001111000100000010100100000001001001011000000111000000100100000001
1000001001001100100110000000000001001010000000000010100001000010010000000011011000011000010100101101100010000000000100101010011101100010100010110011011111001111110000011000001110000101000000001110110100000001100100000000001000011000110010010100000000100000
0000100100001000000100010010000010011010000101011001011010010111101100001101100000000010010000100001010111100011100111011011011000010100001111010110000001000000000010000000011100110001000000010010010001110010110001010011111000000100100000101101000111010101
0000110000000000000100000000100001100000010011001100001011000000000000110000001000000000101101110110000001010000110010011000001000010001111101011010000001111001011100100000000000101010001101110001001010001111100110000000001000010000101000011010000010100000
1000000000000001001001111001000000000000010010101101000000100000001101011100010001000111010000011101110111011110000101000100010011110001101101000010110111110100011100000011010000000000101100000000011000111101000001010011110011100111010001000111011011000011
0100000000001100000110100000001011010010000011000010000110001000101000010100011000001111101010001100010111100000001011000010010001100011000010001111001000001000101000011110111011000000000010001101010000001010010100110100000000100100110000101100101010101110
0000000000000001101101000000001101000100110100000000100101000110000101100101100101010101100001111010100101100101010100000000110000110001000001110010110010010110010000000000100100100001001011011100010001001101001101000101000010001111010111000000010101010001
0100000000000000000010010110001100010001000000001000000010101001010001000100101100010110011100110100101011101001111000100010001000001100001010100111010000110010111011111001001000001010001001100101001000100011010111001100111000000001100100010010000110110101
1101001010010110001100100101000010001101011011000000001010001001011100000010010110000100011001000101000101000101001001010010001110000111000101010101000101001000110111011011011000111100001100000011000101010010111111111110010010000101000100001010000000010001
0000101010100010000000001000100000001100011000000100000000010010101101000011110010011110100000100001110011000000000001111100111010000100001000000001101100101011100000100100100110000010000000100000110000000010010100001000101010000100000000001000001001010000
0001000000100000010001000010010000010011000111110001010100000000000001100100010000001111000111001101000110110100000010110001010011011101001011011101101111010011101100011101010011110100000001111101010100010101001000100001000100011000010000010000100101100101
1000000000100000000000001000011100000000000010000000000000000111000101010100100110100100000000001000101000101100000000001110010101001000100010100111001101111011001001000001010001100000011111000101001001000000001111100011000100011000101010000100010001100000
0010100101000001000000000101010100100000001110000000010011101001000100011101010110100001000101010001010111000000100000000101100100010001010100000000010010001000001100100001110001000101110101000000100101000101111001010001000111000100011000000001000001000010
1001000100110011000000000000000000010001011000000110100001011010000100000001000010000001010000010111011001111000110000101100101101101100001000110000010101110001001110000101010100000110000001000001001010100111001000011110111000100010001000000000010100001000
1100010101110000010010100001000000011000010100010000000000010100000000100010010000110000100011010011000000010100100101001001010111000001001001000000111001111001011110000010110000000100110000010000001000000100110000010101000110110100000000110100000001000110
1100000000000000000010100000100101100010001000010001000100000001010011101001011011100000011000000010011000001010111000111001000000000011110101001010000010001100000111010001000000110011100010101011100000001100110011110000000000000100100001001001100101100110
1000000000000000000000010000001001101000100000110110010000010110010001110000000100010101101001001101011111001001011000100100011001100000110001110110111010001001000011100000000010100000011011000111011001110010010000010001100100000110000100001101100100000000
0000000000100100001000010101001000100011010100000000000001100110001010100010100101110001100010110010010000010000010100101110100011010101000100001010001001001111010111000001101011000001000001001100100010010010011000000110100100001000001000000000000010000100
0000000100100100100000100100001101001011000000110010110011001000000010001110010111000111100101110000011101101001010101110010000010010100011101011111100111110001100101100001010010001011000100001000110000101100110001010110010111111000001010010010100100100001
0000000000001010000100000001100100010000000000001000010000101000001010111110000100001111101010110010101100010011001001000101000101100100100010101010100001110010110101101000111000000000011011000101010000101101011111000001101011001000010000010100000001110110
1100000000010001001001100101000001011000000101011000110001100000000110100100011100000101001001000101001111000001000000111000000100001000000011001101000100011110010101010100110101101110001001010101010000000000010000001000100000000000000010011100000101010000
0110000000010100011010000010110000001110010000101011001000000000001110000111000000010011100011101101100000011000000000010001010110111001000010000001001111010101000000001100001010101011011101000001000000000100000110000010001010010001000101010100000001000000
1100100000000000000000000010101110100010000011011100000001010000110110011100100011110000100111001100101101001101110011100010110001000100011011010101001011000010000101111000000111100010100100011001100101110100110100000001101101101011010000001100000100000001
0000000000000010000000110000000001100000001000000010001010011110001100001000100111000100000000111001000010001110010010101110100100110101001001011010010101111000111000010010101001110100001011101001000011010001100010000000101000100100001111010000001010100000
0100100100000000100101010101010100101000110010001101000100000101011100000010000101010100111011110001100001000110010000100101010111110001001001001101001000110010010000000001001000110010110111011011111101111000010010101011010100010111110010000001011100010101
0110000001101001010100010000001011000010001111100001000000001110011000000110100100000010110010001000101000100101000011111001110100000001001111001100010000000001100111001000010000001001010011101000011011001000101000100010100000010001110010000110011001000001
0000001001001000010000000001010010000100001100110011001001010110100000010110000100110111100100010110101001110001000101110101100100110001001011110100111110010000101011100100100000110100011001010101100101111000001101011000000000000000111010011000000011000001
0000000000001000000000000100001010010110001100000001011010001010011100110001100000001011010101000001010100100010000110000100001000010100000101010011001101100101001101000001000010001000010001110100010100001000101100010000000000000000000010100001010000000111
1001101100000000000001000100011000010110101001010001101000000000100000001000000001010101001010100101101101001100000111010000101000100101000111111100010101100000101001101010010010111001100101010001100100000101010000010000000000001001000100100101010000110011
1000000100101000000100010000000100001000001110000000000010010100101000111000000100010101000001011011101001000000010011001001000000000110011100000101000011010111000010000010101010110010000001011010110001001100010011000001100000111110000100100100001000010000
0000010010000010010000100000001110010001010000000100001001101011001001001010010010011100010010000001010000100101000110001100100011000000000010111011000101011100101000110010110101001011101001010100110101100110101101111000100011000101000010011101100011100100
1100100000000000010000100000000010010000000001000110010100000000101010000000001001100011010010010101000100110110000000100000010101101101000000010000110110011011101100110111100101010101000001110010000100010101101101010101000000010000011000001110001001010111
0000000000001001010001100000110001100000010100100110010010110001100000000001001100001011001110000011000100110100000100010100011100111001101110010100010011000001010110011000000110000000100001010100100000110001010110010001010010111100010110011100010000010110
0010000000100000100000001001000001011100000011000000001000000100001111001011010000000011101100001010100010000000100010001110110100001001111101010011100010100000000111000010001001011000100000011101100101011000100110100111000000101001000000100110000111000000
0010000000000001100010001000011000000101001010010000100101010101000100010000111001011011110110001110001101101001101100000001100100010111101101111011000001100110010110100000110100100100101100111111010110011110101101001011101100000001011010100100000001010000
1100100001001000001000000100010011011100000001101001100100110000101101110110010000000010111011110100100001111111000010000010110000100011110011100000101101101010001101100000000110001000100010000010001110100101001000000001110000000000000010000000010100001011
1000100000100001001000010101010010000100100100000110110101101001100100011001010101000100010110100000001100100000000000100100010110010010101011010010100000110110000011010110101101001001010101110001000001101001010011110100000110010000000001010101000011000010
0100001100010000100000000000001000000000010100000100010000001001000001111010011101111010100001001100110110100000010100011010100000100000100001001010001010010111010011101010000110010000111010100110001001001110011000011000010010001001000000100001000001000000
0000000010000000000001000000001101000001100100000100000011011100001110100000001011000000010000011101100010010010100101110000100100001100010110010000010000100001001000001001000111010101001101001101110100011000100010001000010111110010010110010000010000101000
0011101000001010000000100000000010011000011100100001001000000100000000011110100001111101100010000101000100101001100100100010101000100000011100001110100011001010101000110001000001000000010000101000000100011000100011000100001001101010100001000001101010000000
0000100000010001000000000000110000011000010101100001000100000000010101010100101011010101101001010100101010010000111000110010000100010011000001010010100010100110010001011101110000110110000101010001100010011000001110110100110010100000001011111001000100001101
1100000000000000000000100000000000000010001100001000010100000000001010010011000000111101100010110110000001100000000010011101000011110110000100000110001011001111000001110101111010101100000011001000001000001010001001001100000101000100000010000100111101100101
0000010001100010000011101101000001010111000100010000010000010001001100000110110010010011001110001000000111010001001000001001010010001101001000000011010110000110011001011101010110011000001101111000001101101111010100110010110001000111001101010111110100100000
0000100100000000001000100000010100000100000001101101000000110011001011000100101011000100000010110010100100001000100010110101011001110100001010000010000100000100010000000110101001011000000101100101001000010100001000000000101001000001000000010101000100010000
1001010001110100000000000110000000011001000011000111000000110011111110010101000001010000100000000001010101011111000000011111010100000000010010000100010010000000110100010011000001101100010000001000000011010000110001011101000001000001000010010100000111101000
0100011000000000001001000100011010100010100000000000001000000111000111000011011010010010010110010111001100100111100110101000110100101001101000111101101101000100101000000001010010001101010010011001000000100010101011001111010101011010000110000000000101101010
0010000110000100011100000000001100000110000100000110001001000110010110001000011110110010100111010000000101001111001110100000010110001000010101011100000111000011111101110100011000101111010110100100110001001000101001101100001100001011000001011100001010010110
0000000001010110000000001000100001110000000010100100100000000010010000110011110110000000110010000110100010100000110000000010001001000100000000100000101010110110100000010101111010101010000100100010100011011010000101010000101001000100001010011000001010001100
0000000101000001000010000011000101100110000100001000010001011000010100000000000000000000101010100111110100101101000101110001001001010000010011100011011100011010100101000100110001010000110101011110110110000100101001100000010010111011001111000010100011100101
1000001001000110000100000010000100000000001000000000001000000001110101000000000100010100010000100010100100000001111010101111000010100100100000100000000100101100111100100010000010010000110111110001000101100011101000001000010001101000010000110000100010000110
1100011000000110011000100101000010001000000010000001000010011010010001011010100001000001110110101001001111111000100110001001011101000110001100000101010100010101000101010100001111011000100100100011010011101001000100100001000001101001100001000111100011000000
1001000000000000000001000110000000010000001000000000000000000000100000100010010101000001010011100110001010100101111101111000010010101000011000111001000010110001001000010100001010101110110001010100000010010111110001000000100000011000110101110100011001000110
1000000100010010000000100000000000000100000001010110100000000101000001010000010000010001010111010111000000000101001000100011110001001000010111011010000110110001010011000000011011010100011100111010101001101001010111101010000100001000101000011100011000100011
0100001101101100000000000100000000001001000000100000100101000110110010100100001010110010001011001010000000011010111001100000000100011111101000011111100100001011100110010010001100010100000000000100000000001000000101000000011000001000000010000000010010000100
0000010101001110001001011001000000100100011010101100011011111110000110110100110101100010000110100100001100010110010110011001000101110101111110000101010011110110000010000010100010000000100001111100000001001000001000010110010101000100100101000101010111100100
1000000010100000001000000001010000100001000100100100101101000100111011100101011000110100101000001110010111100011000000001000000001010100001000001110000010101011011100101001011000110010001100000000011100001100111110000000101000001000001100010100110010000110
1000010100000010000001100010000010111000001000001100010000000000000100010000110000101101001000000110000011000100010110001101010100010011001000000011110010110000000110111010001101001100000011101110000011101000001101100100011010100010110100011110101000110111
0100001000100100010100100100001000000000111010000010000001000001100010001101010001010011101000110010001010000011101000000001100111111010000100100111110100000111110000100000011010100001101101010000001010100001011101000010001000001001011000101000111000010000
0000000100001010010001000000000100111000001001001010001100010101000101000000110101010011011110011010100100100111010010101001111101010100011011101100011010101000000001101010100101100101110000011001110011111110001001010001110011111000011001001000011101001010
1000010000100000000000000100000010000001111000001000000100000000100000100001101000000000101001010010000010100000001000110010010001001100000000100001010110001001001011111110001110000100000000010101000010011010010100100000010010000000110100000010001000001001
0000000000000010000000000101000100000001101100011100000100101011000000000001000100100010011101100001010001110100100001100001000110110110000101011010010011110001011100111000010001000101011100100100011001100000010100000001000100000000010010000010000000000000
1100011010001011010000100001100101100010000111000110011000000000100000011011011101100111001100101100000000010100000000010100010110100101000000000010001000000010000000001110100010001110110110111000000000110000000010010101001111000011000000000010000000001001
0000000000100000000000000000011001100000100010100101000000000111010000110001010110000000010100110101000101010010100000110100111000011000100011111110011011100011001010000100001001001101101111001000101000110111000000010010000010010111110100010000001000100010
0100001100000000011010001111110000000000001010010010101001001110010000000000000111100100010010110000001111010100000001001000001110010000101000000110110000000010000101100010001010100001010010101000011010101110110001000011110001100110100001110010001010101110
0100000001000000000000000010100100100100010000110110000111001001010001011011000100010000010100010011000110111000011101100010000101011001000100011001000001010001101100011001111001000000001101000110100001101000000100111001101101010000010101000101010000010000
0100000010101000000000000001000100001001000010000010100000001000000011100000100001000001000010010010100010011011001011011011100110101010010001101110001110000101110110010110101101101010001000011011010010101011000000001011101100011010011100001000101100000010
1100000010100000000001100000000001001101000010000110010000010100110010001000011001001100100100110110110100000010110001010101111101010101001111010101010010000010001001001101010011010000100100011101001011111000100111001010100000000000110101010000000100000001
1101000010010000000001001001001110011000000010000111010000101100010110110010000010010000000100000010000100000000000011000010101100111000010000001011000011001001100010001010100001011010011000111100110000001001000001001110110000011001001001010001100100100001
0000000000000001010000001000100010000101001010010100000000000011000100110111000001001101110000100101000011000010010001100001010110110000000000110000101111110000000100011110010101011110010000010100101011001000101001111100011100101000010000010001100110110000
1000000000000000010000100000000101001011001000100010000010000000101010100001010100111011001000000100100000101110001100000100110001111001101010001010001100100001101000010001101000101110001101010000000011000000000100100110000000000010001100001010001100000100
0000000000001001000000110010000101000001010000000000001000000101111000110000111001010101010100000101001000000110010101011100110000011001010111010100001111010001111111111001001000000010010010111100011001010001110100010101111000000110000000001001011101000011
0100110000000000000000010000100001000001100010001100001111001011000011001000000001001001010100111010001010101111101011111100000100100010010001110010000001010011101000110000111010010000011100110100011000000111011001100110001110000010001000000000101000001000
0001000000000101100010100110000001001110101100001000100001100111000001100001000001000000010000010000100001000010000100001100000000101100011011000110100101110001011000000011110101111010110010000011111100000110111110010000101101110100000011000000011110011100
0100000000010000100000000000000000100000000001001011010001000000110001011000100011000100000000000000101000100000001011100000010000101010100010100010100011000010101010011010101100011000011110110000011111000010001010000101001100010011100010100000011000100000
0000000000000000000000000001100000000000000100000100011101000100110000010100010101000010110001000100101100101100111000010001000011110101001101010000100101000011010000110110010111000001000001010010010101010000110110110000010100000101001101001101100001001101
0100000001000100001100010000000000000001100000001000010010000000000101000011001111010110100011011011000001001010000111001000100010110100010110100010000110101000110011000010000010111011000010010011101100101011001101000001101011000100001011000000111100001101
0000000000001000100010010010111100101000000001101110001000010101001100010001010010010000000110110010111001011000100111000100101100111111001101110111111011001000101100000111010010100001001101111011010011101000010000011011110100001000100100110100101101000111
0000010000100000000000000001000100000001001100111001011000001000100000000010010010100000000001000010011001010001010010000101001010010000000001101110000011101010000000000001000100010101110100110000000000000110110000111000011000100110001100010101100000010001
0000000000000001000000000010100101000000000010000000000010001000000101010101001101000011000001001100010100010001111001001010110000000001000101000001001100110111100100000110010001001101010101110101110000010110011010100010000001000011000100010110011000000000
1101000000101000000010000010101000010000001000100000000000010000111000000010000000000100000100001010010001111010111001000001100100111000011001101100000001000110001101000111000000001000001110011010001000010110000001111011000010001110000101100100110001000000
0000110000000000000100000100101101010000010000000010101100001001101000100011100101001100000111001101100011010110110001001100110001000100110101110010100000010000101001010101100101010000000101110100001100000011100101000011110000110000011011010000110000011000
0000000010000000000010100000000000010000000100100000101010000101100100010001010001101000011110000100100000000000100000111101110000100101011010011101101010101110000100100111000000000110001000010100100101000011101100010000001000010110011000110001001000001000
0011000000000100010000000000110010000101111011010000001111111101010001010100010000100000010100010011100000000001000100010100110010101000010101010010110000000000000001110000000001000100010000010100010101011100100011001110110110100100010010000010000100010000
0100000000000110100110000001001000000000110101010000000110000010000100010000001110100100000100000010110100111000100000011010001111110001000000101101100000000100001110010110100111000000001000100101000111110000000000001011011011000100101000100110000100000110
0001001011001100000000000100000001000010011110000100010110000101000111000001000111100000000011100101011100001001001100010001101100001100010001111011011000000100011100001001111000010101101100000000101011001001000100000000001011010100011000100110100101010100
0010000000000010000010000010100100000001110100010100001001110111001000001111101010000010100110010110010000101000101100100000010000000110000110110001001001000000000000001010100001011000001001000000001010000100001000100001010010001011000001000101000010000110
1100001000000011001001000010000001011001000001001010001001100000010000010101110000011001001100001010000111010101001001000100110101111000111011110000100101111000010100010011011000111110011101111001000001111100001101000000000000000100000001000101001001110001
0100000000100000000000000010000000010000110001000110011010011011001000010101000100000001010001110010100000100000001000001001000110001111000000001001110111001100010110010000110100100000001000111101100010000110010001001010000111110101011101011100000010100000
0100000000010000110000100100000011110000000000000100000010011001010011010010010001001100000110011111100100010100010010111110101001010001100001100100111000000011101001111111010100110001111101000000011000000000010010000111000110010000001011100001100001100001
1010000000000000000110010000000000000000001110010100110010011011001000000000101010001001100111100000001101100010100100100001110010001101000101000000110010111001000100110000001101100100001111001001111001000000001000000010111011101010101010100100110000000000
0001000000010000000000100101100100000010000001111101000100100110001101000000100001100001100110000101101111100100100000111010011001011000010110001000010000001001010100011101001110010100001011100001000101010111100100000010001001100000001101010001101100010100
0100100000000100000010000010010010100000100100101001010100001000000010000010000110101001111011100000110001001010000011000000011000110000010110000011011010001000001110010001001110111000001010000000000100101000001100101100111000100000101011000010110000100001
1100011110000000011010001000000100010001001001000000001010101000011100000100110100000001000101100101110001011011000101000111110001000001111000011111000000100110000000100001010111010000010110010101100010010100001011100100010100001001100100000000001100010100
1100000000100000001110000001001010010010100000101110000111100010001100010010000000100000110101101101110000000001000011100111000101100000000100000000010101001010011000000001010000101011000001001001001110000011100011000011000010010001010010010000000100000000
0000000000000000100101000010000101010000000000010000000011100010010100011010010001000111001011000000110011010110100011110001011011100010100001100111000100001011011101000000000010000101100000000000001110000011001011001001001001011100110110010111101011000001
0000000000000000010000001000000000000001000100000000001001100000101110000010000010011000000001000010010000100001100000100101010000000111010010010001100000010100101000010000001011100100000000001100001001010010010010000001011000010000100010100010000011100110
0000000000000000000001011100010000010000101001000000011000000000100000001101000000001000000001101001001001111000100000000000000111100000111011110100001000000010000000111000010100010000010000010001110100011100000101000111000001010000000001011011000100000001
0001000101000011000001000001011000000010001011110011101010010011000000000000000000000000010010000000111010101000011111111000001100000110001001011010010001100011001000000001011000100000011111000001001000100001000001101000001000110000110000000100000000100001
0000001100000001100001000000100110100101100000000110010000101111000100000001010000110010100101110100001110110000000001001000010100001001010111010000011000000001011111000011100100000010000001100011111101010100000011010101000100010101011100010000010000010010
0000000010100000000000000000000000110010000101110100000001100010000100100010011001000010011100101110010011011010110111000101000100011000000001001100000000110000110000110000000010100011000010011000111110000011110011010010111000011101100110001100010000110000
0000000000001000001000000000000000001001000000001000010001010100000101000001001010100000001110011001000001111000000111100011010000001100011001001101010011111111110001000010000101100010001101010000110010000000101101010100100101000010110010000000001010110101
0000010010000000000010100010100000100000001111000110010100000110000001000100110000000000000000000010000000010000010000000010100000001100001001000100100010000011111101100101100100101101001110000000101001001111000010000010100000110010010000000101101000001011
0000000000000100000001001010000010000000000100110001000010001001001100101101000001000010011100010101101000001001100000000111010111101100110010101011011100000011000111010110001110000101100100001000011000000010000001100010100010100000011000110000000000010101
1001000000001000000110000100010000100000000110000000001001000000000001000111000001000000000000010110001110000001110101000011000100101000110101110001001101100010111001000111001110000000101001111100000000100010011100010010011000110010000100000000000001010100
0100101010000010001000000000010000010001000100100000000010001100110001110100000000000001101000010000100000100101011000010011110110010001100111001010011100100111010000010100000110000001110100000001001100001011010101001000011100000001001100000001000001001000
0000001100000001000000000000100001000000010110000001011000000000000010001101000000100010100011011100001110000000010010100101100000101100100010110100010010000001100100010010010100000010001000001010000001000010001100010000110001010000001010000000000001110001
0000010000000000100100000101100000010010000100010000010101110010011101000110000011010010000001010011010000001000011011101000010100000000000101011101101100000110110010000001000100010100000000000100001001010100100001000100010100001010001100001100000010000000
0100000101000000000000000100101001010010000000111000000100000000110100000100001000111000010100101000110000101010000000100110011011110010001001010001110000000000000000001000100100100100011010000000001100100010000000110011110100001000000000100010001011101001
0010000100000010100000110001100100000100010100011000100000000000001001000001011101000010100101100111010101100111010001010011001011100001011001100010110000010101000100000010000110010000010001010101111001101100110000001000011101100010000101010110100000001111
1100000100000001000000000000010000000000000001000000101010000010000000000010001000000111001010000000101000100001000100000110100000011100000111000100000000001010100001000110010000101100001000110100011000001000011100001001000000010000000100000010110000000001
0000000001000001000000000001110000000100000001000010000101010111000010100111000000011000011100011001100101000000110000000001010000000101000001001101000100110001000110000000000110000110101100010000101000011010010000000010000100000011001101011100011000010100
1000000100000100000000001000000000001000000100000010000000010001000000101000000000111001001010010000110010010001010000000000100110001000000000100100111100000011110000101101110010010100001111001010000110001110000010111000110101000000011000001100000011001100
0001000000000010001000001110100001010000010010000000001000001001010100101001000010000000000001001000011100000100000101110101010000110001100110011000010010101001000011111100110001000001110111001001000101010100100001010010111001001010000110100100001000010000
1000010000000000101010000000000000000000001000011000100000001000100001011010000011000011101000101000100100001000001000010000100010011101001011010101001010001001101010000000000010001110000000001110001010001000001100000100010000110001000000010000100010110100
0000000010000101100000100000010100100001001000000101100001000111001100000001011000000001010101110001110000011101001010010001100010011000011101000110100101111100000000100001000000010111000000010101001001010100001001000101110000010000111001000100100000100101
0100000011000000000000011000000000000000000000100000100000000000000000110000000000010000010000101010000000000000011011100001100011010000000000101000010000101011110110111100111000000000000010110001000100010011000000101010111000000000000001000100011011100000
0000000000101100000000000000000000000000001000100001000011000000000000000100001000101010000000001011000010010111110111010000111100001011001101000000110000000100010001000101011110001000100100000011100001010101000111000101010000000011101011011000100000000000
0000000000000000000000000000000000100000010100000000000101010010000001000000011001010110000111000001000101000010000011001001100000100000101010010111000000010000000001100100100011010100001000110001100001000100000000110001010001001000110000010000000100001000
1101000001000000101000000000000000000000010100001000010001000110010000001000100000000101000100110110000000010001010010000001000000101100000001010101100010100011010000110001110010101000110111101110010100000001011100010000000011100000110000011110010001001100
0000000000000000101000000001000100001000100000000101000100010000111010000011000010000101010000101001001100010000010111010111101110000000000000010001000000100101001000100011010011001100011000010010100000110100000000010110111001100100100000000000000110011011
0101000000100000000001100000000000001011101000000110000011110001100100001000000100100000000100011100100001001101010001100010001100000100000100000000000010000001001000000001110110111101100100010010011110010111000101100000010010001101010010101111100000001101
0100000000001000100000011000000000000000100000000010000000101000000010001001100001000000110000000000000000001100101010001110010010010010001000100001111100010000011100100010100101100110000000011000010000000000110100000100000000001011010001011101000000000001
1100100000000100000100010000000000000010110000000000000010001110000000110100110100000001101000000001110001010110111100110000010000010001001010000111101011110000010000101000001000000100001011000001000001001101010100110001001111000001011010000010000010010001
1000000000010000000000010000001100000011011011000000101000101100011010100101010000100001100000000101000011100010000010100011000100000011111100001000011000110000010000010001110000000011110000101001000000000011110000000100000100000100001110001000000100000001
0000001010000000010000100000000110000000000000000100010001000000000000100000100001000110001100101000000101000110001000001111100001010110000000000110100001010010000000000001010011000101000010000000011101111000010001001000100000000000100000001000001101010100
1001000000000000100001100000100000010010100010000000000100000100000010001010100011101000000100001100000000000000101011110100010100011000000100001010100010001001010010000000101000011000100100100010100011111010000001000110000010000000101100011000000001100100
0001100100100000000010000000000010000000000010101000010000001100000101010100001010010000110000010010101010001100010010110011001100110100011001101011010101100010100010101111010000000100101011011100000000101001101001001011010100010100001101011100000010010000
0000000000100000100000001001000000000000000000000000000001000100010001010100000101101000000001101000110000010011010100000010111000000000100000101010000001101001111100100000000010000010010101100110010001000000000010000000000000000000000000001101000001000001
1000000000000010000000100000000010001000001000001010000000000000010001000110000001010010000001000000100101110010010000001101100100010001000001001010010010010000011100100010000000011011010000010001100100000011010010010000010101001100010000011100000101000001
1000000000001000000000000101000000000100110001110000001000001110000100100110010000010011110001000011101000110000101100000010000000101010000110011000100001000100100001010101100000001010100001000000000000011000100000000000000100110010010100100000001100000100
0000000000000000000000000000001000001000001000000000000100000000000100011010011000000111000000000001000011001110001100010001001101000000000000001100011101001010100001010111010001101011100001011000111000100100100001110100000010000000000101000000000110000101
0100000000100000000000000010000010000000000000000110000000100010000001100010001110000000000001000111000100000101001000101000000011000001111110001111000100001110010010111010000011000000000011000010100000101010000010110000000000000000000000000100100010001101
1000000110000001001000000000000001000000000010000110000000010000000000100100000001001000011000010101110100000001100111011110000100011001000100010100010111010100000100000000000111100000000110100010110001110110010001010000100000010010010100010001010001110100
1000000000111000000010000000000101010000000001001010000110001100000011000010010000100011001010001010001101001010000000010100000000000000111101000101111010001000100000000000100100000100000101001000010010010110101000101000000000000000011000000000100000000000
0000000000100000100000000000000010100011000000100000000000000000000110000000000000001000100010010100100001000010000100000000000001011100000001000001001000000101001001111011010101010000001001000111010000000000001111000101000000000010010000000100000000100000
0000000100000000000000001000000000000001100100001100110110000000100001100000100000000011010001110010000000001000001000000010011010001000001010000001100010010000010010100000100010010100000001000100001001010000100110100000010011001000001000000010001000000001
0000000000000000100000000110000000000100000000101011000001100000000001000000011100000101010101011001000000000000000100000011000000111100110100010100100001110000101010000000101000000000111000000100111001001001000100001000000010000000010000000000010000000101
0010000000000000001000100000001000100000000100010100000010010100001000001001000000000000010000000000100010001100000100000000111001010000010010100000000000100010000010010010000001101000010000001100100110000000100110010000000001000100001000000000000000000000
0001100000000000101000000110001000000100100100000101110000111101000000001000000100000001100000011000011110010011010000100101111101000100000001001101010010000001010000000011010000010110000001010010010101001100000001000000011000101000000010101000000001010100
0000000000000000000000100010100000000000001100000100010000000000101010000000000000001000011110101010100000011000000010101000101100000100100010000010010110000001101000011110001000111100000100000111001000110110001000000000001100000010000000001100001011000000
0000000000000000000000000000001011100101000100000000100001110000000001100001010000000001000000000100010000010101010010010000110100011001100101011000010001111011110000011010011110100010001000000011001000001001011001010000000000100100000001000101100100101000
0000000000000000100000100000000000001010010000001011000010010100010100000000010100000000100000001000000010000000100000101001100000010001000100110100101100001000010001010000100010000000001000000011001101101100100000000001010100011000010000110100000100001000
0000000000000010010000100000000010000010000000000000000010100000011011001000001101001001100000100000000111101000100001000110000100000010100001000000101100110001111001000111001011110001010000110011100010000110100000000000000000000000000110010000000000001000
1000000000000000010000001000000100000000000000000000000000010101000000001000000010010100100010101101100110110000000000001100100000000101111010000000111010001101000001001001010000000100000110001110000000100000000000001000010011000100001000010010100001001000
0000000000000000101000000100100000000001000000000000000001100000000000100000100000000000011000110000000101010101100001011100010010000100000100100000100000101100000011001000010000001000100000000000010000001000010010000101000100000100000000000000000000001000
0000010000000000100000000100000001000000000000001000110000110000000001100001101001100100011100010100010000000001001100100000000001010010101100001011100011010000001000100000000010001000000000000001100100000000010100100000000000000000101000001000001010000001
0000000001000100000000000000000000010001000000001000000100000100010000000101010000100001010111000001101100000001011100011001000101001000000000111000000010010001000000100100000010000100010010001001010101001101100000100001000010011000000110000000010000001001
1001100000000100000000000001000000000011000001001100110010000000000000000000000100010001010000100010100000000000000000000001010000001000000001001011000000100101000000010100010001001000001001000000000100101101010001100101000000001000001010000100000000100000
0000000000000001000000000000000101000000000100000000010101000000011000000000001000000001001000010000100100000100000001000101001100011100101101010001000000000000001001100011100000101000100001000000000000001000000000000100010001101000000000000000010010000000
0000100110100010000000001000000001000000011000010001000001000000011000000000011000010000000000100000110000001010100000110000101000001001000101101000000000100000100000001000000000011000100101000110000100000000000000000000001000010000010111000001000000001001
0000001000000000000000001011000100000000000000000000000000010100011000001000000010010110000000010000000110000101000100000101001011001000000000000000100100110110001000010000001001000001000000100010100001000000101001110000000100010000010010010100000001000000
0000000100000100100000100000000000000000010010010000000100010000000000000000100001000001001001001011000001100000000000000001001000000000000111001000110000110000000000101010011000010100100000000010000000000001010000000000000010000000000000000000110110000000
0000000000100100000010000000000000000000000000000101010101010000010001001000001000001000001100000000011000100001100001010100000000100000100011100011000110000000000100001001010100010001000000011000100100000000000001100100001001010010000000100000100100010001
0010000000000000000000001001000000000000000000000000000010010101010011001000000000000011001000100000010000000011000010000100100001010011000100000000100100000000100000100000000100100000001000100110000000000001000000110011000010000100110000100000100110001000
1100000010001000010000000000000000000000000000010110010000000000001100000001010000100001010000001000000000010010000000000100000010101000101101000000001000110101010110000010010000101100001000000000000010000000010001000110000100101001000000000000000001000010
0110000000000000000000001010000000000000000010100000000110000010000000010001000000100000000000000100010000001111000000011000000000000000000001010010000000010011000100000000010110000001100111000001000010010010100000010000000000011000000000000000000010000000
0000000000001000000001000001000000000000000000100011000100000000100000000001000001011000001110111010010100000101000000100001000010000010010100000101000100010001010110011000000001010101000100000000000000010001000000000000010100000010000000000000000000000001
0100000000000000100001100000000000100000000000000101000000000000000000010010100010000010100011000100000000100000000001000010100010000000000000010000000000000000000100000000001000110011100101101000100011001000001101000000000000010000000000000000000000000000
0000000000001100000000000000000000000000100100000111001000001100000010000000000011100011000001001000000010010000000010001101010000001011001000010010000100000100000101100100100011110000100100000100000001100001010000000010000000010000010011010000011000000000
0000001001100000000000000000000110000001000100001000100001000100000101010000010100100101100001000000000000000000101010000110000000100000110000000000100011000100000001001010000100100010010101010110100010000000011001000000010010110101000000001000000000000000
0000000100000000000000000000000010000001000000000000000010000000000000001001000001010000010111001000001000000000000000000101000001101001000000010010100000000000010100000000100000110000000100000100100000010111010010101000000110110110000100100010010001010010
0000100000001000000000000001101000110000000010000011010010000000000000000000000001000000100000000000110000000000101000000001011000000000000000000101000010000000000000000011001000000000011010010010000010000000000000001000000000001001101100000000000000000000
0000111000000000010000000001000000000000000001010100010010001001010100000000000100010100000000000001100000100000010000010001000001010100000000000010100101000000110110100001000010000101000010000101000000010000001000000000000010010100000000000100011000100100
0000000000000001000000000001000100000000000001000000000000000000100000000000010000011101000000001000011000000000001100000000110001100001110000100000000000010000000011100010000100011000001000100010000100000100000010000000000011000000000000010001010100000110
0000000011000000000000000000000000010001000001000100000100000001010000000000010000000100010000000000001000000001000000000000100000100000101010000000100000001100000000001001000000101000110011011000000000000011111110001000000100000010000001000010101000000110
0000000000000010000000000000001000000100000000000000000001100000000000011010010000000000010100000001101000000010001000110000000000100001001011001010000000001000110000000100000000000000000100000000011001000000000000010100001000111101010000000011010010000000
0000010101000000000000000000000100000000000000000000000001010000010001000000010000010001100000000000001000010000000001001101010000000100001001100000100000000000000010010001100000100010000000000000000000100000010001000010000101010000000010000000000100000101
1001000000000000000000000000000100000000101000100001100100000000000100000000100000000000000010000000000001000001000000000010001000100100000000010101000000010000000010000000000001000000100100001010000000010110010010010000000001000000001000100000000000000000
0000010000000000100010010000100000110110000001010100000100001010000000000010110100100000000000000001010100000000000011001000000010010000100000010000000010000000000000000001000101010010000101000000010100000000000000010000000110000000000000000000001000000010
0000000100000000010000001000000001000000001000000000100000000000100000001000010000000000000000000000000000010101110000000000000000000010000100000000000000000000001010000000100010000100000000010000000000010000110000010100000010000000000000010000101101010000
1100100000000000000000000000000100000000000000000000010000000010000011000000000100110000010000100000000100001001000001000001000001000000010000101110000000100000001000011100000000000000100100011000001011000000000000000010101001010010010000000011110000000100
0100000001000010000000100000000000000000010000100000000001010000000010000000000000010001000000001001000000000001000000000000000001001100111000000001110000010000100000000010000001000100111001101101100000000001000010000000000000100001000000100000001000100000
0000000010000000000000000000000000000000000000000001001001011000100000000001000100001000000100000000000100010010000001010101010001100001000101010001000000000101000000100100000000001000000000000000010000000101001100000001000000010000000100000100000000000000
0000000000000000001000000000000000000001000100000000000000100000100000000000000001001001010100001000001100000000100010001100110000000000000000001001000000000000101000100000000010000000001000000000100001000000000001010000000000000000000000000000000000000000
0000000000000001000000000100000000000000000000001000000001001000100000001000000000000000000000010110100000000001100110000000010100000000001000100001001000000000010000000001000000101001000000000000100000000000100010000000100000000100100000000100010000000000
0000000000010010010000000010000000000000100000010000000000001010000000101000000000100000001000000010000010010000000000000100000011110110001001000000100000000000000000010010010000000011010010100000010000010000000000000000000000110000100000000001100000001000
0000000000000000000000000000000000000000000001100000100000000100000000100110000010010000000000000000010000000010000000001000000000000000100101000010101000110001000000000000011000001001000001000000001000011000000000000000000011000000000100000001000000000000
0000000000000000010100100000001010000000100000100000000000100100000000000000100010010001000000100000001010011100011100000000010000000001000100000000001101000000100100000010000000000011000001000000011100000100100000000000000010000000000000000000000010001000
0000000000000100010000000000000000000000110000000000000000000000000010100001011000000010000000000100001000100000000100001000001000000001000100000000001000000000000010001100100101000000001000000100010000001000001101110000000100000100000000000100010000000000
0000000000000001010010000010000000101000000010000100000010000000000000010000000011000100001000001100000000000000000000000010100100000000000001000000000000000000000000000000110010000000010000000001000000000000000100000000000000000001000000000000000000000000
0100000001101000000000000000000000001000010001000000000100000000010000000000000001000010000000000000011000000000011000000101001001100000000000010010000000000000100000010000010000100000000000010001000000001001010100010000100001010000000101000111100000001000
0001000000000000000000000000000000000000000000000000000010000000000000010000000000000000000010000000000000000010000000000010000000001000000010000100000000000000000000000000000000000000000000000000010000010000000000000000000000101010000000000000000000000100
0000000000000000001001100010000000000000001000000000000000000000000000000000000000100000010010000000010000111000010000001000000010000000000010000010110001010000000000000000000100010000000000000000000000001001000000001000100000000000010000000000000000000000
0000000000000000000000000000010100000000000000001000000000000001000000000000001010000000000100000000000000101000000000000000001111000000000000010001000110000000010000000000000000000000000000100000100010001000001000000000100001001000000000000000000000100100
0000000000000000110100000000000000000000000000010000000000000100000000000001010000000000001000001001000000010000000000010000010101001000010001000100010000000000000000000001000000000001000000001001000100000000100000000100000000001000000000000001000000010000
0000000000000000100000000000000000000001000000000000000000101000100001000000000000000010000000001100000000000010001000000001000000000000100000100010000000000101000000001010000000000000001100000000000001000000000000100000110000000010000000000000000000000001
0000000001000000000100000000100000000000000000010001000000001011100000000000100000000000010000000001000100010000010000000000000010000100000000000001000000000000011000000001001000000000010010100000000100000001010000000010000000100001000000000000000100000000
0100000010100000000000000000010000000000000000001000000001000000001000001000000010000000000000000100010000000001001001000000100001000000001010000000000001001000000000000000000000000001000100011000000001010001000000001000001000000100010001000001000000000000
0000000000000000000000000000000000000000000000000000000000010100010000000000000000010000001000000100100001000000010010010011000100000000011100000001000110010000000100000100000000000000000001110000000001000000000000100000000000100000001000000000000100000000
0000000000000000000000000001000010000000100000000000000000000001000000000001000000010000000010000000010000010000010000010000000000000111000000010000000010000000000100000010010001010000001000000000010000000000000010001010000000001000000000000000000000000000
1100000001000000000000000000000000010000000000010000000000000010000000000000110000000000000010001100000100000100000000000001001000001001000000000100000100000000000000000110001001000000000000010000000000000001010010000000000100000010000001000000001000000000
0001000000100000000000000000000010000001000000000000000010010100000000000010000010000000000000000000010100001000101000000010000010000000000010000000001000001000100010000000000011100000000000000110100010011000000000000000000000000000000000001000000000000000
0000010000000000000000000010000000100000000000000000000001001000000000000000000101100000000000000000001000000000010000000001000000000000010000010000000100000100000000000000010000000000010000000010000001000000000100000001000000000000000000000000001000000000
0000001000000000000000010000000000010000000000000000000000000010000000000000000000000000000000110000000000000000000000000000000100000000100000000110100100000100101010001000001000010000000000001000000000000000000010000000000000001000000000000000001000000000
