0000100000000000000000000000000000000000000000000010100000000101001000000000010000000000001000000001000000000000000000000000000000000100001001100100010110010100100100101000101000001010000010100001010000000000000001001000000000000010100001000001001000000000
1000000000000000000000000000000000000000000000000000010000000000001000000000100000111000000100000010000000001101010000010010011000000000000000100100100100000000010110000000001000000100000001010000000000000000000000000000000000100000100000000000000000100100
0000000000010000000000001000000000000000010000000000000000000000000000000010110000000010100100100000011000000001000000100000001000100000101010100010000010001110010000111011101010001000000000000001010001101000000000010000000000000011100100100000000000000000
0010000000000000000000000000100000000010000000000000001100000011000001001000000100010000011000000000000000000000100010100100001000000010100101100001001011000110000001000000000001010000000001010000001000010001100000001001001010000000000000000100000011100000
0000000000000000110000010110000000000000000000000000000000001000000000000010000010100000000000000011001010100000100000101000000001001100010000001001000001100000000000000110001000000000001010000010110010100000000100000000100001000100000010010110100000010000
0000000000000000001000000000000000000000000100000000010101001000010000000000010000001001000000010000000000000110100010000100000000010000100110000101100100000001000000001000000001100000000000000001001000000001000000000010000000010000000000000000000100010001
0001000000010000000100000000000000000000000000001100000000000000000100000001000010000000000010000000001100001101100001101000011101001010001100000101010011001110000001001000000110010010000001010010100010101001110101100000100000000010000000000000001100100000
0000101000000000000010000100000110000000010001000000000000000000000010101110000100001111000001011100010101100101100000000100001001100100010000000100010100000111010010000000000000100000000010001000000000000101000010000000100000000000000100000100000010010000
0000000000000000100000000000000000000000010000000010001000001000000000000001000000010010100001000000100110001000000000100100101000000001000010000001111010011000010000100111000001011100110000000000000100000010110010000001001010001010000101001001000000100010
0010001010001000000000000000000010101000000000000010010100010000010000000000100000010100000000000000000000001000000100011000000010000100000110101011100000000000000010000000011100100011000100100000110110000000110000000000000010000000000000000011010011000100
0001000000010010000001000100100000001000000000111000000000000001000000100000000000000000100010100000000000010000000001001000100000000011000001110100001010000110110001000000000001000001101111100010000110000100100010000001000000000000001010000100100010001000
0000000010000001000000010000010000000001000010000000000000110000001000000010001100010011001000001001000000111010000101000000010010000100000000000001000011010000101000000100001100100000000000100101010000000000000000100000000001000001101000001001000000000000
0000000000001000100100000000000010000000010000000000000000101000001010100000000001001010001010010001010000010100010110111010000101100000010000000110010000110000000100000101101000010010101000001001100000000100000001100110000001001000100000100010010100000110
0000000000010010000000010000000000000001000000000001001100010001000000001000000001000000100001000000100110000001001010000010010000000000111000000101100101000000001100000001000001011100010000000001000000000000100000000010001101000100000001000100000001000000
0110001001010000000000000000000000010000000000000000000001001010100000000010010001000001000010000001000010011001100000100000010000000001111100000010001000010110000100001000001010000000011100000011001001000100000000000000001000000010010100001000000000000010
1100000000010000000000000000000000100000010000100000100000000000100100010100001100010010000000100100000000010100000100010010001000000000000100000010000000000000000100100000000000100010011001100000010001000000100100000010100000101000110000001000001000100000
0000000010000000000000000000000100000000101000000010000000110000000000001000000000000000010000100000001000000010000000000100010010000000101100001000100110010010001000010000000100000010010011100010100000000110100001000000000100000011000000000000000010111000
0000000000010010000000000100000000000000000000000000100100000000011000000001000000010000000000010110010000000000100000000010000000001100000010001000000000001011000010000000000001000001010000011000000100000111100101000000000000001010000100000000100110000000
0100011000100000000000000000000000001000000000000000000010000011000010000000000010001000000000100100100100000100001001010000110010000000110101001000010110000000101011011010000010000010011100001000100000110000000100101000100000111010000010000000110001000100
1000010000000000000000000000001000000000010100001010000000000100000001000000001000000000001100001001000010110100000000000001100000011010000001010110000001100000110001000001000010000000100001001000010000001101100010000001000010001010010010010001001000000000
0000000010100000000010000010100000001000000000100000000000000001100100010000100000100000000100001100100000001001000111000010000000100000011100001110000001000010010010000010100000100101000000000000000000000000011101000111000010000000000010000100110010000000
1000000000000000101000100000000001000100111000000000100000000000000000000001001100010000010000011000001000110010101000101010001000000000000010000100010000100001000000001000010001000000000111000011010100110001000100000000101000010001100010010010000000000100
1000000000000100010000000000000000000000000000000010000000100100001010010000001000011000000001101100000100001011101011000000011001001100100001010100100000000011010000011110100010000000011000000000000010001011001000000000000010010011101110010110000111010000
0000000100000000000000000000001000000010000001010000000000100000001100100000100000001001000000010000000000000101100000000000100010100000000000101001110000001000101000011011000100000010000010100001100000000100110001000100100101000000000100000000000000001010
0000000000000001000000100100000000000000001000000000001000000000100000100000100000101011001010000011000010000000000000101000000100011010000101010110100010000000000010100100101010101000100000000000001100100100010000000010001000011001101000000000000001000000
0000010000001000000100010000000000000000000000010000000000010000100000000100000000011000100001001100010000100000100000001110010011001010001001001000000111010000100000000001000001000010100000001000010000100000001001000000100000000001000001000110000010001000
0000000100001000000011010000100000000000000000000001000001000000000000010010001001011000111000000100101000100000001001100101010110111000001011100001111010110001000001000110001100000010010010101110000000100000000011101010000111000000010000000000000000100100
1001010000000000000000000001000000000010000010000100010100010000100001000000010000000000011000110100000000110100000100000111100000010010001000001001110100011101000001101010010100000001001010000000010001000100000001000001000000000000100000000011000110000100
0000001000000000100000000000001000100001000000000000000110101001011000001000100000110110011000101010111010011000110000000101100010101100001100110100000010011010100010110011000000100000101001001010001100100000010010000001100111010001010010010001000000000100
1000000000000000000000001000000000000100001100000000010110001000000001000000000000000010101001100000000000011000001000011010101000010000010010100010010000110000001011100011000110001000000001000111000000000010000100001100000011010000001100000000110000001011
0110000000110000000000000000000100001000010000100100101000010000000100100000001011010100000100010110001100000100001100011000100000001000001100010011011010000000100011001000000000011111001100100010000011000000010010100001001100000010100000000000100000000111
0110000000000010000000000000000000000001100100000000010000001100000001100100010010100000000000100001000001100100010000010100100001000001000000001000100010000001011000011000101000011001000100010000000100010000000000010010001010110000000101100000000010010010
0010000000000000000001010000000010010000000010100000100000000001000000100010000000000010101011100000000110001000001101000001001000000101001010100001010110000101001000101100101001011010000110000010000011000111000000000100001000110000101000000000000001000000
1110000000000000001000000000000000000100000010000000100100001100000100001010101010000010000100010100000100001110100001110100100010101000010110110001000001110000000001010001110010011000000100000000000101110011001000100000111000101100010010000110011000000000
0000000010110000000010101000000000000000000000000000000000010100000001100101000010001000000000000000001001000000001110000100110110000010010110100000011011100000100000101000000010000000000111001101000001000000000000100000010000111011010111000001010100000000
0000000000000000000000001000100000000100010010001001010000000010001000000000000100000000010100010000000110111100100001010101001000000101000001000010110000001011011011000100100101001101010000000111110110101101010100001000100111100001010001000011001100100011
0000001000000000000100000000100010000000100001000000000100000000101010000000000110111110001100000000001101001000101000110100001000000100101000010111100100100111000101110000111011010000000001100000000000000110111101100001001011001010001001000100010000000000
0000000000000110000000101000000000000000000000000000110000010000000100000000010000000000001000100110010010010001100111000010000000001000001001000100101000001000010110011001001000000000001111001000101011001001110010010000000000011000010010010010000010000000
1000001000100000000010000000000000000011000100000001000000101110000000101001001011111010001111100101010111000110010001000110111010000101001010101001100001001011000100001001000010110110001001011000100000000001000100010010010010000000001001000000101100000000
0100000001000000000000001010001100000000000010000101000000000000000001000000000000011111001010001001000100100000000100000100101111000000100001010000010100111100000010111000010000100101100001010001100111001001001100111000101010000010010000010000100000010100
0000000000100010000000100000000000000000000010011000000001001000000010111100110110001001100000000011101000000010011000001011000000010110001100011110001010011010111110010100010000101000000100000000000010010001101001001101110001001010000000000100000010000010
0100000110000000100000000001000001010000000000000001000011100000000010000100000111000001010100001000010010001100000000010000110001101100110010011000000010000001101001001111010010010111000110000100010010010001011110001000000000100100000000001000100010000100
0000000000000000000100000010000100000000000000000000010000000110110010101111000000111100000100000100100010000011011010001100000001001000100110100000100100100000101001011101100010100010100000100110100000101110000100001100000001010011000010000000000011100010
0010010110000000010001000000000000000010100000010000001100000000100000100001000001000100001001011111000001011000000111000110001000001001111000110000001000001000000000010000001100101111000000010000001100101010100100000100000100000000011001010100000000010000
0000000000000001000001000000000100000100010010000010100001000000000000000000000000000110000100001110101010101010000010110000100111000010001000101100101011001000001011000100000101101010111100101000001101001100000010010110000001000001000110101010100100100100
0000000000000000000001000000000010000000000100000010000100000000101010100000000001100100101110110001001001100000101100001011010000001000000011011101000000000011000101000100111111000010010101000000000011000101010000110000000000001000000000001010100000000000
1100000000000000000000000000000000100000000100000000001000000000000010000010000000110000000000111000001011111000100001100000110010111110011100011000000000101110101000000000011100011000000100110000001010110101000001001011000010000000000000000000011000000101
0000010000000000000100000100100000001000100011000000000000101010001001100000011001001000000011000000100000010100000001000000000101010000110101001100001101010100010011110010010001001101000010010000100000001000110101010101000001000000000001000000000000000001
1100100000001100110001100000000000011000000010010000000001101101010100000100100000110000001010000000001010001100100000000100000010110100101010010110000110011000001000010100010101000100000110101010001000101000001001101010101110001000000101000001000010010000
1110000000100000000000000000001110000001010000000000010000000001000000110100110011001110010000000000000100111010010000010001011100111101100000000000100101100101000010111110000001010001100000101000100110001010000000010101000000101000001011001100011000000100
0100010100000000000000010000001000110011000000100000000100010010010010000011001001111000000000001011100100100011101001111110000010010111001010000000000001100010000000111000111011000100100010011010111000001000110100110000100110001101001100110001010000010000
0000000000000101000000000001000110010001001000000000000110000011100010100100000001000100010111100000000110000001010110100110001111000011000100000101010000001100000110010010000011001010010000111000000000000010010000010000011001000000001000000011001000000010
0000101000000110000000000100000000000100010001110000000000010001111101100000000000111000110011100000011000100011111010000001001110011000010100000000000010100100010100101101111000001110010000000010100100110110100100101100100000000000000101001010110000011101
0000100001000000000000110100000100000000100100000011001010000000000010000000011000011000100000000011000000011000100010110100010000100000001100001000000000001001010111011110101100110011010010110000010000010100001001110101010010010100000110001100000001001100
0000000010001010100000010000000000010000000000001000000001110010101010100001000010101001010010011010001000100110000000000101001111001010000101100011000011001000100000010011010010010100101010010100101100111001000110000000001000110011001010000110000000001001
0100001010000000000000000000000000000000000010100000000000011010000010000000010101110001001010100000001001100111011001000001001010111100010000101101100001000101100100010000010000000011101100000001110001000000110010010000000000001000000010010010001001000010
0000100000000100000010001000110000000000000001001010000000101000000100101000010010110000010100101000100000000010010000000011111010011100010001000000010011100101101010000000001101000000010000011000001100100001101100111010100100000000010100000000100100000100
0000000000000000010000100000000000100000000000000000100000000000000000001000110010101010000000000000000100100100100000101001010100110000000001010101010010100000010001111100111110100000111001001000101100001010000001010101010000000010000100000001111101100000
0000000000000000100010001101000100000000000000000000000000000000001010100100000101101000101011011000000000000010001100101011000000100001011000101101101101000000000010110001100000110000000101000000000010001010000010100000000011011010100000000000000000101010
0101000000000000000001000000000000000000000000000001010000000000000001000110000100100000000110010000101000001101010010010010000100010000100000000000111001010110001011011100001011010101000100001000011000011101100010011010000100000001100100001100001000110001
0000000000000000100011000000101000000000000000100000100010000010011000001010110000100000101000100010000110101010110100100101001100011000110011000100110100100010010101000000101110000001100010100010111010000100011100000110100000101110100101000100010000101000
0000000000000000000010000000010010000000000110000000000001000011110010110000100000001000001000110001100100010001101101001010011100000110000100010110000010000111001100000000000101010000000100000100100111000111100000010000100001000010000001010001010000100100
0001000000000000000000000000000011001100101100001011000000101000001010100000001010100000000001101000000010010110101000100000001011100000001010000010000000010000000100100111011100111110001011100110100000000001010010000000100100100100000011000000010000000000
1000000000100100110000000000110000000101000000000000010000100000001100000001100100001100001010000110110001000000000010010101001110110001010001011001101111100111111000001100000101100110100000000111001010000000110000000000000110001100010001000010000000000000
0010010000000000000010000000000001001000000000100100100110001011110110000111110000000000001010010000100011110001110011101100001100001010000111101011000000100000000001000000001110011000100000001001001000111001010000001001010100000010000000010101001011101010
0000000000000000000010000010010001000000000000000100001001100000000000101000000100000000010110111011000000101000011001001100000100001000111110101101000000111100101110010000000000010101000110111000100000000111110011000000000000001000000100001101000001000000
0100000000000001001100110100101010000000001000000100100000010100000110100110001000100001101000001110110001101111000010100010001001101000110110100001011011111010001110000001101000000100010100100000001100011110100000101001111011100010101000101011100101000000
1010000010000000000000000000000100001000000000100001000011010100010100001100000100010111110001000110001001110000000001100001001000110001100001000111100100000100010100001111011101100000000001000110101000000101001010011000000000010010011000011010010001010010
0000001000000000000000000000000010000000001000000000010000000001000010111010000010101010010000111101010010110010101000000000011000011000100000111001011001001011001000000000010010010000100001101110001000100110100011100000100001000111101010000000001010100000
1010000010000000000101000011000001001000100000000100001001010101100000100000010110001011001110011010010101110100111100010001000100000110000101010011101000011001011101111100100100000101000100110010100100000001101011110100010100000000010010011000100010011001
1110000000101000101110010001100011000100101000100000000101000100101000000000000011000000000000100010100010100000100100101001000111000011100010101010100010100100011011101101101100011110000110000001100000001001010111111101001001000010100000000101000000001000
0000000001000001000000000000100001000110011010000000000000001010010100100001111001001001010000010000111001100000000000111110011101000010000100000000110110010101110000010010010011000001000000010000011000000001001010000100010110000010000000000100000100000000
0000110000010010000000100001000001001000100011110000101010000000000000110010001000010101100011000100100011001010000001011000101001101110100101101110110111101001110110001110101001111010000000111110100000000000100100010000100010001100001000001000010000110010
1100000000000000000000000100001010000000000000000000000000000011100010100010000011010010000000000100000100010110000000000111001010100100010001010011100110111101100100100000101000110000101111100010100100100000000100110001100000001101010101000000001000000000
0001000010000000100000000000001010000000100010000000011001110100100010000000101011010000100010001000001011100000010000000010110010001000101010000100001001000100000110010000111000100010011010100000010010100000111000101000100011100010001000000000100000100001
0100000010001001000000000000010000000000101100000011010000101101000011000000110001000000001000001011101100111100011000010110010110110110000100011000001010111000100111000010101010000011000000100000100101010011100000001111011100010001000100100000001010000100
1100000000000010101001001001100110000100000000001000000000101001000000010011000000011000010001101011100000001010010010100100101011100000100100100000011100111100101111000001011000000010011000001001000100010000011000000010100011011000000000111010000000100011
0010000100000000000000010000000010100000000110001000110010000000001001110000101101010000011100000001001100000101011100011100100000000001111010100101000001000110000011101000100000011001110001010101000000000010011001111000000000000010000000100000110010110011
0100000000001000000000000000000000000110000000001011011000000011001000111010000010001010110100000110100110100100101100010010001100110000011000111011011101000100100001110000000001010000001101100011101100111001001000001000100010100001000010000010110010000000
0010100000010010000100001000000100000001001000000000000000100011000000010001110010010000110000011001001000001000001010010111010001101010100010000101000100100111101011100000110101100000100000100110010001001000001100000011010010000100000000000000000101000010
0000000010000000000000010000101000100000000000011001011001110000000000000101001011100001110110111000001110111110101010111001000001001010001110101111110011111000110010110000101001000101100010000101011000010110011000001011001011111100010101000000011100010000
1000000000000101000000000100010110000001000010000100001000000000000101011111000010100011110001011000010010001001100100100010100010110010010001010101010000111001011010110100011100000000001101100010101000010110100111100000010101000110001000001010000000110001
0110100000000000000000010011100000000001100010000100010110110001101011010010001110100010100100100010100111100000100000011100000010000100000001100110100010001111001010101010011010110111000100101000101000000000001000000100010000000000000000001011000010100001
1010000000000000001001000000011000000010000000010000000100001000000101000011100000001000110001110110110000001100000000001000101011011100100001000000100111101010100000000110000101010101101110100000100000000010000011000001000100001000100010001010000000000000
0000000000000010000000100001000100010001000001100100100010101000001011000110010001111100010011100110010110100110111001110001011000100010001101101010100101100001000010111100000011110001010010001100110010111010010010000000110110110101000000000110001000100000
1000000001000000000000001000000000100001000100000000000101001111000110000100010011100010000000011100100001000111001001010111010010011010100100101101001010111100011100001001010100111010000101110000100001101000110001000000000100010000000001000000000101100000
0000110000000000010000001010001100000100010001000110100010000100111110000001000010101010011101111000110000100011001000010010101011111000100100100110100100011001001000000000100100011001011011101101111110111100001001010101101010001100111001000000000110001010
0100000000100000001000001000000100000000000101110000100000010111001000000011010000000000001001000100010100010010100001111100111010000000100111100110001000000000110011100100001000000100101001110100001101100100000100010001010000001000111001000010001100100000
0000000100000100000000000100001000000000000100000000100100000001010000001011100010011011110010001011010100111000100010111010110010011000100101111010011111001000010101110010010000011010001100101010110010111100000100101100000000000000001101001000000000101000
1000000000000100000000000000000100000000000110000000101100000101001110011000100000000101101010100010101010010001000011000010000100001010000010101001100110110010100110100000100001000100001000101000001010000100010110001000000010000000000001010000101000000011
0100010000000000000000000010000100000001000100100010000000000000010000000100000000101010100001010010110110100110000011101000010100010010100011111010001010110000010100110101001001011100110010101000110010000010101000001000000000000101000000000010100000001001
1100000010110000000000000000010000000100000000000000000001000000010100011000000010001010100001100101110100100000001001100100100000000010001110000010100001101011000001000001010101011001000000101101011000100100001001100000100000011111000010010010000000001000
0000101000000000000000010000000011001000100010000010001000110101100100100101001001001110001001000000101000010010100011000110010001000000000001011101100010101110010100011000011010100101110100101010011010110011010100111100010001100010100001001110110000110010
0111000001000100001000000000000001000000000000100011001010000000011101000000000100110001001001001010100010011011000000010000001010110110100000001000010011001101110110011010110010101010100000111001000010001010110110101010100000001000001100000001000100110011
1000000000000000000000110010010000100000000010010010001001001100100000000000100010000100100111000000100010011010000010001010001110011100110111001010001001100000101001001100000011000000010000101010010000011000100011000000101001011010001000001100001000001010
1000000000000000010010000100100000100110000011000000000000000000000101100101101000000000110100000101010001000000010001000111011011000100111110101001110001010000000011100001000100101100010000001110110010101100010011010010100000010100100000010101000011100000
0001000000000000000001000100000100100000000011001000010000000000100000001000010000101101111011000111000110110100110100000000110010001011110110111101100000110011001011010000011010010010010110011111101011001111010110100100100110000010101101010110001000101000
0110000011100100000100000000001000100100000000110000100010001000010110101010000000000001011101111010010000111111100001000001011000010001111000110000010110110101000110110000000011000100010001000001000111010110100100000000111001000000000001000000001010000101
1000000000000000000110000010001000000000010010000011110000110000100000001101101010100010001010010000000110010000000000010010001011001001010101101001010000011011000000101011010110100100101010111000100000110100101001111010000010001000100000101000000001000001
0011000101001001000000000000000000000000001010000000001000000100100000011101001110111101010000100110011011010000001010001101010000000000010000000101000101001011101001110101000011001000011101010011000100100101001100001100001001000100100000000000100000100000
0000000001000100000000100000000100100000100000000100000001100000000101010000000000100000001000000110110001001001010010111000010010000110001011001000001000010000100100000100100011101010100110100110111010001100010001000000001011111001001010011010000000110000
0000110100100001000000000000000000001000001110010001000000000010000000001110000000111110010001000011000010010100110010010001010100010000001110000111010001100101010100011000100000100000001000010100000010001100010001100010000100110101010000100000110101000000
0000000000001010000000000000011000000000000010010000100010000000001000100010010101101010110000101010010101001000011100011001000010001001100000101001010001010011001000101110111000011011000010101000110001001100100111010010011001010000000101111100100000000100
1110000000000000000000010010000000000001000000000000001010000000100100001101100000011110110001011011000000110000000001001110100001111011000010000011000101100111100000111010111101010110000001100100000100000101010100100110000010100000000001000010011110100000
0000001000110000000100000100100000101000100000000010001000001000000010000011011001001001000111000100000011101000100100000100100001000110100100000001101011000011001000101110101011001100000110111100000110110111101010011001011000100011000110100010101110010000
0000000000000000000000010000001000000000010000100110100000010000000100100010010101100010000001011001010010000100010001011010101100111010000101000001000010000010001000000011010100101100000010110110100100001010000100000000010100100000100010001010100010000000
0110101000110010100000000000001000011100100001100001010000011001101011001010100000101000010000000000101000101111100000001111101010000000001001000010001001000000011010001001100000110110001000000000000001101000011000100110100000100000100000101010000011010100
0010001101000000000000100000000001010001000000000000000100000011100011100001101101100001001001001011100110010011110011010100011010010100110100011110110110100010010100000000101001000110101001001100100000010001010101100111101000001101000001000000000010110101
0000000001000000001010000000001010000000000000000000000100000011000001000100001111011000010011101000000010100111100111010000001011000100001010101110000011100001111110111010001100010111101011010010011000100100010100110110000010000101100000001100001101001011
0000000000001000000100000000000010101000000000000010010000000001000000011001110011000000010001000011010001010000011000000001000100100010000000010000010101011011010000001010111101010101000010010001010001101101100000101000010000000010000101001100000101000100
0000000000100000000010000001100010100011001010100100001000101100001010000000000000000000010101010011111000010110100010111000100100101000001001110001101110001101010010000010011000101000011010101111011011000010010100110000001001001111100111100001010001000000
1000000000100010000010000001000001100000000100000000010000000000110010100000000010001010001000000001010010000000111101010111100001010010010000010000000010010110011110010001000001001000011011111000100010010001110100001100001000110100000000011000010001000011
1110000000000000001100000001000000000000000001000000000001001101000000001101010000100000110011010100100111111100010011000100101110100011000110000010101010001010100010101010000111101100010010010001101001110100100010010000100000110100110000100011100001100000
0100100000000000110000010000000000001000001100000000001000000000010000010001001000000000001001110011010101010010111110111100001001010100001100011100100001011000100100001010000101010111011000101010000001001011111000100000010000100100011010101010100000100000
0100011000001001001000001000000000000010000000000001010000000010100000101001000000001000101010100001100000000010100100010001111000100100001011101101000011011000101001100000001101101010001110011101010100110100101011010110000010000100010100001110001000000001
1010000000010100000000000010000000000100110000010000010010100010000000010010000101011001000101100101000000001101011100110000000010001111110100001111110010000101110011001001000110001010000000000010000000000100000010000000001100000100000001000000001000000110
0000000000000101000100000000000000010010000001010010000101111111000011011010011010110001000011010010000110001011001011001100100010111010111111000010101001111011000001000001010001000000010000111110000000100100000000001010001010100010010010100010101001010000
0110000011010000000100000000101001010000100000000010000110100010011101110010101100010010010100000111001010110000100000000100000000101010000100000111000001010101101110010100101100011001000110000000001110000110011101000000010000010100000110000010111001000010
0000000000000000000000100001000000011000000000000110000000000000000010000000011000010010100100000011000001000010001011000110101010001001100100000001111001011000000011011101000110100110000001110101000001100100000110110010001101010001011010100011010100010011
0110000100000010000100010001100100000000000101100001000000100000110000000110101000101001110100011001000101000001110100000000110011111101000010010011111110000011111000010000001101010000110110001000000101010000100110100001000100000100100100010100011000001010
0000000000110101000000100000000000011000000100100001000110000010100010100000011010101001101110001101010010010011101001010100111110101010001101110110001101010100000000110101010010110010111000001100111001110111000100101000110001111100001100100100001010100101
0000000000110010000000000001000001000000101100000100010000000000010000000000110100000000010100101001000000010000000100011001001000100110000000010000101011000100100101111111000111000010000000001010100001001101001000010000001001000000011000000001000100000101
1010000000000001000000100000100010000000100101001010000000000001100000000000100010000001001110110000001000111010010000110000100011011011000010101101001001111000101110011100001000100010101110010010001100111000001000000000000010000000010000000001000000000000
0110001001000000000000000000100000010101000011000000001000000000010010001001101110110011100010010110000000001010000000000010001011010010100000000001000100000001000000000111010001000111011011011100000000111000000001001010100111100001100000010001000000000000
0000000000010000101000000000001000110000000001010010100000000001101000010000101011000000001010011010000010101001010000011010011100001000010001111111001101110001100101000010000100100110110111100100010100010011100000000001000000001011111010001000000100010000
0000100110000000001100000010010000001000000000000001010100100111000100000000000010110010000001011000000111101010000000100100000111001000010100000011011000000001000010110001000101010000101001010100001100010111001000100001011000110001010000111001000101010110
0000010000000000000100000000110000010010001000010011100011100100100000100101000000001000001000001001100011011100001110100001000010101100100010001100100000101000110110001100111100100000000110000011010000110100000010011100110110101000001010000000100000000000
0010010001000000000000000000100100000100000101100001010100000100000101110000010000100000100001001001010001001101100100101101110011010101001000110111000111000010111011001011010110010101000100001101101001010101100000000101110110001100101100001000010010000001
0010000010000000000000100010000000100000000000000001001000000010011001000100001000100110010010010011011010000000011000101010111110101010100111101010101001000001000100100110101001101000010010001100100100101100010011100101010000000000001010100010000110000000
1100000000001000000000001000100111000100000001000010100000010100001000011001000000001000000000000001000010000000000001100001010110011100001000000101100001100100110001000101010000100101001100011110011000000100000000100101011000001100100100101010110000010000
1001000000001000000001111101000001000000100001001010000000000000100010011001100000000110111001010010100001100001001000110000101011011000000000011000010111111000000010001111001010101111001000001010010100100100010100111110000110010100101000001100110011001000
0100000000101000000000000000000100000000000000010000000011000010010101010000001010010001100100010010110000010111000110000010011000111100110101000101000110010000110100001000110100010111000110101000000001100000000010010011000000000001000110001001000110000011
0000000001000100100000001001000000100000100000100000000100000010100100011000011100101010100010000010100100000011001010101110011000001100101011101010000111101000111111111100100100000001001011011110000100101000111010001000111100100101000000000100001010100001
1000011000000000000000000000100000100000100001000110000111100000000001100100000000000100101010011101000101000111110101111110000010010001001000111001000000101001110100011000011101001000001110011010000100000011101100110011000111000001010100100000010100000000
0000010000000000010010010011000000000100010100010100010000010010100000110000100000000000001000001000000000100001000010000110000000010110001101100011010010111000101100000001111010111101011001000001001110000011011111001000010110111010000001100000001111001110
0010000000001000010000000010000000000000000000000001100000000000101000100100000000100000000000000000010100010000000101110000001000010101010001010001010001100001010101001101010110001100001111011000001111100001000101000010100110001001110001010000000000010000
1100000000000001000000000000001000000000000010000010110100000010111000001000001010100001010000100010010110000110011100001000100001111010100110101000010010100001101000011011001011100000100000101001001010101000011011011000001010000010000010100000100010100000
1000000000000110000010000000000010000000100000000100001001001000000010100001000111101001010001001001100000100101000011100100010001011010001001010001000011010100011001000001000001011101100001001001110100010101100110100000110101100010000100100000011010000111
0000000000000000010000000001011010000100000000100111000000001010100110001000101001101000000010011001011100101100010011100010010110011111100110111011111101100100010110000011101001010000100110111101101001110100001000001101111010000100010010001010010100100010
1000000001010101000000000000010000000000100000010000001100000100010000000001001001011010000000100011000100101000101001010010100101000000000000110111000001110101000000000000100010001010111010011000000100000001010000010100001100100000100110001010100000001000
0000000000000010000000000001000000000000001001010000000001000100100010100010100010100001100000000110001010001000111100100101011000000000100010100000100110011011110010000011001000100110101010111010111000001011001101000001000000100001000010001011001100000100
1110000000000000010010000000000001000000000000010000000000000000010101000001000000000010000010000101001000111100011100100000110010011100001100110110000000100011000110100011100000000100000100001101000100001010000000111100100000000111000010110000011000000000
0000010000000100000000000000010010001000001100000001010000000100100100000001110000100010000011100100110001101011010000100110011000100010011010111001010000001000010100101010110010101000000000110010000110000001110010100001101000011000000000100000011000001100
0000000000000000000001000000010000001000000000000001010100000010110010001000100000100100001111000010010000000100010000001110111000010010101101000110100100010111000010010011100000000011000100001010000000100001110100000000000100001011000100011000100000000100
0000000000000010001010000000011000000000010100000000000010110110101000001011001000010000001010001000110000000000100010001010011001010100001010101001011000000000000000111000000000100010001000001010001010101110010001100111011001000000001000000011000000011100
0010000000000111001000000000100100000000001010101000000011000001000000001000000111010010000000010001011010001100010000001101000111111000100000000110110000000010000111000011010001100000000100010010100011111000000000000101101100100010010100000000000010000010
0000000100000000100000000010000000100100001010000000000011000010100010000000000011110000000001110010101110000100100110001000110110000110001000111101101100000010001110000100111100001010110110000000010101100100100010000000001101101010000100010011001000101000
0001000000000001000000000100010010000000111010000010000000100011000100000011000001000000000011001011001000010100010110010000000000000011000010011000000100100000000000000101000000101000000100000000100100000010000100010000101000000001100000000000100001000011
0010000000000001100100000000000000100100100000100110000100110000001000001010111000001100000010000101000011101010100100100010011010111100001100101000010000111100001010001001101000010111001110111100100000011100000110100000000000000010000000100010000100110000
0010000000000101000000000010000000001000000001000110001010011011011000010101000100000001010001000010100000100000100000001001000110001101000000001001110111000100010110000000110100100000001000111101100010000010010001001010000010000101011100001100000010000000
0000000000000000000000010100000010010000000000000010000000011001010001000010010011000100000110011101100100010000010010111110101001010001100001100100111000000001101001111111010100110000111101000000011000000000000010000111010110000000000011100000000101110101
1010100000000000000000000000000000000000011000000000110000011010001000000001100010000001110111100100001101100010100100100001110010001101000101000000100000111001000000110000001101100100001111001001110001000000001000000010111000101010001011100000010000000000
0000000000000000000000100001100100000010000000110101110000000110000101000000000001100001100110000101001110110101100000111010011001011000010110001000010000001001010100011101001110010100001011100001000101010011100100000010101001000000000101000001100101000100
1100000000000000010000000000010000000000000100100000000000100000000010000010000110101001011011000000110001000010000011000000011000110000010110000011111010001000001110000001001110111000001010001000000101101000001000101100010000000000001011000010110000100000
1100000100000000000010000000010100010000000001000000011000100000011000000100110000000000000101100101110000011011000000000111110001000001111000011110000000100110000000100001010111010000010110010101000010010100001011100100010000000001100000000000001100000101
1100000000000000000100000001001000010110100000101100000111110000001100010010000000100000010101101101110000000001000011100111000001000000001100000000010101001010011000000000010000001011000000000001001100000011100010000011000000010001010010010000000100000000
0000000000000000110000000011000000000000000000010100000010000010010100010010010001000110001011000001010111010110100001100001011001100010100001100111000100001011011001000000000010000101100000000000001110000011001011001000000001011000110010000101101010000000
0101000000000000000000001010001000010010001000000000000011100001000000000000000010010000000000000000011000000001110000100101010000000111010010010001100000011100101000010000001011100100000000001100001000010000010010000001011000010000100010100000000001000000
0000000001010000000000010100000000000000100000000000011000000000100000001000000000001000000001100001001001111000100000000000000111100100111011100100001000000010000000110000010100010000010000010001110000011100000101000011000001000010000001011011000101001001
0001000000000001010001000000000100000010001010110010001000010001000000000000000000010000010000000000111000101000011111111000001100000110001001011010010001100011001000100001001000100000011111000001001000100001000001001010000000010000110000000000000000000001
0000011000000000000000000000100000100000010000000001011100101110000000000010000000110011100100110100001100110000000001001000010100001000010111010000011100000001011111000011100100000010000001100011111101011100000101000101000100010100011100000000010000000000
0000000010010000000000000000000000010001000011010101100000000010000000000000011001000000010100001100001111010010110111000101000100011000000001001100000000010000110000110000000010100011000010011000011110100011110000010010001000011101000100001100000000100000
0000000001000100001000000000000000000001000000000000010001000100000100000001000000100000001110011001001011111000000111100000010000001100011001001100010011111011100001001010000101100010000101010000100010000000001101010100100101010010110011000000001010010010
0000000000000000000011000010100000000000000110000100010110100110000001000000100000000010000000000010000000010000100000000010100000001100001001000100100010000011111101100101000100001001001100000000100000000011000010000010100000100010000100000001111000000001
0000000010000000000001001000000010100000010000000000000000000001000100101100001001000010011100010101101010000001100000000011010111101100110010001011011100001011010111010110001110000101100100001000001000000010000011100000100010100000011000110000000000110001
1000000000000000000000100100000000000000000000000000000000000000000000000110100001000100000010010100001010000001100101000011000100101000110101110001001101100000111001000111001110000000101001111100000000100010010100010010010000110000100100000000000000000100
0000000000000010001000000000000000000010000000000000100010101100110001110100000000000001101000010000101000000001011000010011110010000001100111001010011100100111010001010100000110000001110000000001011100000001010101000000011100000001000100000101010000000000
0000010100000001000000001000100000000000000010000000011000000000000010001100000000100010110011011100001110000000000010001101100000101100100010110100010010000001100100010010000100000010001000001000000001000011100100010000100000010000001010000000010001000000
0000000000000010000000000000000100010010001100000000010001011010001101000000000011010100000001010011010000001000001111101000010101000000000101011101101100000110110010000001001100000100000000000100001001010000100001000100010100000110001100100000000000001000
0000100010000010000000000000100000010000000000111000000010000000110010000100001000010000000100101000110000100010000000100100011011100010001001010001110000000000000000001000100000100000001010100000001100100100000000110000110100001000000000100000001001100001
0000000100100000000000000001000101000001010000011000100010000000001001010011011101000010100101100100010101100111010001010001001011100000011001100010110000010100000100000000000110010000010001010001101001110100100000001000111101100000000101010010100000001111
1000100000000010000000000001000000000000000001000000101010001000100000000010000000000111000010000010101000100001000100000110100100011100000111000000000000000010100001000110010000101101001000110000011000001000011100001000000000010000000100000010000000001001
0000000000000000000000010000100000000000000001000010000111010011001010100110000000000000000100011001100101000000110000000001010000000111000001001001001100110001000110000000000110000110101100010000111000011010010000000010000010000101001001010100011100000100
0000000000000010000000000000000000000000000110000010000000010000000010101001001000011001001010010000010010110001000000000000100110001000000000100100111100000011010000101101100010010100001111001010000110101100001000100000110001000000011100001010000011001100
0101000000000100000100000110000001000000000010000000001000000001010000101001101010000000000001001000011100010100100100110101010000110000100110011000010010101001000011101100100000000000110110001000000100000000100001010010111001000010000100000000000000000000
1000010100000000101010000000000000010000000000010000000000001001000001010010000011000011101000101000100100001000001000010000100010011101001010010101001000000001101010000000000010001110000000001110000011000000001100000100000000000011000001010000100000100100
0000000000000000100100100000000100000001001000000000100001000111000100000100010000000101010001110101010000001101001010010001100000011000011101000100100100110100000000100001000000010110000000010101001001010100001001000100110000000000011001000000000000000101
1000000011000000000000010000000000000000000001100000001001000000000000110000000000010100010000100000000100000000111011100001100010010000000010101000010000101011110000111100101000001000000010000001000100000001000000001000110000000000000011000100001000000000
0000000000100000000000000000000000000000000000000001000000000001100100000100001000000010000000001011000010010100110111010000111000001011000101000000010000000100010001000101011110001100100100010011100001000000000001010101000000000001100011011000000000000000
0000010000000000000000000000000000000000000100000000000000001010000010000000011001010110000010000001000100000000000010001001100000100000101000000111000000010000000001100100110011010000001000110001100001000100000010110001011001001000000000000000000100000000
1100000000000000000000000000000000000000000000100000100000000110010000000000000000000100000100110110000000010001010010000001000000101101001001010101100010100010010000110101110010101000100111000110000000000000011100010000000000100000000000001110000001000100
0100000010100000001000000001000000000000000000000101000000010000000010000010000010000100011000001001001110010000000011010111101100000000000000000000000000000101001000100011110011001000011000010000100000100100000000010110111001000000000000000000000100011010
0101000000000000000000010000000000000011100001000111000001100001100101001000001000100000000100000100100000001101010001100010001100000100000001000000000000000001001000000001110100111101100100010010011110010111000011000010010010000100000010100011100000000000
0001000000000000000000010000000000000010000000000000000000001000000000000000100001010000110000000000000001000100101010001100011000010010001000100001001100010000001100000010100101101110000000011000000000000000110000000001000000001010010001010101000000000001
0000000000000101000000001000010000000010010000000000000000001000000000110000110000000101101000000000110001000110110000110000010000010001001000000011101011110000010000101000001000000100001001100001000001001101000100110001000011000000010000000101000010010001
0000000001010000010001000000000000000001010011000000000000000000101000100001000000000001100000000000000001000000000010000011000100000010010000001000001000110000010000010000100000000001110000101001000000000011010000000100000100000100000010001000000000100001
0010001000000000100000100000001000000010000000000000010001000000000000100000100001000110010100001000000001000010001000001101000100010110100000000110000001000010010000000001010011000101000001000000011100101010010000000000100010100000100000000100001100010000
0100000000000000000000010000000000010000100010000000000100100000100010000000000001101000000100001000000000000000101001110100000100011000001000001010100100001001010011000010101100010000000100100010100010101010000000000111000010000000101000010000000010100000
0000000000000000000000000000010000000000000000000000000000001100000100000000101010010100100000010000101010001101010000000011000100110000011001101011000101100010100000101011010000000100101010011000000000001000101001001001010100000100001001000000010100010000
0000000000000000000000000000000000000000000000000011000001010100010000010100000101001000000001100000100000010011000100000010111000000000100100101010000101100001111100000000000000000010010000100100010000000000110010010100000000000000000000000100000000000001
0001000000000000000100000000000000001000000000000010000000001000000000000110000000000100000000000000010110010000010000001100000100010001000001001010010010010000001100100010000000011011010001000001110101000001010010001000000100001100000100001000000010000001
1000000000000000000000000010000000000000010001000000001000100010000000000110000000010011100001000001000000100000101100010010000001000010000110011000100101000000100011010100100000001000000000000000000000010000110010000000010100111000001001100000000000000100
0000000000000000000000000101001000000000000010010000100100010100000000011010010000000011100001000001000011000010001000010001010000000000000000001100010101000000100001010111010001101111000001010000010000000110000011011100000010000000000000000000000000000001
0000010000100000000000000001000000000000000000000010001000100010100000101110001100000000000001000010000100001001001001001000000011000001111110101111000000001110010010111000000011100000000000000010110000101000000000100000000000000001000000000100100010000010
0000000010000001000000000000000001000000000000010100000000010000000000000100000001001000011000010001110110000001000010010100000100010001000000010000010111010100000100000000100101100000100110000000110001110110000001000000100000000110110100100001010011000010
0100000000010000000000000000000000010000000000000000000000000100000010000010000000000010000010010000000001001010000000000000000000000000010001000101111000101000100000000000000000000100000101001000000010010110100000001000100000100100000000000000101000000100
0000000001000000100000001000000010100000000000000000000000010000000100000000000000001000100010000101000000000010000100000000000101010100000000001001000011000001001001001011000001000000000000000011010000001000011110000101000000000000010000000101000000000000
0000000100001000000000000000000000000000000000001001000100000000100000000000100000000001000000010010000000000100001000000010101000001000001010000011100000000000010010000000100010000100000000000110001000000000100001100000000011001000000000000000000000000000
0000100000000000100000000000000000000000000000001000000001000000000000000000011000000001010100000000000000000000100100000001000000100100110100000100100001110000001000000000101000000000100010100000101000011000000110000000100000000000001000000000011000001001
0000001000000000000000100000000010011000100000000000000000000001000000000001100000000000011100000000100000000000000100000000011001010000000010000000000000010010000000000010000001101000010100000000100100000000000010100000000001010100000000000000010000000000
0000000000000000000000000000000000010000100000000000010001000101000010000000000000000001000000001100011100010010000001000101011100001000001001011000010010000001010000000001010000000011100001010000010100001100000001000000011000001010000010000100000001010100
0000000000000000100000100010000000000000001100000101000000000000101000000000000000000000010110011000000100001000000010001000101001000101100010000010000100000001001000011110000010011100000000010001001000010000001000000000000100000010000000000100000001000000
0000000000000000000000000000000011000000000010000000100001010000000010000000000000000000001000000100010000010100000001010000010100011000100101000000010001110011110000001000000101000010000000000000001000001001000000110000000000100001000010100100100100001000
0000100000001001100000000000000000001000010000000101000000010010010000000000010100000000000000000000000000000011100000100001100000000001100100000000000000001000000001000000100001000000001000000011000101100000000000000100110001011000010000001100000000000000
0000000000000010000000100000000000000010000000000000001010010000001001000000001100000000000001000000000010101000101001000110000000000010000001000000100100010000111001000110001011110001000000110000010000100100100000001000000000010000011000010000000000000000
0000000000000000000000000000000000000000000000000000010000000001000010001000000010010000100000110111000010010000000000000000100000000000111000000000010010010011000000001001100000010100000000001000000100100000000000000001010010000100000000000000000001000000
0001000000000100000000000000010000000001000000001000000000000000000000100000100000001000010010010001000100010101000001001110000000000000000000100000100000000000000011001000000000010000001000000000010000001000010010000101000100000000110000000000000000000000
0000000000000100000000000000000000000000100000000000000000000001000000000000000101001100001000010100010000000001001000001000000010010010000000001011100011010100000010100000000000001000000000000001100100000000010000100000000001000000100000000001000000000000
0000000000000000000000000000000000000000010001000000000100001100001000000100000000100000000001000000000000100000011000001001100101001110000000100000000010000001000000100100000000000100010000001001010100001101000000100000000010000001000000100000000000001000
0000000000000000010000010000000000000000000000001000110000000010000000001000000000100001000000100100101100000000000100000000000100000000000001001001000000100100000000010100010000001010000001000000001000100111010001000101000000001000000011000000000000000000
0000000010000100000000000000000000000001000000000000000000000000010000000000001000000100001000010001100000100100000001000100001010010001100001010001000000000000000001110011100001100000010001000000000000001100000000000000010000100100000000010000100000000000
0001100011000000000000100000000000010000000001000000100001000000010000000000110000000110000000100010010000000000100000000000100000000001000101001000000000100000100000100000000000000000000101000110000000000000010000000000000000000000000000000000000000000000
0000000000000010101000001001000100000000000000000000000001000100000000000100100010000100000000000000001100000000000100010001000001001000000000000010000100000110001000010000010001100000000000000000100001000000001001000001000100010000010010010100000000000000
0000000000000000000000000000000000000000000000010000000000010000000001010000000000000010000001000000000001000000000000000011000000000000000110001000010000100000000000100010010000000100000001000000000000000101010001000000000000000000000000000000100110000000
0001000000100000000000000000000000000000010000000001000000010000001000000000001000001101000000000001001001100000000000011000000000100000100000100001000110010100000000000001010100010000000000011010000000000100000000000100011001000000000000000010000000000100
1000000000000000000000000000000001000000000000000000100100010100000000000000000000000011000100000010000010000001000000000000000001011001000000001000000100000000000000000000000000000000100000000010000010000000000000110001000000000101100010100000000100000000
0000000000000000010000000000000000001000000000010100000010000000000100000001000000001001000000000000001010000000110000000100000010100000100000000000000000000100010110000000000000101101001000000000000000000000010101000010100000101001000000000000000000000010
0000000000000010000000010000000000000000000000100000001110000010000000000000000000100000000000100000000000001000000000010000000000000000000001000000000000010010000000000000100000000001100011000001000000011010000000010010000000001000000000000010000000100000
0100000100000000000000000000000000000100001000010000000110000000000000000010000001001000010010111010000000000101100000000001000010000000000000000101000100001001000100000000000101000001011000000000000000010000100000000100010100000010100000000000000000000000
0100000000000000000010000000000000000000000000000000000000000001000000000000100010000000000000010000000000000000000000000010000000010000000000010000000000000000000010001000001000110001000100100000100000000000001000010010000000000000000000000000100000000100
0000000001000100000000000000000000000000000000000000000000000000000100000000000000000001000000001000000000000000010000001101010100000000001100000010000000000000000100100000010000100000000100001000000001100000010100000110000000000000000010000000000000000000
0000000000000000000000000000000000000000001000001000000000000000000000110000000000000010000010000000100010000000101000000110000001001000100000000000000011000000000000000000000100000010010100000000100000000000000001000000000000000001000000000000000000000000
0000000001000100000000001000000000000000000000000000000011000000000000001101000000010000000000101000001000010000000000100101000001000100000000010010000000011000000000000000000001110000000000000000000000000010000010000001000100010000000000000000000000010000
0000100000000000000000000000000000000000010000000000000010000000000000000000000001000000100000000000010000000000101000000001010000010100000000000001000000000000000000000000000000000000000000010000000010000010001001000000010000000000000100000000010000000000
0000010000000000000000000000000000000000000101000100010000000001000000000000000101010000000000100000100000000000010001000001001000000100000000000000001000000000001001000101000000000001000010000101001000000000001001010000100001000000000000000000001000000000
0000000000000000000000000000000100000000000000000100000000000000100011000000000000010000000010001000000000000000001000000000010001000100000000100010000000000000000010000000000100000000011010000000000100101100000000000000000000000000000000000000000000000001
0000000000000000000000000000001000000000000000000000000100000000000000000000010000000000000000000000001001000001000000000000010100000000001001000100000000000101000000100000001100001000110001011000000000010010000100000000000100000000000000000000000000001000
0000000000000000000000000001001000000001000000010000000000000000001000000000011000000000000100000000001000000100000000000000000000000000000010001000000000000000000000000100010010000000000100000000000000000000000000000000000000000000000000000000010000001000
0000000000000000000000100000010000000000000000000000000000000000010001000000000010000000100000001000000000010010000001001001001000000110000000000000100000000000000000000000100000000000000010000000000000000000001000010000010001010000000000000000010101000000
0000000000000000000000000000000000000010000000000000000000000000000100000000000000000000000000100000100000010001000000010010001011000000000000010001100010001000000010000000000000000100000000001100000001010110001000010000000000000000001000000000010000000000
0000000000000000000010000000100000000100000000000000010000000000010000000010000000001001000000000000000000000010000000001000000000000000100010000000000000000010100000000000000101010000000101000000010000000000000000010000000000000000000011000000000100000000
0000000000000000000110000000000000000000000000000000000000000000000000000000000000100000000000000000000001010100000000000000000000100000000000000000100010000000000000000000000000001100000000000000100000010000000000000000000000000000000000000000001110010000
0000000000000000000000000000000000000000000000000000000000000000000010000001000000000000011000101000000100000000000000000000010000001000010000100000000001100001000000000000000000001000010100000000100111000000000011000000000000000000000000000010010001000000
0100000000000010000000000000000000000000100000000000000000000000000010000000001000000000000001000000000000100000000000000000000000000001110000000000010000000000100000000010000001000000001000000000001000000001000000000000000000000000000000000000001000100000
0001000000000000000000000000000000000000000000000000000000010001000000000000100000000000000000000000000000000010000000000100000000000000001001010000000100000100000000000000000000000100000010000000000000000001000100100001000000010000000000000100000000000000
0000000000000000000000001000000010000000000000000000000000000000000000000000000000000000000000000000000000000000000010000100010000000000000000000001000000000000000000100000000000000000000000000000100000000000000000000000000000000000000001000000000000000000
0000010000000000000100000000000000000001010001000000000010000000000100001000000000000000000000000000010000000001110100000000000100000000000000000001001000000010010000000000010000001010000000110000001100000001100000000001000010000000000000000000010010000000
0000000000000000000000000000000000000000001000000000000100000000000000000000000000100000010000000000100000000001000010100000010000000010001001000000100000000000001010000000010000000000010000100000010001000000000100000000000000110000000000000000000000000000
0000000000000000000000000000000000000000010001000010000010000010000001100000000000011000000000000000010000000000000000000001000000010000100001000000010000110000000000010000001000000001000000000000000000001000000000000000000010000000000100000001000100000000
0000000000001000000000000000000000000010001000000000000000000100000000000000001010010000100010100000101010101100010000000000010000000000010100000000001100000000100000000000000000000000000001000000001010000000000000000000010000000000000000000000000000001000
0000000000000000000000000000000000000010100000000000000000000000100010000000010101000000000010000000000000000001000101000000001000000000001000001000000000000001001000000000001000000000000000000100010001001000001001010010000010000000000000000000000000000000
0000000000000000000000000000000000001000000010010000000010000000000000001001000000000000000100000000000010000000000000000010000000000000000000000000000000000000100000000000000010000000000000000000000000000000000100000000000000010000000000000000000000000000
0000001000000000010000000000010010000000001010010000000000000000000000000000000001000000001000000100001000000000000100100100000010100001000000000000000000000000101000000000110000000000000000000000000000000000010100010100000000010000000100000000000010000000
0000000000000000000000000000000000000000000000000000000000000000010000000000000000000000000000000000000000001100000000000000000000000001100000000000000001000100100000000000000000000000000000000000010000000000000000000000000000000000000000000000000000000000
0000000000000000001000000000001000000100000100000000000000000000000000000000010000000001000000000000000000110000001010001000000010000100000011000000000000000001000000000000010000000000000000000000000000000000000001000000000001000000000000000000000001000000
0000000000000000000001000000000000000000000000000000000000000000000000010000000110000100000000000000000110000000000000000001000010000000000000010000000100000000000000000000000001000000000000000100000010000000001000000000001000000000000000100000000000000000
0000000010000000000000000000000000000000000000000000000001100100000100000100010000000000000000000001000000010000000000000100001011101000000000000000100011000100000000000001000000000000000000011000000100000000000000000100000000001000000000000000000000000000
0000000010000000000000010000000000000000000000000010000000100000000000000000000000000000000000000000000000000000000000000000000000110000000000001000000000000000000000000000000100000000001100000000000000000000000000000000000000000000000000010000000000000000
0000000000000000000000000000000000000000000000000000100000000000000001010000001000000100000000001000000000000000010000000000000100000000000000110000000001000000001000000000000000100001000010000000000000100000000000000010000000000000000000000000001010000000
0100000000000000000000000000010000000000000000000000000000000000000001000100001000000000000000000000010000000000000000000000000001010000000000000000000011000000000000000000000100000000000100000000000000000000000000001000000000000000010000000000000000000000
0000000000000000000000100000000000000000000000000000000000001000010000000000000000000000010010000101000000000000010110100010000100010000000100000001000000010000000100000101010000000000000000000000000001000000000000000100000000000000000000000000000000000000
0000000000000000000000000000000000000000000100000000000100000000000010000000000001000000000000000000000000000000000000000000011000000000000010010000000000000010000000000000010000010000000000000000000000000000000010000000000000001000000000000000000000010000
0000000000000000100000000000000000000000000000000000010000000000000000010000100000000000000010000000000000000100000001000000000000000001100000000100000000100000000001000000000001000000000010001000000001000000000000000000000100000000000000000000000001010000
0000000000000000000000000000010010000000000000000000000000000000000000000100000000000000000000000100010000000010100000000000010010000000000000000000000100000000000000000100000000100000000000010100100000000000000000000000000000010000000000000000000000000000
0001000000000000000000000000000000000000000000001000000000000100000000010000000000000000000000000000000000000000010000000000000100000000010000000000000000000100000000000000010010000000000000000000000000000001000000000000000000000000000000000000000000000000
0000000000000000000000000000000000000000000000000000000000000000000000010000000000000100000000000000000000000000000000000000000000000000010000110000000000000000001000000000000000000001000000000000000000000000000000100010000000010100000000000000000000000000
