0000000000000000001000000000000000000000000000000000000000000000001000000000000000000001000000000000000000000000000000000000000010000000000000000000000000000000001010000000000000000000000000000000000000000000010000000000000000000000000000000000000000000000
0000000000000000000000000000000000000000000000000100000000001100000001000000000000000000000000000000000000000000000100000001000000100010000010010000000000000000000000000000000000000000000000000000000000000000000000000010000000000000000000000000000000100000
0000000000000000000100000000000000000000100000110000000000000000010100000000000001010000000000000000000000010000010000000000000010100000000000000000000001000000000010010000000000010000000010010000000000000000000000000000000000000000000000100000000000000000
0000000000000010000000001000001000000000001000000000000000001000000001000000000000000000000000000000100001001000000010000001000000000000000000000000000000000000000000000000000100000000000000000000000000000000000000010000000000000000000000010010000000000000
0000000000000000000000000000000000000000000110000000000000000000000000000000000000000000000000000000000001001000000000000000000000000001000000000000000000000000000000000000000001000000000000000000000100000000000000000000000000000000000000001000000000000000
0000010000000000000000000000000000000000001000000000100000000000000000000000000000000000000110010000000000000000000100000000000000000000000000000000000001000000000100000000000000100000000000000000000000000000000000010000000000000000000000000000000100000000
0000000000000000000000000000010000000001000000000000000000000000000000000000000100001000000000000000000000001100000000010000000000000000000000000000000000000000000001000000000000000000000010010000000000000000000000000000000000000000000000000000000000000000
0000000000010000000000000000000000000000000001100000010000000000000000000000001000000000000100000000100000000000000000000000000000000000000000000000000000000000000000001100000000000000000000000000000010000000000000000000000000000000000000000000000000000000
0000000000000000000000000000010000000000000000010010000000000001101000000000000100010000000000000000000000000000001000010000000000000001000010010100000000000010000000000000100000000001000000010000000000010000000000000000000000000000100000000000000000000000
0001000100000000000000000000000000000000000000000000001000100000000000000000000001000010000000000000000100000100001001000000001000000000000000000100000000000000000000000000000100000000000000000000000000000000000000010000000000000000000000000000000000000000
1000000000000000000000100000000000000000000100000000000000000000000000000000000000000000000000001000000000001000010000000000000000100000000000000000000000000000000000000010000000000000000000000000000100100000000100000000000000000000000000000000001000000000
0000000000000000000100000000000000000001000000000001000000001000000000000000000000000000100011000000010000000000000001010000000000000000000000000000001001000000000000000000000000000000000000000010000100000000000000010000000000000000000000000000000000000000
0000000000000000000000000000010000000000000000001000000000100000000000000100000000000000010010000000000000000000000100000000010000100000100000100000000000000010000000000000001000000000000000000000100000000000000000000000000000000000000000000000000000000000
0000000001001000000000000000000000000000000100000101000000000000001000000100000000000100000000000000000000000000100001000000000000000000000000000010000000001000000000000100000000000000000000010010000000000000000000000000000000000000000000000000000000000000
0000000000000000000010000001000000000100100000000000000000000000000000000000000000000000001000100000000001000000000000000001000010000000000001000000000001000000000000000000000000001000000000000000000000000000000000000000000000000000000000000000100000000000
0000000000000000000000000100100000001000000100010000001001000000000000000000001000000000000000000000000001000000000000000010000000100000000000010000100001000000000000000000000000000000000000000000000000001000000000000000000000000000000000000000000000000000
0000000000000000000010000000000000000000010001000001000000000100000000000000000000001011000000000001000000000100000000000001010000010001000000000000000000101010000000000000000000000000000000000000100000000100000001000000000000000000000000000000000000000000
0000000000100000100000000000000000000000000000000000001000010000000100000010000000001000000001000100000000000001000000000000000000000000000000000000010000000100001000000000100000001000000000000000000000000100000001000000000000000000000000000000000000000000
0000010000000000000000000000000000000000000101100000000000000010000000000000000000000000000001101000000000000000001000010000000000000000000000100000000000000000000100000000000010010000001100000010100000000000000000000000000000000000000000000010000000000000
0000000000000000000001000010000010000000010000000000000000000000001000000000000000000000000010000000000000000000100010000000000000001000000000000000000000000001000000000000001000000000000000000000000000000000000000000000000000000000100000000000000000000000
1000100000000010000000000000000010010000000000000001000100100100100000000000000000000010000000000000001000000000000000000000000000000000010001000000000001000000000000000001010000000000001000000000000000000000000000000000000000000000000000100000000000000000
0000010000000010000000000100000110000101000100000000000000000011000000000000010000000000000000101000000000000010000000000000010000000001000000001000000000000000000000000000100000000000000100000000000000000001000000000000000000001000000000000000000000000000
0000010001000000000000001000101000000010000000000000010000000000001000100000010000100100000000000100001100000010000000000000000000100010000000000000000000001000000000000001001000000000000000000000001000000000000000000000000000000000000000000000000000000000
0000000000000000110000100000000000000000011000000001000000000000000000000000000000000000000000100000000000100100000000001000000001000000000010000000000010000000000000010000010000001010000000100000000000000000100000010000000000000000000000000000000000000000
0000000000000010000000000001000000100010000000001000000100000000101000000000000000001000000000000010000000100010100000000000000000101000000000000000000000000100100000001000100000000000000000000000001000000000000001000000000000000000000000000000000000000000
0000000000000000000100000000000000000000000000010000000000100100001000000000000000000001000000000000100000100000100010000000000000100000100000000000000000000000000000000000000000000000000000001000000000000000000000001000000000000000100001000000000000000000
0001100000100000000000000000000000000000000000000001000010000000000000000010000000001000000000100000010100101000000001000000000100100100011000000000100000000000000100000000000000000000000000000000000000000000100000000000000000000000000000000000000100000010
0000000000000000001000000000000000100000100000000000000000000000000000000100000100000001010000101000000000000000100001001100001000000000000101100000100000100110000000000100000000000000000000000000000000000000000000000000000000000000000000000000000000010000
0000000000010000100001000000000001010000000000010001000010000000000000010000000000000010000000010000000000000000001000000000000000000000000000000010000000000000010000000000000000000000000000000000000000000000000000000000000000001000000000000100000000010000
0000000000000000000000000000011000000000001000000000000000000010000000010000000000000000000000000000000001000000000000000000000100000000000000000001000000000010100100000000000000000000010000000000100011000000000010000000000000000000000000000100000000000000
0000000000000000010000000100000000000000000100000100110000100000000000001010100000001000000100000001000001000000000000001000000000000000001000000001000000000001000100000000000010000000001000000000000000010000000000000000000000000000000000000000000000000000
0000000000000000000000000000000000100000000000000000000000000000000101000000000000000000100000101000000001001010010000010011000000000011000000000000000000000000000100000000010000000001000000000000001000100000000000100000000000000000000000100000000000000000
0101000000000000000000000000000000000001010100000000001010010000000000000000000000000100000001000000000010000000000001000000000000000000110000010000000100000101000000001000000000000000000000000000000000000000001000000000000000000000000000010000010000000000
0000010000000000000000100000010000011010100000000010011000000101000000000100010000000100000000000000010000010000000010000000010001000000000000000000000000001000000001101000000010000000001000000000000001000100011000000000000000000000001000000000000000000000
0000000000010000000000100010100000000000000001000000001010010000100000000000000010000000000000000001000100000000000000000000000000000010000000010000000000010100100000000000000000001000000001000000000000000000000000000001000000000000000000000000000000000000
0000000000000000000000000010000100000000010001000001000000000000000000000001000000000110000010000001010000001001000110000000000000000000000000000000000000001000000000000000000000000000000000000000100000000000000000000000000011000000000000000000000000000000
0000100000000000000000000000000010001000000000010000000000000000000000000000000000000000010000001000000000100000010100000110000000000100000000000000100010010010000010000000000000000000000000100000000000100000010000000000011000000000000000000000000000000000
0000000001000100000000000000000000000000000000000100000100000001000000000000001000000001000001100110000000000000000000000000001000000000000010001000000000000110000000000000000000000000000000000000000000000000000000000000000000000000000000000100000000010000
0001000000000000000000000000000000000000000001000011000000100000100000000001000000000000001000000000100000001100000001101010000000000000001000000001010000000000000001000000000000000000000000000000001000000000000000000000000010000100000000001000000000000000
0000001000100000000100100000000010000010000110000000001000000000000000000000000000000000000010001000000000000000101000001000000000010100000100010000000000000000000000000000000110000000001001000001000100000000000000000000000000000000000010000000100000000000
1000001000000000000001100001000000010110000000000010000000000000000010000000000000100100000000000100001100010000000000000000001001000100000000000100010010010001000000010000000000000000000000000000010000000000000000000000000000000000000000000010000000000000
0000000000001000000000000010100000000001000000000100100001000000100000000010000100000000000000100100001000000000000000100010000000000000000000001000010000100000000000000000000010000000110000000000000000000000000000000000010000000110010000000000000000000000
0000000000000000000101100100000000000000000000001000000010011000100000100000000000100001010000001000000010101000000000000000000000100000000000000000000000000000000000001000000100000000000000000000000000000000001000000000000000000000001000000000000000000001
0000000000000000000000000000000000000001100000100000000100000100000001000000000000000000000000000000000010000000100000000000000000000000000000010000000000000001010000000000000000000000000000000000000000000000000000001000000000000000000000000000000000000000
0000100000000010001000001000000100001001010000000000000000000000000000000001011000000001000000000100000000000000001010000000100100100000001101010000000000000100000000000000000000000000000000000000001100000100000000000000011000000000000000000000000000000000
0000000000000000000000100100010000000000000000001000010000000010000001100000000000000000010000000100000000100000000001000000000001000000000000000000000000100000001100110000000000000001000000000000000000000000000000000000000000000000000000000001000000000000
0010000000001000000000000001000000000000000000000100100000001001000000001100000000000010000000100001000000010100101001001110110000010000100000000100000000000000000000001001001100000000000100010010000000000000001000000000000000000000010000000000000000000000
0000010001000000000000000000001000000000100000000000001100010000000010001000000000000000100100000001000010000000000000000010000000000000000000001000000000000000000000000101000000011000000000000000000000100000000000000000000000000000110000000000000000000000
0000000000000100000000000000000100000010000010000000000000000000000010000010010000000000000000010000000100000000001000000000000010101000001000001000001000000000010010000000001000000000000001000000101000000000000000000000000000000000100000000000000000000010
0010100000000000000000001000000000000011100010000000000000010000000000000001000000100100000000010000010000000000000101000001000000000000000000001000000101000000010000010000001000010100000000000000000000100000010001000000010000000000001000001000000000000010
0000000000000000000100100000001000000000000000010000000000010000000000010000000010010000001111111100000000010000100010000000000000011000000000000100000101000001000000000000000010000000000000000000100000100000000100001000000000000000000000000000000000000000
0100000000001000000000100000000001000000000000100000000000100000100000011000000000000000000000001000000000000000000010010000100000100000000000000101000000000000000000000001010000000010000101000000000000000000000001000000000000000000000000000000000000000000
1000100011000010000000000000000100000010000000000100100011000000100000001000000000000010000000000100101000000000010000000001010000000000010000001001000100000000000100000000110000000001000000000001000000000010000010000000000100000000000000000000000000000000
1000000000110000000100001000000100001000100000000000000000000101000011000001000000000000001000010010100001000000000000010000000000100000000000000000000000000001000000000000000000010010000000000000000000000000010000000000000000000000000000000000000000000000
0000000000000000000000010010010000000000000000000000000000100000000000000100000000010000101100011001000000000001000000000000000000000100000000000000100000000000000000000000000000011000000000000000000000000000000000000001001000000100010000000000000000000000
0001000000000000001000000000010100000000000000000000010000000000010100000000010000100000000000000100000000100000000001000000000000001000100010000000000000000000000000000000000001000001000001110000001000000001000010010000000000000000000000000000000110000000
0000000001010000000000101010010100010000010000000000001010000000001000000000000100000000100000001100000100010000100000000000000100001100000101010000001000000000000000000000000000000100000000000000000000010000000000000000100000100000000000100000000000001000
0000000100000010000010011000100011100000000011000000010100000000000100010000000100001000001000000000000000000000000000100000000000100000001000000000000000000000000000000000000001000000000000000000000000000000000000000000000000000000000000000000000000000000
0000000000000000000000100101001000000000000000010000011000000001110000000000000000001000000000000000100000010000100010000000001000000100010001000000010001000000100000010000100000000000000000000001100000101000000100000000000000000000000000000000000000000000
0001001001000000000001000001000001100011001100000000010001000000111001000000000010000010000010011100000000000100000000000000001100010000000000010000000000000000000100000100000000001000000001010010001000000000001000000000000000000000000000000000000000000000
0100000000000000000100000000000010000001001000000000000010000000010000000000100100000011100110000000000000011010001011000000000001001000001000001000000000010001000000000000000000000000000000000100000000000000000000000000000000000010000000000000000000000000
0000000010000000100100000000000000010000000000000000001000000000100000000011000000000000000000000000000000000000010000000000000000010000000000000010000010000100000100000110001000000000000010000001000000000100000000000000001000000000000000000000000001000001
0000000000000001000000100000010000000001000000000000000101000000000000000000010000000000000000000000110011010100100010100000000000010100000000000100100000000000000001000000000000001000000000001000000100000000000000000000100000000000000000000000000000000000
0000000010000100100100010010000100010000100100000000000100100000000000010000000100000100000001100000000000000100010001000000000000000000100011100011000000100000000001000000000000000000000000000000000000110000010010000010000000000000000000000000101000000000
0000000000010000010010000000000000000000001101010000000000011000000000000010000000000000011000000100110000000000100000000000100010010001100000110011000000100000000000100000000000000000000000000000010000000000000100000000000000000000000000000000000000000000
0000000010000000000101000000100001000100000000100010100000000010001000100000000001000000000000010000001000000000000000000000100001001000000110001001000000001010000110000000010000000100000000000000000100000001000000001000000000000000000000000000000000000000
0000000100000000001000100000010000000000100100001000000010010000000000010010000011000000001000010000000010000100000001010010000000001000100000000000000000010000010000001100000010000000010000011000000010010000000000000000000000000000000000000000000001000000
1100001000010000000000100100000000000010000000000000000010100000010011000101000000000000000100000000001000001010010000000000000100000100000101000000000001010010010000000000000000010000000000000000000000000000000000000000000001000000000000000000000000000000
0001000000001000000100100010000100001000000010010100000000000000000111000001000000101011000000000000000000001001001000000110001100000010000000000000000000000000000000001000000001000000100100000000000000000000000000000000010000000000000000000000000000000000
0000000010000000000000000000000100000000000010000000000000000000100001100000000100010000000001000001000010100001110000110000010000000010000000000110000100000000100101100000000000000000000000000000000000000000000000000000000010000000000000000000000000000000
0000000010000000000000000011000001000001101101000000000100001000000000000000000001001000001000001100000010000001000010110000000100000101001000100000000000110000000010000100001000010000000000000000000000000000000000000000000000000000010000000000000000100000
0001000100000000000000000000010000000000010000000010000010010100011000001110100000000000110000000000100001000000010000000001000000001000000000000010000001110110000001010000100000000110000000000000000000000000000010000000000000000000100000000000000000000000
0000010001000000000000000000000000000010000100010100001000010000000000010001100000000000000000100010011001000101000000000000000000010000100000000010000000100100010000101001000000110000000000000000000010000000000000000001100000000000000010000000000000000000
0000000000000010000000000001000011000001000100000010000000010000000000000010000001110000000100000001100010110000010000001000001010000100000000100000000001101110000000000110001010001000000000000000000000000000000000000000000000000000000100000000000000000000
1000000010000010001000000000100100010000011001110000000001000000000000011000000010000000000000000000000000000000000110000001010000000100000010000000100000000001100100000000000001000000000000001010000000000001100000000100000000000100000000000000001000000000
0000010000000000000000000000010000000110000010010001011001000000000000100001000010100000010100010001010000011000000001010010000011110000010010000000001100001000000000100000000000110100001000000010100000001000001000000001000000010000010000000000000000000000
0001000000000110001100000000000000011001001110000000010101000010100101100000010000000000000101010000100101001000010011001001010000000001110000110011000010001011000000000000110000000000000000000000000000000000000001000000000000000000000000100000000000100000
0000000000100000000100000100000000010000000000100010000000011000000000011100000100110101000000000000000001000001100000000101100001001000011101000000101010101000000100011000000010000000000000000100000000000000000000000000000000000000000000000000000000000000
0000000100000000110000010010000000010000000101000000000000010000010000000000000001000010011001100000000000010111011000001011010101010001001000000011111000111000000001001010000010000010000000010000000000000000000100000100000000000000000000000000001000000000
1100011000000000000000000000000000100100000111010001000001000000000001000011000000000111000000000000000001101010001111000100000000000010101010000011010000000101100000010000000000000010000000100000000001000000000000000000010101000000000000000000000000000000
0000000000000000101000000000000110000100000000100000000001000011001000000000000010111001001100100000000000111000000100100100000000000000100111000010000101000010001000001000000000001000000000000010000000000001000000000000000000000000000000001000000000000000
0000101000001000000001100100000010000000000100000001010100000110000100000000000000001000000101000000110000011011100010101010000000010000010100100110100000011000000101000000000001000000000001100000000000100000000000000000000000000000000000000000000000000000
0000000001010000000100000000001001000101000100000000000000000000000010010000000000000100010110001001000010010000100000000100010001110000010100111101001000000000000000001000000000000000000000000010000000000100000000000001000000000000000000000000000000000000
0001000001000000000000000001000100000000000011000000000000000110000111010010010010100110100001010000010000000000001000010000001000010100100010000000011010000100010000000010000001010001000000100000100000000000000100000000001000000000000100100000000100000000
0000100000000000100011000000111100010111000000010000000000001000001100010000000000000000000110000000110000011000001000000010001000010001100000011001110001001000000001000000011000100000000000000110010001000010001000000000000000000100000000000000000000000000
0000000010000010000000100110010100000000000000000000001010000000011001001000000100010000000010010100010000000000001011000000011000000001000010010100111011000001000000110000011000010000000000000000000000000000000000000000000000000000000000000000000000000000
0100000100000000000000000000001101000000100100010000000000010001100000000000001111000001100000100010000100110100011110000001001000100110000001010001000101000001100100000000000000001000000000000000100100000000000000010000000000000000000000011000000001000000
0000000000000000000100000100001000100000000000000000001010000000000000100000000000100000000010000000000110000100100000000100010000101100011000001111100000010010000000001000000000000000101000000000000000000000000000001000000000000000000010000000000000000000
0000001100000000100100000000010000011000001101000000100000001010010000000010000000100000010000000010010100000010010001000000011010101101110010001100000001000011000100100010101110000001000000000000000000000000000100000000000000000000000000000000000000000000
0010000100000000001000010100000001100010000100001100000011100000001001110000010000011000100100000010011000000001001001101001110000000000100000000001001101000100100000000001000001100000000000000000000000000010000001000100100000000000000000000000000000001000
0000000000010000000100011000100001001001001100100001000000001110100100000000100101000001000010001000010000000001100100100000000000000000001010011000000000001100000000000000010000010000000001000100101000000000000010000000000000000000010000100000000011000000
1000000000100001000000000010000001001010000011010100000100010000000000010011000001000000000101000000000000010000000000000010000100001000001000010000100001000000010010000010100000000100000010000000100000000000000000000000000000100000000100000000000000000000
0000001000000000100000000000000001000000000110100100001000000000000101100010000000000000010010000100000000110000000000101000010110010111010111010110110101010000110110000100001000100001000010000100100000010000000000000010000000010000000000000000000000000000
0000100000100100110000000000100110000000000010010000000100000001000101000011100001010110000000000000000000000110010000010000001101111010110100000001100010001000100000010000000000001100000100000010000000000000000000100110000000001000000000000000000000000000
0001000000000000000000000000010000000000000000101000000101100001000011000100000000011000000000011000001000010101001000000010000000010001010101100100110000000010000000000000000110000100100000010000010000001000000100010000000000101000000000000000000000000000
0010000000000000000100000000101001010100000000000001000000000100011000100100001000000000000000000000000010000100110011000010000000010100000101001100011110100010000101001000010000010000000100000000000000000000000000001000000100100000000000000000000000000000
0000000000000100000000000000001000000011011000010000001010000000010100001110000000000000000010000100000001010000001000010001100101001001010000000001001010110100000011001000000000000000000000000110000100000000000000000000001101000000000000000000010000000000
0000000000000010000001000000000010000000110000000101000010000000000000000000000000100010110001000000000100101000100100000010110010000101001110001000100101100000010010000010100100001100000000000000000000000000001000010010000000000000000000000000000000000100
1001000100101010000010000000010000000000010001100100000010000001010000101000000001000100001111000000010000000110100100000010110001100100100000000000110111001000001001000101100000000010000000000010000000000000000000000000000010000000000000000000000000010000
0000000000000000001000000000000000000011000001100000000000010000001000000000100000000000000001110100010010100000010001001000100001101001001000000100000001000000000000000010000001010010000000000000000100000000000100000000001000001000000001000010000000000000
0000000000000000000100000000000000000010000000100000000100000000010000000000000000100000110000100000101010010111000000001000000000000000101110100011000100001000110000000100000000000001000001000000000000100000000000000000000000000010000000000000000000001000
0000000000000000100001001000000001000000000000011100000110000011000000100000000001000000000000011000000010000100000100000000110001110000000001101011000010000000100110010000100010010000100100000100000000000000000000000000000000100000000000000000000000000000
0000010000000001001100000000000000010100000010010000000000010001000010000000111001100000000000000011000000000000000000000100000000101001000011001010001100000000000000000000000000000000010000000000000100000000000000000010000000000000000000001000000000000000
0000000000000000000110100000000000000001000100011000000000001000000000000010000010000110000000010000000000000000000100111010000100001000101000000000000001000010000000010000100000000000000001000000000010000000000000000000000000000000000000000000000000000000
0000000000000001000000000100000001100001000000000000000000000000000001000100000000000000000000000000000000100100000000001000000010010101000000000000011010000100100000010000001000000000000000000000001000000000000010010001000000000000000000000000000000000000
0000000000000011001100000001000011000000001001000010000000001001010011000000000001000001000010010000000010100100010110000000001000001000000000110000000010001000000000000000000100000000100010000000000000000000000010000000000000000000000000000000000000000000
0000000100000100000000000000010000000100100000000000000100000010100000000000000000000000000000010010000100010000000011100000101000001000000000000000100101000000100000100001000000001100000100000000010000000010000000100000000000000000001001010000000000000000
0000000010000000010000001100001011001000000000000000100000000000000010010000000000110000000001100010010000000000000000000001101000000100101011001010000000010000110000000000000000000000000100000000100000000000000000000000000100000000000000000100000000000000
0010001010001000000010000000010000000000000010110000000010010001000000010001000000000000000000000000010000001000000100000000000000000000000110000010000000110010010001000100100011000000000000000000000000000100000000001000000000000000000000000001000000000000
0000000000100000000001000000000010011001000100000000011000000010010000001000100000010010011000000001100010010101000011000000000000100000000000001101000000000000000000010000000000000001000000000000100000000000000001000000000000001000000000000010000000000000
0001000000010001000000000000000000010000000000000000000000000100011000010000000000100001100010000110000000000000000000000000010000010001000100000110000111001001010000000000000000000000001000000000000000000000000000000000000000001000010000001000000000000000
0000010100000000000000000010100000001000101000010001000010010000000100000000000000100100010000000001000000101000001000001000000001000000000000000000000000000000010000000000010001010000000010000000000000000000000000000000000000000000000000010100000101000000
0000000000000110000000000000010000100000000100000001000100000000000000000010010000000001000100000000000100100100000000100100000100000000100000000001100000001001010011000000001100000000100000000000000000100000000000010000000010000000000000000000001000000000
0000000000000001100000000000101000100000000000000000101001000000000100000000100000010000000000001000100101110000010000000010111000000000000010000000011000100001001100000000100000000000100000000000000100000000000010010000000000000000001000000000000000000000
0000001010000000000000000000000000001000100000110010000100000000100100110100000000001000000000000110000000000010010001001011000101010101011011001001010101001000010000000000000000000000000000000000010000000000000000000000000000000000000000000001000000010100
0000000011000000000100000000000100001000001000000010000000000000000100000000000000000000000000001000001010000001001110011011000010010000000000001000000000000000000000000000000000000100100000000000000001000010000000000000000010000000000000000000000000000000
0000000100000000000000000010000000100000000000000100010000000000000000000000000010000000000000001001000000001010000010010000001010000000011001000000000000000000001100100010010000001010010000010100000001000110000100000000000000000000100000000010000010000000
0100000100000000000000010000101001000010000000001000001100000100010000000001000001100000000001000001100001000010000000100001000000010001100000000000010010101001000000000000001000000000000000000000000100000000010000101000000000000000000000000000000000000000
0000000000001000001000000000000000001000000000010000000000010000100000110100000001001000000000001000000000000010011100000000000001000000000001100010000100010000000010000001000000000000110000000000000001000000000000100000000001000000000000000001000100000000
0000010100010100000000000000000000100000000000000000001000000000001000000000000100000000000000000010000000000000100000000100100010010101000110001100000000101000011001100001000000000000000000101000000000000000000000000000100000000000000000000000000000000000
0010000000000101000000100000000000010000001000001000000000001000000000010010000010100000000001010001000000000000000000010001110010000100010000000000110000000010100100000000000000100000001010000000000000000000000000100000000000000000000000000000000000000000
0000000000000000000000000000000000000000001100001000000000000000000010000000000000000000000000001000000000010000000000000011010000000010100000100010011000000000000000000000010000001000100000000000100000000000000010000001000000000000000000000000000000000000
0000000000000010000000000000100100000000000000110000000000000010000101000100000011101100000000000000101011000001000000000001000100100100010001000101000000000100000000010010001000000000011010000010000000000000000000000010000000000000000000000000000000000000
0000000000000000000010000000000000000000000000000001000000000000000000010001000000000010000000000000000000000100000010000010000001110000010000000000000001010000000010000100101000000000000000000000000000000000000000000000000000000000000000000000000000000000
0010000000000000000110000000011010001000000010000000000010000001000000010000000001000000000010010000000001000010010011010000000010000000000000000000001001000100000000010000010010100000000000001000010000000000000010000000000000000100010000000000010000000000
0101000000000000000000000000000000000001000000000000000100000000011100000010010000100001100001101000000000000000000001000000000010010000000001000011000011000001000000000001001000000000010010000100000000000000000000000000000000000000000000000001000000000000
0100001000000000000001000000000000100000000000100100010000000000000000100100000000000000000000000000000000010000000001000000100010000011100000001000000000100100000000100000100000100000100000000010100000000000000010010011100000000000000000000000000000000000
0010000000000000000000000000100010000000000000000000001000000000010000000000000010000110000000001000000010010000000000000000000101000000100000100000000100101000100000000010000000000000000000000000000000001000000000000000000000100000000100000000000000000000
0000000000000000000000000000000100000000000010100000000000100000001000000000110000000010000000110000000000000000000010110010100000000111010000001001000000000100000010000010010000000000010000000000100100000000000000000000000000000000000000100000100001000000
0000000000000000000000000000001000010100001100000001001001000000000100000000000000010000000001000000000100000101000000000001100100000000000000001100100000001000000000010001100000000000000000000000000000000000000000000000000000000000000000000000000000000000
0000000100000000000000000000000000001100000000000011000000000000000000000000000000001000000010001000000001001000110000011000010000010000000000100000100001000000000001010000001011000000010000000000000000000000000000000000000000000000000000000000000000000000
0000000000000000000001000000001000000010000000001000000001000110000011000000000000000000000010100000000000000000010000001000000001000000000000000110000000110000000000000000000000000000000000001000000000000000000000000000000000000010000000000000000000000000
0001001000000000000010000010100000000000010000000000100000000000010000000000000000000000000000001000000001000001000001000000000001000000000100000000010000001000110000000000010000000000000000000000000000000000000000000000000000000000000000000000000000000000
0000000000000000100000001000000010000001000000110101000000000000000001010100000000000000000000000000100100000000000000000010000100001011000000000100000000000000000000000000000000000000000000000000000000000000000000000000000000000000001000000000010000000000
0100000000000010000100000000100000000000001000000000001000000100000100000000100000010000000000000000001010000010000101001000000100000110000010000000000000100010001000000000000000000000000000000000000000000000000000000000000000000000100000000000000000000000
0010110000000000000110001000000010000000000000001100000000010100000001000000010000000000000000000000000000000001000110001010010100010000000100000001010001010100001000100000000000000100000000000000000000000000000000010000000000000000000000000101000000000000
0000000000000000000001000100000000000000000000001011000000000000101001000000000000000010000100000110000001010000100000000010000000100010100000000100001000000001000001000000001000000000000000100000000000000000100000000000000000000000000000000000001000000000
1000000000000000000000100000000000000000000000110010000000100010000010010001010000000000000000000000001000000000000000001000000000101000000100000000010000001000001000000101000000100000000000000000000000000000000000000000000000000000000100100000000000000000
0000000000100000000000000000001000010010010000010110000000100000000000000000010000000000100010000001000000001000000100000000010000000000010000000000000000001001010000110100001000000000001000000000000000000000001000000000000000000000000010000000000000000000
0000000000000000000000000000000000000000100000010000000000000001001100000001001010000000100010000000000000010000100000000000010000000000000000000000001000000000000001000000000000000000000001101010000000000000000000000000000000000000000000000000001000000000
0000010000000000011000000010000000000000010000000110010100000000010100000000000000000000001000000000000000110000000000010000000000000000000000000001001000101110000001000000000000000110000100000000001000100000000000000000000001000000001000000000000000000000
0000000000000000010000000000000000000010010100000000000000000100000101000000101000000000001000000000000010000000000000000010000000000000010000001010101000001010100001000000000000000000000000000000000000000000000000000000000000000000000000000000000000000000
0000000000001000000000100000000000000000000000000100010000000000000000000000000000100000100000000100000000000000000000000010010110000000000001010000000000000000000000000000000000000000000000000000000010000000000000000000000000000000100000000100000000100010
0001000000000010000000000001000000001000000001000000000100000000000000000000000010000000000100000001000110000000000000000100100000000000000001000010001100000001000010000000101001000000000000001000000000000001000000000000000000010000000000000000000000000000
0000000000000000000000000000000100001000000000010001000000000010010000000110000000000000010000000000000000000100000000001000000000000000000000000000000000000000000000000000000000100000000000000000000000000000000000000100000000000000000000000000000000010000
1000000000000000000000100000000000000000000000001000000000000000000100000011000001100001000000000000000010000100000000001000100010000110000000000000000010000010010000000000000000000000000000000000000001000000000000000000000000000010000000000000000000000000
0000000000000000000000000000000000000000000000000000100000000000000000000000000000000011010100001011010000100000100000000000000000000100001001010000000000000000000000000000000000000000000000000000010001000001000000000000000000000000000000000000000000000000
0011000100010000001000000000000000000000000001100001000000000000000000000000010001000000000000000000000100000010100000101000001000000000000000000000001000000000000000000001000000000010000000000000000000000010000000000000000000000000001000000010000000000001
0000000000000000000000101010000000001000000000000000000000000001001000000000000000000110000000000000100000000110000000001000100000000000000000000000000000100000000010000000000000000000000001000000010000000001000000000000010000000000100100000000000000000001
0000000000000000000001000000000010000000000000000000000000100000000000000000000001000001000000001000000001000100000000100010000100110001000000100000000000000000000010000001000000010010000100000000000000000000000000000000000000000100000000000000000000000000
0000000000001000000010000000100000000000000000000000100000000100000000000000000000100000000000000000000000000000000010100000000000101000010000100000000000100010000000000010000000001000000010000010010100000000000000000000000000000000000000000000000100000000
0000000000000001000000000000000000000000000010000000001000011000000000000010000000000000010000000000000100001000000011000000000010001000000000001001000000000000000000000000000000000000100000000000000000000000000000000000000000001000000000001000000000000000
0000000000001000000000001000000000000000000000000000000000000000010000000000000000000000100100000000000000000000010100001000001100000000000000000000100000000000000000001000000001100010000000000000000000000000000000000000000000000000000000000000000000000000
0000010000000000000000000001100000000000000010000010000010000000000000000000000000000000000000000000000100000000000000000000000000000000001000000100000000000000000000000000000000000010000000000000000100000001000000000000000000000010000000000000000000000000
0000100000000011000000000000010000001000000000010101000001000000110000000000000001000000000000100010000100000000011010000000001000000100000000000000000000011000000100000010000010000000000000000000000000100000000000000000000001000000000000000000100000000000
1000001000000000000000000001000010000001100000000000000010000000010000000001000000000100000000010111000000000000010001000000001000000000100000001000000000100000000000000000000000001000000000000000000000000000000000000000000000000000000001000000000000000000
0000000000000000000000000001001000000000001000000110010000000000000010000000010000000001000001111000000110000000000000010010000000100000000001001000000010000010001000000000000000010000000000000000000000000000000000000010000000100000000000000101000000000000
0000000000000000000000000000000001000000000000010010000000000100000000001000000000000010000101000100000000100000010000000000010000000000000000000100000000010001000100000001000000000100000000000000000000000000000000000000000000000000000000000000000000000000
0000000000000000000000000000000000000000000000000110000000000000000100000000000000010011000000000000000000000000100000001000000000001010000000010000000000000000000100000001000000000000000000100000000000000100000000000000000000000000000000000010000000000000
0000000000000100000100000000000000000000000000000010001000000101000000000010000000000000000000010000000100000100000000000000000001000000000000000000000101010000000001000010000000000001000000000000000000000000001000000000000100000000000000000000000000000000
0000000010000100000000000000100000000100000000000000000100000100000000000010110001000000000000000000000000001000000001000101000000000000000000001010000010100000000010000000010000000000000010001000000000000000000000000000000000100000001000000000000000000000
0000000101000000000000000000000000000000000110000000000000000000110000001000001000000000001000000000000000000000000100000000001001000000000010000000000000000000000000000100000100000010010000000000000000100000100000000000000000000000000000000000000010000000
0000000000000000000000000000110000000000000101000000001000000000001000000000000000000000000000000001000000000000000100001001000000001000000000000000000000000000000000000000000000000010000000000100000000000000000000000000000000000000000000100000000000010000
0000000000000000000000000000000001000000000000000000000000010100100000011000000000000000000000000001000010010000000110100000000000000000000000000000010000000000100000000000000100100000000000000000000000100000000001000000000000000000000000000000000000000000
0000000000000000000000001000101010000000001000001000000100010000000000000010000000000000000000000000000000000000000000100000010000000000000001000000000000000000001000000000000010000000000000000000000000100000100000000000000000010000000000010000000000000000
0000000000000000010000000000000000000010000001000110000000000000000000000100001100000000000000000000011000000000000000000000000000000100000010001100000100000000000000000000000000000000000000000000000000000000000000000000000000000000000000000000000000000000
0000000000000000000001000100100000000000000000000000000000000000000001000000000000000000000000000000000101000000100000000000000000000000000000000000000000000010000000000000000000000000000000000001000000000000000000000000001000000000000000000000000000000000
0000000000000000000000000000010010000000000000100010000000000000000001000000101000000000000000101010000001100000100101000100000001000100010000000000000000000000000110000000000001100000000000000000001000000000000000000001000000000000000000000000100000000000
0100000000000000010000100001000000000000000000001000000000100000000000000000000000000000010000000000100010000000000000000000000000000100000000000010000000000000010000000000000000000100000010010000000000000000000000000000000000000000000000000000000000000000
0000000010000000000000000000000000000000000000000000001000000000000001100000000001000000000001000000100000000000000100000000000000000001000000000000000000000000000000001100000000000001000000000000000000000000000000000000000000000000000000000000010000000000
0000000000000000000001000000000000000000010000000001000000000000000000000001000000000010000000001001001000000000100000000000000000000100010010010000000000000000100000000000010000001000000000000001000000000000000000000000000000100000010000000000100000010000
0000000000000001001000000000000000000000100000000000001000000000000000000001100000000000000001000000000000000000000000001100000100000000000000000000000000100000000100100000000000100000001000000001000000000000000010000010000000000000000000010000000000000000
0010000000000000000100000000000000000000000000000000000010000000000000000000000000000000000001100000000001000000000000000000000000000000000000000000001000010000000000000000000000000000000100010000100000000000000000000000000000000001000011000000000000000000
0100000000000000001001000000000000100001000001100000010000000000000000000000000000100010000000000000000000000001000000000000000000000000000000001000100000000000000000000000000100000000000000000000000000000000000000000101000000000000000000000000000000000000
0000000101000000000010100000000000000001000100000100000000000000001000000000000000000010000000000000000011000000000000000100000000000000100010000000000000001000000100100001000000000000000000000000001000000000000000000000001000000000000000000000000000000000
0000000000000000000000000000000000000000000100000000000000000000000000000000000000000000000000000001000000000000000000000001000000000000000000000000000110000000000000000000000010000000000000000000000000000000000000000100000000000000000000000000000000000000
0000000000000000000000000000000000000100000000000000000000000100000000000000000000000000001000010000000000001000000000000000000000000000000000011010000000000000000000000000000000000000000000000000000001001000000000000000000000000000000000000000000000000000
0000000000000000000000000000001100000000010000000100000000000000001010010000000000000000000000000000000000000000000000001010000000100000010000000000000000000000000000000000000010000000000000100000000000100000010000000000000000000000000000000000000010000001
0000110000000000000000000000000000010000000000000010000000000000000000000000000000000000000000001000000000000000000000000000101000000000000000000000000000000000000000001000000000100000000000000000000000000100000000000000000000000001000000000000001000000000
0000000000000000000000000000000100000000000010000000010000000000000000000000000000000000000000000000000000000000000000000000000000000000000000000000000000000000000000000000000000000000001000000000000000000000000000000000001000000010000000000000000000000000
0000000000000000000000000000001000000100000000000000000000100000000000100000000000000000000000000010000010000000000010000000000000000000010001000000000000010000000000000000000000000000000000000001010000000000000000000000000000000000000100000000000000100000
0000000100000000000000000000000000000010000000000010000000000000000000000000001000001000000000000000000000000000000000000000000000000000000000000000000010000000000000000000000000000000000000000000000000000000000000000010000000000000000000001000000000000000
0000000000000000000000000000000000000000000000001000000000000000000001110000010000000000000010000000000000000000000000000000001000010010000000000000000000001000001000000001000001000000001000001000010000000000000000000000000000000000000000000000000010000000
0000000000000000000000000000000001010000000010000000000000000000000000000000000000000000000000000010001000000000010010100000000000000000000000000000001000000001000000000000000100000000000000000000000000000000100000000000000000000000000000000000000000000010
0000000000000000000000000000000000000000100000000100000000000000000000000000000000001000000000000000001000000000010000000000000000000000000000000000000000000001000000000000000000000000000001100000000000000000000000000000000010000000000000000000000000000000
0000000100000000000000000001000000000000000000000000000000010000000000000000000000000000000001000000000000000000010001000000100001000000000000000000010000000000010000000000000000000000010000000000000000000000000000000000000000000000000000000000100000001000
0000000010000000100000000000000000000000001000000000000000000000000000000000000000000000000000000000000000000000000000000000000010000000000000000000000010001000000000000000000010000000000000000001000010000000000000000000000001001000000000010000000000000000
0000000000000000000000000000000000000000000000000000000000000000000001000000000000000001000000000001000000010000000000000000000000000000000000000000000000001000001000000000100000001000000000000000000000000000000000000100000001000000000000000000000000000000
0000000000000000010001000000000000000000100010000000000000000000000000000000000000000000000000000000000000000100000100000000000000000000001000000000000000000000010000000000000000000000000000000000000000000000000000000000000000000000000000001000000000000000
0000000000000000000000000000000000000000000010000000000000000000000000000000000001000000000000000000000000010000001000000000000000000000000000000000000000000000000000000001000000000000000000000000000000000000000000000000000000000000000000000000000000000000
0000000000000000000000000000000000000000000000100000000000000000000001000010000000000100000000100010000000000000000000000000000000000000000000000000000000000000000001000000100000000000000000000000000000000000000000000000000000000000000000000000000000000000
0000000000000000000000000000000000000000000000000000000000001001000010000000000000000000000000000000000010000000000000010000000000000000000000000000000001000000000010000100000000000000000100000000000000001000000000000000000000000000100000000000000000000000
0000000010000000000000000000000110000000110001100000000000000000000000100000000000100000001000100000000000000000001000000000000000001100000000000000000000010000000100000000000000000100000100000000000110000000000000000000000000000001000001000010000000000000
0000000100000000001000000000000000000000000010000000000001000010000000000010000000000000000000000000000000001000000000000000000000000000000000000000000000000000000000000000000000100000000000100000000000000000000000000000001000000000000000000000000000000000
0000000000000000000000100000000000000101000000000000000001000001010000000000000000000000000000000010000001000000010000000000000000000000000000000000000000000000000100000000001000000000000000000000000000000000000000000000000000000000000000000000000000000000
0000000000000000000001000000010000000000000000000000000000000000000000000000000000000000000000000100000000000000000000000000000000000100000000010010000000000000011000000000000000000000000000000000000000000000000000000000000000000000000000000000000000000000
0000000000000000000100010000000000100000000000000000000000000000000000000000000000010000000011000000000000000000001000000000001010000000001000001000000000000000000000000000001000000010010000000000000100010000000000000100000000000000000000000000000000000000
0000001000000000000000000000000000000000000000000000000000000000000000000000000000000000000000000000000000000001000000000000000000000000100001010010000000000000000000000000000000010000000000010000000000000000000000001000000000000100000000000000010000000000
0000001000100000000000000000000000000000000000000000000000000000000000000000000000000000000100000000000000000000000000000010000000000000000000100000000000000000001000000000001000000000000000000000100000000000001000010000000000000000000000000000000000000000
0000000000000000000000000000000001000000000000000000000000000000000000000000000000001000000000000011000000000000000000000000000000000000000000000000000000000000000000000100000000000000000000000000000000000000000000000000000000000000000000000010000000000000
0000000000000000010000000000000000000000000000000000000000000000000000000000000000000000000000000000000100000010000000000000000000100000000000000001000000000000000000100000000010001100000000000000101000000000000000000000000000000000000000000000000000000000
0000000000000000100000000000000000000000001000000000000000000000000000000000000100100011000001000000000000000011000000001000000000000000000000000000000000100000000000000000000000000000000000000000000000000000000000000000000000000000000000000000000000000000
0000000000000000000100000000000000000000000000000000000001000000000010000000000001000000000000000000000000000000000000000000000000000000000000000000000000010000000000000010000000000000000000000000000000000000100000000000000000010000000000000000000000000000
0000000000000000000000000000001000000000000000010000000000000000000000000000000000000000000100000000000000000000000000001000000001000000000000000000000000000000000000000000000100100000000000000000100000000000000000000000001000000000000000000000000000000000
0000000000000000000001000000000000000000100000000000000000000000000001000000000000000000000000000000000000100001000000000000100010000000000010100000000000000000000000000000000000000000000000000010000000000000000000000000000000000000000000000000000000000000
0010000000000000000000000000000000000100000000000000000000000000000000000000000000000100000000000000100000000000000000000000000000000000000010000100000000000000001010000000000000000000000000000000000000000000000000000000000000000000000000000000000000000000
0000000000000000000000000100000000000000000000000000000010000000000000000000010010000000000000000000000100010000000000000100000001000000000000000000000000000000000011000000000000000000000000001000000000010000000000000000000000000000000000000000000000000000
0000001000000000000000000000000000000000000000000000000000100000000001000000000000000000000000100000000000000000000010000100000000000000000000000000000100000000000000000000000000000000000010000010000000000000000000000000000000000000000010000000001000000000
0000000000000000000000000000000000000000000000000000000000000000000000010000000000000000000000100000000000000000000000100000000000000000000010000001000000000000000000000000000100000000000000001000000000000000000000000000000000000000000000000000000000000000
0000000000000000000000000000000000000000000000000010000000000100000000000000000000000000000000000000000000001000000000000010000100000000001000000000000000000000000000000000000000000000000000000000000000000000000000000000000000100000000000000100000000000000
0000000000000000000000000000000000000000000000000000000000000000000000000000000000000000000100000000000000000000000000000000000000000000000000000000000001100000000000000000000000000000000000000000000000000000000100000000000000000000000000000000000000000000
0010000000000000000000000100000010000000010000000000000001001000000000000000000001000000000000000000000000000000000000000000000000000000000000010000000000000010000000000000000000000000000000000000000000000000000000000000000000100000000000000000000000000000
0000000000000101010000000000000000000000000000000000000000000000000000000000000000000000000000000000010000000001000000000000000000001000000001000000000000000000000000000000000000001000010000000000000000000000000000000000000000000000000000000000000000000000
0000000000000010000000000000000000000000000000000000000000000000000000000000000000000000000000000000000010000000100000000000100000010000001000000000000000000000010000000000000000000000000000000000010000000000000000000000000000001000000000000000000000000000
0000000001000000000000000000000000000000000000000000000000000000000000000000000000000000000000001000000100000000000000000000000000000000000000000000000000000000000000000000000000000001000000000000000000000000000000000000000000000010000000000000000000000000
0000000000000000000000000000000000000010000000000000000000000000000000000000000000000000000000000000100000000000000100000000000000000000000000000000000000000000000000000000000000000000000000000000000000000000000000000000000000000000000000000010000000000000
0000000000000000000000000000000000000000000000000001000000000000000000000000000000001000000010000000000000000000000000000001000000000000000000000000010100000000000000001000000000000000000000000000000000000000000000000000000000000000000000000000100000000000
0000000000000000000000000000000000000000000010000000000000000000000000010000000000000000000000000000000100000000000000000000000000000000000000000000000000000000000000000000000001000000000000000001000000000000000000000000000001000000000000000000000000000000
0000000000000000000000000000000000000000000000000000000000000000000000000000000000000000000000000000000000000000000000010000000000000000110000000000000000000000000000100000000000000000000000000000000000000000100000000000000000000000000000000000010000000000
0000000000000000000000000000000000000000000000000000000000000000010000000000000000000000000100000000000000000001000000000000001001001000000000000000000000000000000000000000000000010000000000000000000000000100000000000001000000000000000000000000000000000001
0000000000000000000000000100000100000000000000000000000000000000000000000001100001000000000000000000000000000000000000000000000000000000000000000000000000000100000000000000000000000000000000000000000000000000000000000000000000000000000100000000000000000000
0000000000000000000000010000100000000000000000000000000000000000000000000000000000000000000000000000000000000000000000000001000000000000000000000000000000000000000000000000000000000000000000000000000000000000000000000000000000000000000000000000000000000000
0000000000000000000100000000000000000000000000000010000000000001000000000000000000000000000000000000000000000000000000100000000000000000000000000000001000000000000000000000000000000000000000000000000000000000000000000000000000000000000000000000000001000000
0000000000000000000000000100000000000000000000000000000000000000000000000000000000000000000000000000000000000000000000000000000000000000000000000000000000000000000000000000000000000000000000000000000000000000000000000000000000000000000000000000000000000000
0000000000000000000000000000000000000000000000100000000000000001000000010000010000000010000100000000000000000000000010000000000000010000000000000000100000000000000000000000000000000000000000000000000000000000000000000000000000010000000000000000000000000000
0000000000000000000000000000000000000000000000000000000000000000000000000000000000000000000000000000000000000000000000001011000000000000000000000010000010000000000000100000000000000000000000000000100000000000000000000000000000000000000000000000000000000001
0000000000000000000000000000000000000001001000000000000000000000000000000000001000000000000000000000000000000100000000000000000000001000000000000000000000000000000000000000000000000000000000000000000000000000000000000000000000000000000000000000000000000000
0000000000000000000000001000000000000000000000000000000000000000000000000000000000000000000000001000000000000000000000000000000000000000000000000000000000000000000000000000000000000000000000000000000000000000000000000000000000000000000000000000000000000000
0000000000000000000000100000000000000000000000000000000000000000000000000000000000000000000000000000000000000000010000000000000000000000000000000000000000000000000110000000000000000000000000000010000000000000001000000000000100000000000000000000000000000000
0000000000000000000000000000000000000000010000000000000000000000000000000000000000000000000000000000000000000000000000000010001000000010000000000000000000000000000000000000000000000000000000000000000000000000000000000000000000000000000000000000000001000000
0001000100000000000000000000000000000000000000000001000000000000000000000000000000000000000000000000000000000000000010000000000000000000000000000000010000000000000000000000000000000010000000000000000000000000000000000000000000000000000000000000000000000000
0000000000000000000000000000000000000000100000000000001000000000000010000000000000000000000000000000000000000000000000000000000000000100000000000000000000000001000000000000000000000000000000000000000000000001000000000000000000000000000000000100000000000000
0000000000000001000000000000000000000000000000000000000000000000000000000000100000000000010000000000000000000000000000000000000000010000000000000000000000000000000000000000000000000000000000000000000000000000000000000000000000000000000000000000000000000000
0000000000000001000000000000000000000000000000000000000000000000000000000000000001000000000000000000000100000000000000000000000000000000000000000000000000000000000000000000000000000000000000000000000000000000000000000000000000000000000000000000000000000000
0000000000000001000000000000100000000000000000000000000000000000000000000000000000000000000000000000000000000000000000000000000010000010000000000000000000000000000000000000000000000000000000000000000001000000000000000000000000000000000000000000000000000000
0001000000000000000000000000000000000000000000000000000000000000000000000000000000000000000000000000000000000000000000000000000000000000001000000000000000000000000000000000000000000000000000000000000000000000000000000000000000000000000000000000010000000000
0000000000000000000000000000000000000000000000000000000000000000000000000000010000010000000000000001000000000000000000000000000000000001000000000000000000000000000000010000000000000000000000000100000000000000000000000000000000000000000000000000000000000000
0000000000000000000000000000000000000000000000000000000000000000000000000000000000000000000000000000010000000000000000000000000000000000000000000000000100000000000000000000000000000000000000000000000000000000000000000000000000000000000000100000000000010000
0000000000000000000000000000000000000000000000000000000000000000000000000000000000000000000000000000000000000000000000000000000010000000000000000000000000000000000000000000000000000000000000000001000000000000000000000000000100000000000000000000000000000000
0000000000000000000100010000000000000000000000000000000000000000000000000000000001000000000000000000000000000000000000000000000000000000000000000000000000000000000000000000000000000000000000000000000010000000000000000000000000000000000000000000100000000000
0000000010000000000000000000000000000000000000000000000000000000000000010000000000000000000000000000000000000000000000000010000000000000000000000000000000000000000000000000000000000000000000000000000000000000000000000000000000000000000000000000000000000000
0000000000000000000000000000000000000000000000000000000000000000000000000000000000000000000000000000000000001010000000000000000000100000000000000000000010000000000000000000000000000000000000000000000000000000000000000000000000000000000000000000000000000100
0000000000000000000000000000000000000000000000000000000000000000000000000001010000000000000000000000000000000000000000000000000000000000000000000000000000000000000000000000000000000000000000000000000000000000000000000000000000000000000000000000000000000000
0000000000000000000000000000000000000000000000000000000001000000000000000000000000000000000000000000000010000000000000000000000000000000000000000000000000000000000000000000010000000000000000000000000000000000000000000000000000000000000000000000000000000000
0000010000000010000000000000000000000000000000000000000000000000000000000000000000000000000000000000000000000000000000000000000000000000000000000000000000000000010001000000000000000000000000000000000000000000000000000000000000000000000000000000000000000000
0000000000000000000000000000000000000000000000000000000000000000000000000000000000000000000001000000000000000000000000000000000000000000000000000000000010000000000000000000000000000000000000000000000000000000000000000000000000000000000000000000000000000000
0000000000000000000000000000000000000000000000000000000000000000000000000000000000000000000000000000000000000000000000000000000000000000000000000000000000000000000000000000000000000000010000000000000000000000000000000000000000000000010000000000100000000000
0000000000000000000000000000000000000000000000000000000000000000000000000000000000000000000000000010000000000000000000000000000000000000000000000000000000000000000000000000000000000000000000000000000000000000000000000000000000000000000000000000000000000000
0000000000000000000000000000000000000000000000000000000000000000000000000000000000000000000000000000000000000000000000000000000000000000000000000000000000000000000000000000000000000000000000100000000000000000000000000000000000000000000000000000000000000000
0000000000000000000000000000000000000000000000000000000000000000000000000000000000000100000000000000010000000000000000000000000000000000000000000000000000000000000000000000000000000000000000000000000000000000000000000000000100000000000000000010000000000000
0000000000000000000000000000000000000000000000000000000000000000000000000000000000000000000000000000010000000000000000000000000000000000000000000000000000000000000000000000000000000000000000000100000000000000000000000000000000000000000000100000000000000000
0000000000000000000000000000000000000000000000000000000000000000000000000000000000000000000000000000000000000000000000000000000000000000000000000000000000000000000000000000000000000000000000000000000000000000000000000000000000000000000000000000000000000000
0000000000000000000000000000000000000000000000000000000000000000000000000000000001000000010000000000100000000000000000000000000000001000000000000000000000000000000000000000000000000000000000000000000000000000000000000000100000000000000000000000000000000000
0000000000000000000000000000000000000000000000000000000000000000000000000000000000000000000000000000000000000000000000000000000000000000000000000000000000000000000000000000000000000000000000000000000000000000000000000000000000000000000000000000000000000000
0000000000000000000000000000000000000000010100000000000000000000000000000000000000000000000000001000000000000000000000000000000000000000000000000100000000000000000000000100000000000000000000000000000010000000000000000000000000000000000000000000000000000000
0000000000000000000000000000000000000000000000000000000000000000000000000000000000000000000000010000000000000000000000000000000000000000000000000000000000000000000000000000000000000000000000000000000100000000000000000000100000000000000000000000000000000100
